mer,mature,hairpin
AAAAAAAAAAAAA,0,71
AAAAAAAAAAAAC,0,6
AAAAAAAAAAAAG,0,11
AAAAAAAAAAACA,0,3
AAAAAAAAAAACC,0,3
AAAAAAAAAAACG,0,1
AAAAAAAAAAAGA,0,6
AAAAAAAAAAAGC,0,2
AAAAAAAAAAAGG,0,2
AAAAAAAAAACAA,0,1
AAAAAAAAAACAC,0,1
AAAAAAAAAACAG,0,1
AAAAAAAAAACCA,0,3
AAAAAAAAAACCC,0,2
AAAAAAAAAACGA,0,1
AAAAAAAAAAGAA,0,5
AAAAAAAAAAGAG,0,3
AAAAAAAAAAGCA,0,1
AAAAAAAAAAGCC,4,6
AAAAAAAAAAGGA,1,2
AAAAAAAAAAGGC,0,1
AAAAAAAAACAAC,0,1
AAAAAAAAACAAG,0,1
AAAAAAAAACACA,0,2
AAAAAAAAACAGG,0,4
AAAAAAAAACCAG,0,2
AAAAAAAAACCCA,0,1
AAAAAAAAACCCC,0,2
AAAAAAAAACGAG,0,1
AAAAAAAAAGAAA,0,6
AAAAAAAAAGAAG,0,3
AAAAAAAAAGACA,0,1
AAAAAAAAAGAGA,0,3
AAAAAAAAAGCCC,4,6
AAAAAAAAAGGAA,0,2
AAAAAAAAAGGAG,0,1
AAAAAAAAAGGCC,1,2
AAAAAAAACAAAA,0,2
AAAAAAAACAAAG,0,1
AAAAAAAACAACA,0,2
AAAAAAAACAACC,0,1
AAAAAAAACAACG,0,1
AAAAAAAACACAA,0,1
AAAAAAAACAGGA,0,1
AAAAAAAACCACC,0,1
AAAAAAAACCAGA,0,3
AAAAAAAACCCCA,0,1
AAAAAAAACCCCC,0,1
AAAAAAAACGAGG,0,1
AAAAAAAAGAAAA,0,6
AAAAAAAAGAAAC,0,1
AAAAAAAAGAAAG,0,3
AAAAAAAAGAAGA,0,4
AAAAAAAAGAAGG,0,4
AAAAAAAAGACAC,0,2
AAAAAAAAGAGAA,0,2
AAAAAAAAGAGAC,0,1
AAAAAAAAGAGAG,0,1
AAAAAAAAGCCCA,4,6
AAAAAAAAGGAAA,0,2
AAAAAAAAGGAAG,0,1
AAAAAAAAGGACA,0,1
AAAAAAAAGGAGA,0,3
AAAAAAAAGGAGG,0,1
AAAAAAAAGGCCA,1,1
AAAAAAAAGGCCC,0,1
AAAAAAAAGGGAA,0,1
AAAAAAACAAAAC,0,1
AAAAAAACAAACA,0,2
AAAAAAACAAAGA,0,1
AAAAAAACAACCA,0,1
AAAAAAACAAGAA,0,2
AAAAAAACACAAA,0,1
AAAAAAACAGGAA,0,1
AAAAAAACCACCA,0,1
AAAAAAACCACCG,0,1
AAAAAAACCAGAC,0,1
AAAAAAACCCCCA,0,1
AAAAAAACCCGAC,0,1
AAAAAAACCGCCA,0,1
AAAAAAACGACAC,0,1
AAAAAAACGAGGC,0,1
AAAAAAACGGAAA,0,1
AAAAAAAGAAAAA,0,9
AAAAAAAGAAAAC,0,2
AAAAAAAGAAACA,0,1
AAAAAAAGAAAGA,1,3
AAAAAAAGAAAGG,0,1
AAAAAAAGAACGA,0,1
AAAAAAAGAAGAA,0,2
AAAAAAAGAAGAC,0,1
AAAAAAAGAAGGA,0,1
AAAAAAAGAAGGC,0,4
AAAAAAAGACACC,0,2
AAAAAAAGAGAAG,0,2
AAAAAAAGAGACG,0,1
AAAAAAAGAGAGA,0,1
AAAAAAAGAGCAC,0,1
AAAAAAAGCAAAA,0,3
AAAAAAAGCCAAA,0,1
AAAAAAAGCCCAA,4,6
AAAAAAAGGAAAA,0,1
AAAAAAAGGAAGA,0,1
AAAAAAAGGACAG,0,1
AAAAAAAGGAGAA,0,2
AAAAAAAGGAGGG,0,1
AAAAAAAGGCCAA,1,1
AAAAAAAGGCCCC,0,1
AAAAAAAGGCGAA,0,1
AAAAAAAGGGAAA,0,1
AAAAAAAGGGGGC,0,1
AAAAAACAAAAAA,0,1
AAAAAACAAACAA,0,1
AAAAAACAAACAC,0,2
AAAAAACAAACAG,0,1
AAAAAACAAAGAA,0,1
AAAAAACAAAGGG,1,1
AAAAAACAACAGG,0,1
AAAAAACAACCAA,0,1
AAAAAACAACCAC,0,1
AAAAAACAAGAAC,0,1
AAAAAACAAGAAG,0,1
AAAAAACAAGGAG,0,1
AAAAAACAAGGGG,0,1
AAAAAACACAAAA,0,1
AAAAAACACAGAA,0,1
AAAAAACACCCAA,0,1
AAAAAACAGAAAG,0,1
AAAAAACAGACAC,0,2
AAAAAACAGAGAG,0,1
AAAAAACAGGAAC,0,1
AAAAAACAGGAGA,0,1
AAAAAACCAAAAG,0,1
AAAAAACCAACCC,0,1
AAAAAACCACCAA,0,2
AAAAAACCACCGA,0,13
AAAAAACCCAGAA,0,1
AAAAAACCCAGAG,0,1
AAAAAACCCCAAA,0,2
AAAAAACCCCCAG,0,1
AAAAAACCCGAAC,0,2
AAAAAACCCGACA,0,1
AAAAAACCGAGAA,0,1
AAAAAACCGCCAA,0,1
AAAAAACCGGCAC,0,1
AAAAAACGACACC,0,1
AAAAAACGAGACA,0,2
AAAAAACGGAAGA,0,1
AAAAAAGAAAAAA,0,9
AAAAAAGAAAAAC,0,1
AAAAAAGAAAAAG,0,3
AAAAAAGAAAACC,0,1
AAAAAAGAAAACG,0,1
AAAAAAGAAAAGA,0,2
AAAAAAGAAAAGG,0,2
AAAAAAGAAACAC,0,1
AAAAAAGAAAGAA,1,3
AAAAAAGAAAGCA,0,1
AAAAAAGAAAGGC,0,1
AAAAAAGAAGAAA,0,2
AAAAAAGAAGACC,0,1
AAAAAAGAAGGAA,0,2
AAAAAAGAAGGCG,0,4
AAAAAAGACAAAA,0,1
AAAAAAGACAACC,0,1
AAAAAAGAGAAGA,0,1
AAAAAAGAGAAGG,0,4
AAAAAAGAGACAC,0,4
AAAAAAGAGACGA,0,1
AAAAAAGAGACGC,0,1
AAAAAAGAGAGAA,0,1
AAAAAAGAGCACA,0,1
AAAAAAGAGGAAA,0,1
AAAAAAGAGGACA,0,1
AAAAAAGAGGAGG,0,1
AAAAAAGCAAAAA,0,3
AAAAAAGCCAAAA,0,1
AAAAAAGCCACCA,0,1
AAAAAAGCCCAAC,4,6
AAAAAAGCCCCAG,0,1
AAAAAAGCCCCCA,0,1
AAAAAAGCGGACG,0,1
AAAAAAGGAAAAC,0,1
AAAAAAGGAAGAC,0,1
AAAAAAGGACAGA,0,1
AAAAAAGGAGAAA,0,2
AAAAAAGGAGGGG,0,1
AAAAAAGGCAGAA,0,1
AAAAAAGGCCAAC,1,1
AAAAAAGGCCCCA,0,1
AAAAAAGGCGAAC,0,1
AAAAAAGGGAAAG,0,1
AAAAAAGGGGGCA,0,1
AAAAACAAAAAAA,0,6
AAAAACAAAAACA,0,1
AAAAACAAAACAA,0,1
AAAAACAAAACAC,0,1
AAAAACAAAACCA,0,1
AAAAACAAAAGGG,0,1
AAAAACAAACAAA,0,3
AAAAACAAACACC,0,2
AAAAACAAACAGG,0,1
AAAAACAAACCCA,0,1
AAAAACAAAGCGA,0,1
AAAAACAAAGGAA,0,2
AAAAACAAAGGCC,0,1
AAAAACAAAGGGC,1,1
AAAAACAAAGGGG,0,1
AAAAACAACAAAA,0,1
AAAAACAACAGGA,0,1
AAAAACAACCAAG,0,1
AAAAACAACCACA,0,1
AAAAACAACGGAC,1,1
AAAAACAAGAAAG,0,1
AAAAACAAGAACG,0,1
AAAAACAAGAAGA,0,1
AAAAACAAGCAAA,0,1
AAAAACAAGGAGA,0,3
AAAAACAAGGCAG,0,4
AAAAACACAAAAC,0,1
AAAAACACAACAC,0,1
AAAAACACACACA,0,1
AAAAACACAGAAC,0,1
AAAAACACCAGAC,0,1
AAAAACACCCAAG,0,1
AAAAACACCCGGA,0,1
AAAAACACCGAGC,0,1
AAAAACACGAACA,0,1
AAAAACACGAACC,0,1
AAAAACAGAAAAA,0,1
AAAAACAGACACA,0,2
AAAAACAGAGAAC,0,2
AAAAACAGAGAAG,0,5
AAAAACAGAGAGA,0,1
AAAAACAGCAAAG,0,1
AAAAACAGGAACA,0,1
AAAAACCAAAAAA,0,1
AAAAACCAAAAGA,0,1
AAAAACCAAACGA,0,1
AAAAACCAACAAC,0,3
AAAAACCAACCCA,0,1
AAAAACCACAAGG,0,1
AAAAACCACAGGC,0,1
AAAAACCACCAAC,0,2
AAAAACCACCGAC,0,13
AAAAACCACCGGC,0,1
AAAAACCAGAACA,0,1
AAAAACCAGAACG,1,3
AAAAACCAGAGAA,0,1
AAAAACCAGAGAG,0,1
AAAAACCAGGCAG,0,1
AAAAACCCAAACA,0,4
AAAAACCCAAACG,0,1
AAAAACCCAAAGG,0,1
AAAAACCCAAGGC,0,1
AAAAACCCAGACA,0,2
AAAAACCCAGAGA,0,1
AAAAACCCAGAGG,0,1
AAAAACCCCAAAG,0,2
AAAAACCCGAACA,0,1
AAAAACCCGAACG,1,4
AAAAACCCGAAGG,0,2
AAAAACCCGACAC,0,1
AAAAACCGAGACC,0,1
AAAAACCGCAAGG,0,1
AAAAACCGCCAAC,0,1
AAAAACCGGAACG,0,1
AAAAACCGGCACC,0,2
AAAAACGAAAAAG,0,1
AAAAACGAAAGAG,0,1
AAAAACGAACCAA,0,1
AAAAACGACACCA,0,1
AAAAACGAGAGGG,0,1
AAAAACGCAAAAG,0,1
AAAAACGCACCCC,0,1
AAAAACGCAGAGC,0,1
AAAAACGCCAAAC,1,1
AAAAACGCCCACA,0,1
AAAAACGGAAGAA,0,1
AAAAACGGCCCAC,0,1
AAAAACGGCGACA,0,1
AAAAAGAAAAAAA,0,11
AAAAAGAAAAAAC,0,2
AAAAAGAAAAAAG,0,2
AAAAAGAAAAACA,0,1
AAAAAGAAAAACC,0,1
AAAAAGAAAAAGA,0,3
AAAAAGAAAACAA,0,1
AAAAAGAAAACCG,0,2
AAAAAGAAAAGAA,0,4
AAAAAGAAAAGGA,0,1
AAAAAGAAAAGGC,0,2
AAAAAGAAACAAG,0,1
AAAAAGAAACACA,0,1
AAAAAGAAAGAAA,1,2
AAAAAGAAAGAAC,0,1
AAAAAGAAAGACC,0,1
AAAAAGAAAGAGA,0,1
AAAAAGAAAGCAC,0,1
AAAAAGAAAGCGA,0,1
AAAAAGAAAGCGC,0,1
AAAAAGAAAGGCC,0,1
AAAAAGAACAAAC,0,1
AAAAAGAACAAAG,0,1
AAAAAGAAGAAAA,0,4
AAAAAGAAGAAGC,0,1
AAAAAGAAGAGAA,0,1
AAAAAGAAGAGGG,0,4
AAAAAGAAGGAAA,0,1
AAAAAGAAGGAAG,0,2
AAAAAGAAGGCGC,0,4
AAAAAGAAGGGAA,0,8
AAAAAGACAACAA,0,1
AAAAAGACCACCG,0,2
AAAAAGACGACAA,0,1
AAAAAGACGCAGA,0,1
AAAAAGAGAAAAA,0,1
AAAAAGAGAAGAA,0,2
AAAAAGAGAAGGC,0,3
AAAAAGAGAAGGG,0,1
AAAAAGAGACGAA,0,1
AAAAAGAGACGCA,0,1
AAAAAGAGAGAAG,0,2
AAAAAGAGAGACC,0,1
AAAAAGAGCAAAA,0,1
AAAAAGAGCGCAA,0,1
AAAAAGAGGAAGA,0,1
AAAAAGAGGAGAA,1,1
AAAAAGAGGAGGA,0,1
AAAAAGAGGGAAA,0,1
AAAAAGAGGGAGA,0,1
AAAAAGAGGGCGA,0,1
AAAAAGAGGGGAA,0,1
AAAAAGCAAAAAA,0,3
AAAAAGCAAAAAG,1,2
AAAAAGCAAAACA,0,1
AAAAAGCAAACAC,0,1
AAAAAGCAAAGAA,0,2
AAAAAGCAACAAC,0,2
AAAAAGCACCAAA,0,1
AAAAAGCAGAAAG,0,1
AAAAAGCAGAGCA,0,1
AAAAAGCAGGCAG,1,2
AAAAAGCCAAAAA,0,1
AAAAAGCCCAACC,4,6
AAAAAGCCCCAGC,0,1
AAAAAGCCCCCAA,0,1
AAAAAGCGGACGC,0,1
AAAAAGGAAAAAA,0,1
AAAAAGGAAAAAC,0,1
AAAAAGGAAAACA,0,1
AAAAAGGAAACAC,0,1
AAAAAGGAACCAA,2,3
AAAAAGGAACCAG,2,7
AAAAAGGAAGACG,0,1
AAAAAGGAAGAGG,0,4
AAAAAGGACAAGA,0,1
AAAAAGGACAGGG,0,1
AAAAAGGACCAAA,0,1
AAAAAGGACCAGA,0,1
AAAAAGGACCGGA,0,2
AAAAAGGAGAAAA,0,2
AAAAAGGAGACGA,0,1
AAAAAGGAGGCAA,0,1
AAAAAGGAGGGGG,0,1
AAAAAGGCAAACC,0,1
AAAAAGGCAAAGG,0,2
AAAAAGGCAACAG,1,1
AAAAAGGCAAGGG,0,1
AAAAAGGCAGAAA,0,1
AAAAAGGCCAACC,1,1
AAAAAGGCCCCAG,0,1
AAAAAGGCGAACG,0,1
AAAAAGGCGGGAG,2,3
AAAAAGGGAAAGA,0,1
AAAAAGGGCAAAG,0,1
AAAAAGGGCCGGC,0,1
AAAAAGGGGCAGC,0,1
AAAAAGGGGGCAA,0,1
AAAACAAAAAAAA,0,5
AAAACAAAAAAAC,0,2
AAAACAAAAACAA,0,2
AAAACAAAACAAC,0,1
AAAACAAAACACA,0,3
AAAACAAAACACC,0,1
AAAACAAAACCAA,0,4
AAAACAAAACCCA,0,1
AAAACAAAAGCAC,0,3
AAAACAAAAGGGA,0,1
AAAACAAAAGGGG,0,1
AAAACAAACAAAA,0,2
AAAACAAACAAAC,0,1
AAAACAAACAAAG,0,1
AAAACAAACAACA,0,1
AAAACAAACACCA,0,2
AAAACAAACAGGA,0,1
AAAACAAACCCAA,0,1
AAAACAAACGGAC,0,1
AAAACAAACGGAG,0,1
AAAACAAAGACCA,0,1
AAAACAAAGCAAA,0,1
AAAACAAAGCCCA,0,1
AAAACAAAGCGAG,0,1
AAAACAAAGGAAG,0,2
AAAACAAAGGGCA,1,1
AAAACAAAGGGGC,0,1
AAAACAACAACCA,0,3
AAAACAACAAGAG,0,1
AAAACAACAGAAG,0,2
AAAACAACAGGAC,0,14
AAAACAACCAAGG,1,2
AAAACAACCACAC,0,2
AAAACAACGAAAA,0,1
AAAACAACGAGAA,0,1
AAAACAACGCGGG,0,1
AAAACAAGAAAAA,0,1
AAAACAAGAAAGA,0,1
AAAACAAGAACGA,0,1
AAAACAAGAAGAA,0,2
AAAACAAGACACA,0,1
AAAACAAGAGACA,0,1
AAAACAAGAGGCA,0,1
AAAACAAGCAAAG,0,1
AAAACAAGCCCGA,1,1
AAAACAAGGACAA,0,1
AAAACAAGGAGAC,0,3
AAAACAAGGCACA,0,4
AAAACAAGGCAGC,0,4
AAAACAAGGCGCG,0,1
AAAACAAGGGAAA,0,1
AAAACAAGGGAGA,1,1
AAAACACAAAAAC,0,1
AAAACACAAAACA,0,1
AAAACACAAAACC,0,1
AAAACACAACCCG,0,1
AAAACACAAGCAC,0,1
AAAACACAAGCGC,0,1
AAAACACAAGGAA,0,1
AAAACACACACAC,0,2
AAAACACACCCAC,0,1
AAAACACAGAACA,0,1
AAAACACAGACGA,0,4
AAAACACAGAGAG,0,1
AAAACACAGCACA,0,1
AAAACACAGCCCA,0,1
AAAACACAGCGAG,1,1
AAAACACAGGAAC,0,1
AAAACACAGGAGG,0,1
AAAACACCAAAAA,0,1
AAAACACCAAACA,1,1
AAAACACCAAGGA,0,1
AAAACACCCAAAA,0,1
AAAACACCCAAGA,0,1
AAAACACGAACAA,1,3
AAAACACGAACCG,0,1
AAAACACGAAGAC,0,1
AAAACACGAAGCA,0,1
AAAACACGCAACA,0,1
AAAACACGCAGGA,2,2
AAAACACGCGACG,0,1
AAAACACGGAAAC,0,1
AAAACAGACAAAC,1,1
AAAACAGACACAG,0,1
AAAACAGAGAAAG,0,1
AAAACAGAGAAGG,0,5
AAAACAGAGCACA,1,1
AAAACAGAGCCAC,0,1
AAAACAGAGGGAG,1,2
AAAACAGCAAAAC,0,1
AAAACAGCAAAGG,0,1
AAAACAGCAAGCG,0,1
AAAACAGCACGCC,0,1
AAAACAGCAGACG,0,1
AAAACAGCCACAC,0,1
AAAACAGCCAGAA,0,1
AAAACAGCGGAGG,0,1
AAAACAGGAACAA,0,1
AAAACAGGAACGA,1,1
AAAACAGGCCCAG,0,1
AAAACAGGGACCA,0,1
AAAACAGGGGACA,0,1
AAAACCAAAAAAA,0,1
AAAACCAAAAAAC,0,1
AAAACCAAAAAGA,0,1
AAAACCAAAACCA,0,1
AAAACCAAAACGA,0,1
AAAACCAAAAGAA,0,1
AAAACCAAACGAA,0,1
AAAACCAACAACA,0,3
AAAACCAACAACC,0,1
AAAACCAACACAA,0,1
AAAACCAACCCAA,0,1
AAAACCAACGGAG,0,1
AAAACCAAGACAA,0,2
AAAACCAAGGAGA,0,1
AAAACCAAGGCGA,0,1
AAAACCACAAACG,0,1
AAAACCACAGAGA,0,1
AAAACCACAGGCA,0,1
AAAACCACCAACA,0,1
AAAACCACCAACC,0,2
AAAACCACCAGGA,0,1
AAAACCACCGACC,0,13
AAAACCACCGGCA,0,1
AAAACCACGCCAG,0,1
AAAACCAGAAACA,0,2
AAAACCAGAACAA,0,1
AAAACCAGAACGA,2,3
AAAACCAGAGAAC,0,1
AAAACCAGAGAGA,0,1
AAAACCAGCAAGC,0,1
AAAACCAGCACAG,0,1
AAAACCAGCCGAG,0,1
AAAACCAGGAAGC,0,1
AAAACCAGGAGAG,0,1
AAAACCCAAAAAA,0,1
AAAACCCAAAAAC,0,1
AAAACCCAAACAA,1,7
AAAACCCAAACGA,0,1
AAAACCCAAAGGA,0,1
AAAACCCACAAAG,0,1
AAAACCCAGACAA,0,1
AAAACCCAGACAG,0,1
AAAACCCAGACCA,0,1
AAAACCCAGACGA,0,1
AAAACCCAGAGAG,0,1
AAAACCCAGAGGA,0,1
AAAACCCAGCAGA,0,1
AAAACCCCAAAAC,0,1
AAAACCCCAAACC,0,1
AAAACCCCAAAGC,0,1
AAAACCCCAAAGG,0,1
AAAACCCCAAGAA,0,1
AAAACCCCAAGCA,0,1
AAAACCCCACGCA,0,1
AAAACCCCACGCG,0,1
AAAACCCCCAACG,0,1
AAAACCCCCCAGG,0,1
AAAACCCGAACAA,0,2
AAAACCCGAACGA,1,4
AAAACCCGAAGGA,1,5
AAAACCCGACACC,0,1
AAAACCCGCAAGC,0,1
AAAACCCGGCACA,0,1
AAAACCGAAAAAA,0,1
AAAACCGAAACGA,1,1
AAAACCGAGCGCG,0,1
AAAACCGAGGAAA,0,1
AAAACCGCAAAGG,0,1
AAAACCGCACCGG,0,1
AAAACCGCCACAA,0,2
AAAACCGCCACCA,0,1
AAAACCGGAACGA,1,1
AAAACCGGCAAAA,0,1
AAAACCGGCGGCA,0,1
AAAACGAAAAAAA,0,1
AAAACGAAAAAGA,0,2
AAAACGAAACCAA,0,11
AAAACGAAACCGA,0,1
AAAACGAAACGAA,0,2
AAAACGAAACGGA,1,1
AAAACGAAAGAGG,0,1
AAAACGAACCAAA,0,1
AAAACGAAGAAAG,1,1
AAAACGAAGAGGA,0,2
AAAACGAAGCGAA,0,1
AAAACGACAAACC,0,1
AAAACGACAACAA,0,3
AAAACGACAAGGA,0,1
AAAACGACACCAA,0,1
AAAACGACGACAG,0,1
AAAACGAGAGAAA,0,1
AAAACGAGAGGGG,0,1
AAAACGAGGAGGA,0,1
AAAACGAGGGAGC,1,1
AAAACGCAAAAGG,0,1
AAAACGCACAAAA,0,1
AAAACGCAGCCAA,0,1
AAAACGCCAAACA,1,1
AAAACGCCCACAC,0,1
AAAACGCCCACAG,0,1
AAAACGGAAAAGA,0,1
AAAACGGAACCAA,1,2
AAAACGGAAGAAG,0,1
AAAACGGCACAAA,0,1
AAAACGGCGACAA,0,1
AAAACGGCGCGAC,0,1
AAAACGGGACAAA,0,1
AAAACGGGAGCAA,0,1
AAAACGGGAGGCG,0,1
AAAACGGGCAGCC,0,2
AAAACGGGCCGAA,0,1
AAAACGGGCGAAA,0,1
AAAACGGGGCCCG,0,1
AAAAGAAAAAAAA,0,6
AAAAGAAAAAAAG,0,2
AAAAGAAAAAACA,0,3
AAAAGAAAAAACG,0,1
AAAAGAAAAAAGA,0,1
AAAAGAAAAAAGC,0,1
AAAAGAAAAACAA,0,1
AAAAGAAAAACCA,0,1
AAAAGAAAAACGA,0,1
AAAAGAAAAAGAA,1,4
AAAAGAAAAAGCA,0,1
AAAAGAAAAAGGA,0,1
AAAAGAAAACAAC,0,1
AAAAGAAAACACG,0,1
AAAAGAAAACCCC,0,1
AAAAGAAAACCGG,0,2
AAAAGAAAAGAAA,0,26
AAAAGAAAAGAAC,0,9
AAAAGAAAAGAAG,0,2
AAAAGAAAAGACA,0,1
AAAAGAAAAGCAA,0,1
AAAAGAAAAGGAA,0,1
AAAAGAAAAGGAG,0,2
AAAAGAAAAGGGA,0,1
AAAAGAAACACAA,0,1
AAAAGAAACACAC,0,1
AAAAGAAACCCAA,0,1
AAAAGAAAGAAAA,0,2
AAAAGAAAGAAAG,1,2
AAAAGAAAGAACA,0,1
AAAAGAAAGACCG,0,1
AAAAGAAAGAGAA,0,1
AAAAGAAAGGAGA,0,1
AAAAGAAAGGCCA,0,1
AAAAGAACAAACA,0,1
AAAAGAACAAAGA,0,1
AAAAGAACAAAGG,0,1
AAAAGAACAAGGA,0,1
AAAAGAACACAAA,0,1
AAAAGAACAGAAG,0,2
AAAAGAACAGACG,0,1
AAAAGAACGAAGC,0,1
AAAAGAAGAAAAA,0,3
AAAAGAAGAAAAG,0,2
AAAAGAAGAAAGC,0,1
AAAAGAAGAACAG,0,1
AAAAGAAGAACCC,0,1
AAAAGAAGAACGA,0,1
AAAAGAAGAAGAA,0,3
AAAAGAAGAAGCC,0,1
AAAAGAAGAGAAA,0,3
AAAAGAAGAGAAG,0,1
AAAAGAAGAGAGA,0,2
AAAAGAAGAGGAA,0,1
AAAAGAAGGAAAA,0,1
AAAAGAAGGAAGA,0,3
AAAAGAAGGCGCA,0,2
AAAAGAAGGGAAC,0,8
AAAAGACAAAAAA,0,1
AAAAGACAAAACA,0,1
AAAAGACAAAAGC,0,1
AAAAGACAAAGGC,0,1
AAAAGACAACACA,0,1
AAAAGACAACGAA,0,1
AAAAGACAACGGC,0,1
AAAAGACAAGAAA,0,1
AAAAGACACAAAG,0,1
AAAAGACCAAAAC,0,2
AAAAGACCACACA,0,1
AAAAGACCACCGG,1,1
AAAAGACCAGGCC,0,1
AAAAGACCCAGAG,0,1
AAAAGACGAAAAA,0,1
AAAAGACGAAAGG,1,1
AAAAGACGACAAA,0,1
AAAAGACGGACGG,0,1
AAAAGACGGGGAA,0,1
AAAAGAGAAAAAA,0,1
AAAAGAGAAACAA,0,1
AAAAGAGAAAGCG,0,1
AAAAGAGAACGAG,1,1
AAAAGAGAAGAAC,0,1
AAAAGAGAAGAAG,0,3
AAAAGAGAAGAGG,0,1
AAAAGAGAAGGAA,0,1
AAAAGAGAAGGCC,0,3
AAAAGAGAAGGGA,0,1
AAAAGAGACAGAA,1,2
AAAAGAGACAGGA,0,3
AAAAGAGACCAAC,0,1
AAAAGAGACCAAG,1,1
AAAAGAGACGAAA,0,1
AAAAGAGACGCAC,0,1
AAAAGAGAGAAAA,0,1
AAAAGAGAGAAGA,0,2
AAAAGAGAGACCA,0,1
AAAAGAGAGAGAG,0,1
AAAAGAGAGCAGC,0,1
AAAAGAGAGGAGA,0,1
AAAAGAGAGGAGC,0,1
AAAAGAGCAAAAA,0,1
AAAAGAGCAAACA,0,1
AAAAGAGCACCAA,0,1
AAAAGAGCCAAAC,0,1
AAAAGAGCCCCCA,0,1
AAAAGAGCCGCCG,1,1
AAAAGAGCGCAAA,0,1
AAAAGAGCGGGAG,0,1
AAAAGAGGAAAAG,0,1
AAAAGAGGAAAGG,0,1
AAAAGAGGAAGAA,0,1
AAAAGAGGAAGAG,0,1
AAAAGAGGAGAAG,1,2
AAAAGAGGAGGAG,0,1
AAAAGAGGCAGAA,0,1
AAAAGAGGGAAAA,0,1
AAAAGAGGGAGAG,0,1
AAAAGAGGGCCAA,0,1
AAAAGAGGGCGAG,0,1
AAAAGAGGGGAAA,0,1
AAAAGCAAAAAAG,0,3
AAAAGCAAAAAGA,0,1
AAAAGCAAAACAA,0,1
AAAAGCAAAACAG,0,1
AAAAGCAAACACA,0,1
AAAAGCAAAGAAG,0,1
AAAAGCAACAACA,0,2
AAAAGCAACAGGC,0,1
AAAAGCAACGCGG,0,1
AAAAGCAACGGAG,0,1
AAAAGCAAGAAGG,0,2
AAAAGCAAGCAAA,0,1
AAAAGCAAGCAAG,0,1
AAAAGCAAGGGAG,0,1
AAAAGCACAAAAA,0,1
AAAAGCACACAAG,0,1
AAAAGCACACGGC,0,1
AAAAGCACCAAAA,0,1
AAAAGCACCGCCG,1,1
AAAAGCAGAAAAG,0,1
AAAAGCAGACACC,0,1
AAAAGCAGACCAG,0,1
AAAAGCAGAGACA,0,1
AAAAGCAGAGCAC,0,1
AAAAGCAGCCAAG,0,1
AAAAGCAGGAGGG,0,3
AAAAGCAGGCAGA,1,2
AAAAGCAGGGCAG,0,2
AAAAGCCAAAAAA,0,1
AAAAGCCAAAACG,0,1
AAAAGCCAAAGCA,0,1
AAAAGCCAAGGCC,0,1
AAAAGCCACAACA,0,1
AAAAGCCACCCGG,0,2
AAAAGCCACCGAA,0,2
AAAAGCCACGACA,0,1
AAAAGCCAGAAGC,0,1
AAAAGCCAGGAAA,0,1
AAAAGCCAGGACG,0,1
AAAAGCCCAAACA,0,1
AAAAGCCCAACCC,4,6
AAAAGCCCCAAAA,0,1
AAAAGCCCCAGCA,0,1
AAAAGCCCCCAAC,0,1
AAAAGCGAACAAA,0,1
AAAAGCGACAACA,0,1
AAAAGCGACAAGA,0,1
AAAAGCGACCACA,0,1
AAAAGCGACGGAC,3,3
AAAAGCGAGCAAC,0,1
AAAAGCGAGCACA,0,1
AAAAGCGCAAAGC,0,1
AAAAGCGCAACAA,0,1
AAAAGCGCAACGG,0,1
AAAAGCGCCAAGA,0,1
AAAAGCGGCAAGG,0,1
AAAAGCGGCAGCC,0,1
AAAAGCGGGGAGA,0,1
AAAAGCGGGGCCC,1,1
AAAAGGAAAAAAA,0,4
AAAAGGAAAAACA,0,1
AAAAGGAAAAAGA,0,1
AAAAGGAAAACAG,0,1
AAAAGGAAAAGGA,0,1
AAAAGGAAACACA,0,1
AAAAGGAAACGAA,0,1
AAAAGGAAAGCCA,0,1
AAAAGGAACAGGC,0,1
AAAAGGAACCAAA,2,5
AAAAGGAACCAAG,2,3
AAAAGGAACCACA,0,2
AAAAGGAACCAGA,2,8
AAAAGGAACGCCC,0,1
AAAAGGAAGAACA,0,3
AAAAGGAAGAACC,0,1
AAAAGGAAGACGC,0,1
AAAAGGAAGAGGG,0,4
AAAAGGAAGGAAA,0,1
AAAAGGAAGGGGG,1,1
AAAAGGACAAAAA,0,1
AAAAGGACAACAA,0,4
AAAAGGACAAGAC,0,1
AAAAGGACAGGGA,0,1
AAAAGGACCAAAG,0,1
AAAAGGACCAGAG,0,1
AAAAGGACCCCAG,1,1
AAAAGGACCGGAG,0,1
AAAAGGACGGCAG,1,1
AAAAGGAGAAAAA,0,1
AAAAGGAGAAAAG,0,1
AAAAGGAGAAAGA,0,2
AAAAGGAGAAGAA,0,1
AAAAGGAGACGAA,0,1
AAAAGGAGAGACC,0,1
AAAAGGAGCAGCG,0,1
AAAAGGAGGAAAA,0,1
AAAAGGAGGAGGA,0,2
AAAAGGAGGCAAA,0,1
AAAAGGAGGGACG,0,1
AAAAGGAGGGGGG,0,1
AAAAGGCAAAAAA,0,1
AAAAGGCAAAACC,0,1
AAAAGGCAAAGAC,0,1
AAAAGGCAAAGGA,0,1
AAAAGGCAAAGGC,0,1
AAAAGGCAACAGA,1,2
AAAAGGCAAGGGA,0,1
AAAAGGCACACCA,0,1
AAAAGGCACAGGC,0,1
AAAAGGCACCAGC,0,1
AAAAGGCAGAAAC,0,1
AAAAGGCAGCAAA,0,1
AAAAGGCCAACCC,1,1
AAAAGGCCACACC,0,1
AAAAGGCCCAAAG,0,1
AAAAGGCCCCAGG,0,1
AAAAGGCGAACGG,0,1
AAAAGGCGAGACA,0,1
AAAAGGCGGGAAA,0,1
AAAAGGCGGGAGA,3,3
AAAAGGGAAAAAA,0,1
AAAAGGGAAAGAA,0,1
AAAAGGGAAAGAC,0,1
AAAAGGGAACAGC,0,1
AAAAGGGAAGCAG,0,1
AAAAGGGACAGCA,1,1
AAAAGGGAGAGAA,1,1
AAAAGGGAGGAGC,0,1
AAAAGGGAGGCAG,0,1
AAAAGGGCAAAGG,0,1
AAAAGGGCAGCAC,0,1
AAAAGGGCCAAAA,1,1
AAAAGGGCCAACG,0,1
AAAAGGGGCAGCG,0,1
AAAAGGGGCCGAG,0,2
AAAAGGGGCGGAA,0,1
AAAAGGGGGAAAA,0,1
AAAAGGGGGCGAC,0,1
AAAAGGGGGGAAA,0,1
AAACAAAAAAAAA,0,3
AAACAAAAAAAAC,0,2
AAACAAAAAAAAG,0,1
AAACAAAAAAACA,0,1
AAACAAAAAAACC,0,1
AAACAAAAAACCC,0,1
AAACAAAAAAGAG,0,1
AAACAAAAACAAA,0,1
AAACAAAAACAGG,0,1
AAACAAAAAGCAA,0,1
AAACAAAACAACG,0,1
AAACAAAACACAA,0,2
AAACAAAACACCA,0,1
AAACAAAACAGAA,0,1
AAACAAAACAGAG,0,1
AAACAAAACCAAA,0,4
AAACAAAACCCAA,0,2
AAACAAAACCCCA,0,1
AAACAAAACGCAA,1,1
AAACAAAAGAAAA,0,1
AAACAAAAGCAAG,0,1
AAACAAAAGCACA,0,3
AAACAAAAGGGAG,0,1
AAACAAAAGGGGC,0,1
AAACAAACAAACA,1,2
AAACAAACAAAGG,0,2
AAACAAACAACAC,0,1
AAACAAACACCAC,0,2
AAACAAACAGACC,1,1
AAACAAACCAGAG,1,1
AAACAAACCCAAA,0,2
AAACAAACCCAGG,0,1
AAACAAACCCCGA,0,1
AAACAAACGCACC,0,1
AAACAAACGGACG,0,1
AAACAAACGGAGG,0,1
AAACAAAGAAAAA,0,1
AAACAAAGAAACA,0,3
AAACAAAGAAAGC,0,1
AAACAAAGAAGAA,0,1
AAACAAAGACAAC,0,1
AAACAAAGACCAC,0,1
AAACAAAGACGAC,2,2
AAACAAAGACGCC,0,1
AAACAAAGAGAAA,0,1
AAACAAAGCAAAA,0,1
AAACAAAGCAAGC,0,1
AAACAAAGCACAC,0,1
AAACAAAGCCCAG,0,1
AAACAAAGCGAGA,0,1
AAACAAAGGAAGA,0,2
AAACAAAGGGCAA,1,1
AAACAAAGGGGCG,0,1
AAACAACAACCAC,0,2
AAACAACAAGAGC,0,1
AAACAACACAAAC,0,1
AAACAACACCAAG,0,1
AAACAACACCAGG,0,1
AAACAACAGAACG,0,1
AAACAACAGGGAG,0,1
AAACAACCAAGGA,1,2
AAACAACCACACC,0,2
AAACAACCAGCAC,0,1
AAACAACCAGCCA,0,1
AAACAACCGCGCG,0,1
AAACAACGAAAAA,0,1
AAACAACGAACCG,0,1
AAACAACGACAGG,0,1
AAACAACGAGAAA,0,1
AAACAACGCGGGA,0,2
AAACAACGGCACG,0,1
AAACAAGAAAAAA,0,1
AAACAAGAAAAGC,0,1
AAACAAGAAACGC,0,2
AAACAAGAAAGAA,0,1
AAACAAGAAAGAG,0,1
AAACAAGAAAGCA,0,1
AAACAAGAACGAG,0,1
AAACAAGAAGAAA,0,1
AAACAAGAAGAAC,0,1
AAACAAGAAGAAG,0,1
AAACAAGAAGAGA,0,1
AAACAAGACACAG,0,1
AAACAAGAGAAAG,0,1
AAACAAGAGCACC,0,1
AAACAAGAGCAGC,0,1
AAACAAGCAAAGA,0,1
AAACAAGCAGAAA,0,1
AAACAAGCAGAAG,0,1
AAACAAGCCCGAG,0,1
AAACAAGCGACAA,0,1
AAACAAGGACAAC,0,1
AAACAAGGAGACC,0,3
AAACAAGGAGCAG,0,1
AAACAAGGAGGAA,0,1
AAACAAGGCACAG,0,4
AAACAAGGCAGCA,0,4
AAACAAGGCGCAA,0,1
AAACAAGGCGCAC,0,1
AAACAAGGCGCGA,0,1
AAACAAGGGAAAG,0,1
AAACAAGGGAGAC,1,1
AAACACAAAAAAC,0,1
AAACACAAAAACA,0,2
AAACACAAAACAA,0,1
AAACACAAAACAG,0,1
AAACACAAAACCA,0,1
AAACACAAAAGAC,0,1
AAACACAAACAAA,0,1
AAACACAACAAAA,0,1
AAACACAACCCGA,0,1
AAACACAACCGGA,0,1
AAACACAAGAACA,0,5
AAACACAAGACCC,0,1
AAACACAAGAGCC,0,1
AAACACAAGCACA,0,1
AAACACAAGGAAA,0,1
AAACACACAAAAA,0,1
AAACACACACACA,0,2
AAACACACACAGA,0,1
AAACACACAGAAA,0,3
AAACACACCAAGG,0,1
AAACACACCCAGC,0,2
AAACACACCGCCC,0,1
AAACACACGCAAA,0,1
AAACACACGCGGG,0,1
AAACACAGAACAA,1,1
AAACACAGAACGA,0,1
AAACACAGACAGA,0,1
AAACACAGACGAC,0,4
AAACACAGAGCCA,0,1
AAACACAGAGGAA,0,1
AAACACAGCCCAA,0,1
AAACACAGCGAGA,0,1
AAACACAGGAACA,0,1
AAACACAGGGACC,0,1
AAACACCAACGGA,1,1
AAACACCAAGGAC,0,1
AAACACCACACGA,0,1
AAACACCCAAAAA,0,1
AAACACCCAAAGC,0,1
AAACACCCAAGAA,0,1
AAACACCCCAGAG,1,1
AAACACCGAAAAG,0,1
AAACACCGCCACG,0,1
AAACACCGCCGGC,0,1
AAACACGAACAAA,1,3
AAACACGAACCGG,0,1
AAACACGAAGACA,0,1
AAACACGAAGCAG,0,1
AAACACGCAACAA,0,2
AAACACGCAGGAA,2,2
AAACACGCGACGA,0,1
AAACACGGAAACC,0,1
AAACACGGCAGAA,0,1
AAACACGGCCGAC,0,1
AAACACGGGACCA,0,1
AAACAGAAAAAGC,0,1
AAACAGAAAAAGG,0,1
AAACAGAAAGAAG,0,1
AAACAGAACAGAA,0,1
AAACAGAACCACC,0,1
AAACAGAACGGGC,0,1
AAACAGAAGAGAG,1,1
AAACAGAAGCAAC,0,1
AAACAGACAAACA,1,1
AAACAGACAAAGG,0,1
AAACAGACAAGGC,0,1
AAACAGACACAGA,0,1
AAACAGACACAGG,0,1
AAACAGACGCACA,0,3
AAACAGACGGACG,0,2
AAACAGAGAAGGA,0,1
AAACAGAGAAGGC,0,4
AAACAGAGACAGG,0,1
AAACAGAGACCCA,0,1
AAACAGAGCACAG,1,1
AAACAGAGCAGAG,0,20
AAACAGAGCAGCA,0,1
AAACAGAGCAGGG,0,1
AAACAGAGCCACG,0,1
AAACAGAGCGCCA,1,1
AAACAGAGGCCCA,0,2
AAACAGAGGGAGA,1,2
AAACAGCAAAACA,0,1
AAACAGCAAAGGA,0,1
AAACAGCAAGCGG,0,1
AAACAGCACAGGC,0,1
AAACAGCACGGAG,0,3
AAACAGCAGACGG,0,1
AAACAGCAGAGCA,0,1
AAACAGCCAAACA,0,1
AAACAGCCAACAC,0,2
AAACAGCCACAAA,0,1
AAACAGCCACACC,0,1
AAACAGCCACAGC,0,3
AAACAGCCACCCC,0,1
AAACAGCCCCAGA,0,1
AAACAGCCCGGAG,0,3
AAACAGCCGGGGC,0,1
AAACAGCGAACGG,1,1
AAACAGCGAGGCG,0,1
AAACAGCGGAGGC,0,1
AAACAGGAAAAAA,0,2
AAACAGGAACAAA,0,1
AAACAGGAACGAA,1,1
AAACAGGACAGAG,0,1
AAACAGGACCCGC,0,1
AAACAGGAGACAC,0,1
AAACAGGAGGGAG,0,1
AAACAGGAGGGGC,0,1
AAACAGGCAAAGA,0,1
AAACAGGCAACAA,0,1
AAACAGGCAACAG,0,1
AAACAGGCAGGAA,0,1
AAACAGGCAGGCC,1,1
AAACAGGCCCAGG,0,1
AAACAGGCGACGC,0,1
AAACAGGCGAGAA,0,1
AAACAGGGACCAA,0,1
AAACAGGGACCCA,1,1
AAACAGGGCAGCC,0,1
AAACAGGGGACAA,0,1
AAACAGGGGGAGG,0,1
AAACCAAAAAAAA,0,3
AAACCAAAAAACA,0,1
AAACCAAAAAACC,0,1
AAACCAAAAAAGC,0,1
AAACCAAAAAGAA,0,1
AAACCAAAACGAG,0,1
AAACCAAAAGAAC,0,1
AAACCAAACACAC,0,1
AAACCAAACCAAA,0,1
AAACCAAACCAAC,0,1
AAACCAAACGAAC,0,1
AAACCAAAGAGAA,0,1
AAACCAACAAACA,0,4
AAACCAACAAAGA,0,1
AAACCAACAACAA,0,2
AAACCAACAACAG,0,1
AAACCAACAACCA,0,1
AAACCAACACAAG,0,1
AAACCAACAGCAA,0,1
AAACCAACCAACA,0,1
AAACCAACCACGA,0,1
AAACCAACCCAAA,0,1
AAACCAAGAAACA,0,1
AAACCAAGACAAG,0,2
AAACCAAGAGACA,1,1
AAACCAAGCAAGC,0,1
AAACCAAGCACGA,0,2
AAACCAAGCCAGA,0,1
AAACCAAGGAGAA,0,1
AAACCAAGGCGAC,0,1
AAACCAAGGGAGA,0,1
AAACCACAAGGGC,0,1
AAACCACACAACC,0,1
AAACCACACGAGA,0,1
AAACCACAGAGAG,0,1
AAACCACAGCCAC,0,1
AAACCACAGGCAG,0,1
AAACCACAGGGAC,0,1
AAACCACCAACAC,0,1
AAACCACCAACAG,0,1
AAACCACCAACCA,0,1
AAACCACCAACCG,0,2
AAACCACCAAGCA,0,1
AAACCACCAGGAC,0,1
AAACCACCCAGGC,0,1
AAACCACCGACCG,0,15
AAACCACCGCAGA,1,1
AAACCACCGGCAG,0,1
AAACCACCGGGAA,0,1
AAACCACCGGGGA,0,1
AAACCACGAACAG,1,1
AAACCACGCAAAA,0,1
AAACCACGCAAGC,0,1
AAACCACGCCAGC,0,1
AAACCAGAAAAGG,0,2
AAACCAGAAACAA,0,1
AAACCAGAACAAA,0,1
AAACCAGAACGAA,2,3
AAACCAGAGAACA,0,1
AAACCAGAGAGAA,0,1
AAACCAGCAAGCG,0,1
AAACCAGCACAGA,0,1
AAACCAGCCGACC,0,1
AAACCAGGAAGCA,0,1
AAACCAGGAGAGC,0,1
AAACCAGGAGAGG,1,1
AAACCAGGCAAGA,0,1
AAACCAGGGCAAG,0,1
AAACCAGGGGAAG,0,1
AAACCCAAAAAAA,0,1
AAACCCAAAAAAG,0,1
AAACCCAAAAACC,0,1
AAACCCAAACAAA,1,7
AAACCCAAACGAC,0,1
AAACCCAAAGGAA,0,1
AAACCCAACAAAA,0,1
AAACCCAACAAAC,1,1
AAACCCAACCGAA,0,1
AAACCCAACGCGA,0,1
AAACCCAAGCAAA,1,1
AAACCCACAAAGC,0,1
AAACCCACAAAGG,0,1
AAACCCACACCAC,0,2
AAACCCACAGAGG,0,1
AAACCCACCAGAA,0,1
AAACCCACGCGAC,0,1
AAACCCAGAAAAG,1,1
AAACCCAGACAAA,0,1
AAACCCAGACAGA,0,1
AAACCCAGACAGG,0,1
AAACCCAGACCAA,0,1
AAACCCAGACGAA,1,3
AAACCCAGAGAGC,0,1
AAACCCAGAGCAG,0,1
AAACCCAGAGGAA,0,1
AAACCCAGCAGAG,0,1
AAACCCAGCAGCA,0,1
AAACCCAGCCAGC,0,1
AAACCCCAAAACC,0,1
AAACCCCAAACCA,0,1
AAACCCCAAAGCA,0,1
AAACCCCAAAGGA,0,1
AAACCCCAAGCAG,0,1
AAACCCCACGCAC,0,1
AAACCCCACGCGC,0,1
AAACCCCAGAAAC,0,1
AAACCCCAGAGGA,0,1
AAACCCCAGCACA,0,1
AAACCCCCAAAAC,0,1
AAACCCCCAACGC,0,1
AAACCCCCCAGGC,0,1
AAACCCCCCCAAG,0,1
AAACCCCCGCAGA,0,1
AAACCCCGACCAG,0,1
AAACCCCGCCCAA,0,1
AAACCCCGCCCAC,0,1
AAACCCGAACAAA,0,2
AAACCCGAACGAA,3,7
AAACCCGAAGGAA,1,5
AAACCCGAGGAGG,0,1
AAACCGAAAAAAA,0,1
AAACCGAAAAAGG,0,1
AAACCGAAACGAA,1,1
AAACCGACCGAGA,0,1
AAACCGAGCACAC,0,1
AAACCGAGCAGCC,0,1
AAACCGAGCGCGC,0,1
AAACCGAGGAAAG,0,1
AAACCGAGGAAGC,0,1
AAACCGCAAAGGA,0,1
AAACCGCAAGACC,0,3
AAACCGCACCACC,0,1
AAACCGCACCGGG,0,1
AAACCGCAGGACC,0,5
AAACCGCCACAAA,0,5
AAACCGCCACAGG,1,1
AAACCGCCACCAG,0,1
AAACCGCCAGCAA,0,1
AAACCGGAAAGGA,0,1
AAACCGGAACGAA,1,1
AAACCGGAACGCA,0,1
AAACCGGCAAAAG,0,1
AAACCGGCCAAAA,0,1
AAACCGGGCAAAC,0,1
AAACCGGGGCGAC,0,1
AAACCGGGGGGGA,1,1
AAACGAAAAAAAA,0,2
AAACGAAAAACAA,0,1
AAACGAAAAACCA,0,1
AAACGAAAAAGAC,0,1
AAACGAAAAAGAG,0,1
AAACGAAAAGAAA,0,2
AAACGAAACACAC,0,1
AAACGAAACCAAA,0,11
AAACGAAACCCCA,0,1
AAACGAAACCGAA,0,1
AAACGAAACGAAA,0,2
AAACGAAACGGAA,1,1
AAACGAACAAAAA,1,1
AAACGAACAAGAA,1,1
AAACGAACCAAAG,0,1
AAACGAACCCAGG,0,1
AAACGAAGAAAGA,1,1
AAACGAAGAACGG,0,1
AAACGAAGACAAG,0,1
AAACGAAGAGAAA,0,1
AAACGAAGAGGAC,0,2
AAACGAAGCAAAA,0,1
AAACGAAGCAACG,0,1
AAACGAAGCGAAA,0,1
AAACGACAAACCC,0,1
AAACGACAACAAA,0,3
AAACGACACCAAG,0,1
AAACGACAGACCA,0,1
AAACGACGAACGA,0,2
AAACGACGACAGC,0,1
AAACGACGGACGA,0,1
AAACGAGACAGAG,0,1
AAACGAGACCGCG,0,1
AAACGAGAGAAAA,0,1
AAACGAGAGAAGC,0,1
AAACGAGAGCCCA,0,1
AAACGAGAGGGGG,0,1
AAACGAGCAAAAA,0,1
AAACGAGGAAAAC,0,1
AAACGAGGAGGAC,0,1
AAACGAGGAGGAG,0,1
AAACGAGGGAGCA,1,1
AAACGAGGGCGCA,0,1
AAACGCAAAAGGA,0,1
AAACGCAAAGAAA,0,2
AAACGCAAAGAAC,0,1
AAACGCAACCGGG,0,5
AAACGCAACGCAA,0,1
AAACGCAAGCACA,0,13
AAACGCAAGCCCA,0,1
AAACGCACCCACC,0,1
AAACGCACCGCCC,0,1
AAACGCACCGCGG,0,1
AAACGCACGAGCG,0,1
AAACGCAGCACGC,0,1
AAACGCAGCCAAA,0,1
AAACGCAGCCGGC,0,1
AAACGCCAGACAA,0,1
AAACGCCAGGGCA,0,1
AAACGCCCAAGCA,0,1
AAACGCCCACAGG,0,1
AAACGCCCCAAGC,0,1
AAACGCCGAGCAG,0,1
AAACGCCGCAAAA,0,1
AAACGCCGCAAAG,0,1
AAACGCCGCACAC,0,1
AAACGCCGCCGGA,0,1
AAACGCCGCCGGC,0,2
AAACGCGACCCAC,0,1
AAACGCGCAAAGC,1,1
AAACGCGGAGAGG,0,1
AAACGGAAAAGAA,0,1
AAACGGAAAAGAG,0,1
AAACGGAAAGAAG,0,1
AAACGGAACAAAA,0,1
AAACGGAACCAAG,14,38
AAACGGAAGAAGG,0,1
AAACGGAGCAGAG,0,1
AAACGGAGCCACC,0,1
AAACGGCAACACA,0,1
AAACGGCAACGGA,0,1
AAACGGCACAAAA,0,1
AAACGGCAGAAAA,0,1
AAACGGCAGAAAC,0,1
AAACGGCCACCGG,0,1
AAACGGCCAGGAC,0,6
AAACGGCCGAAGA,0,1
AAACGGCGACAAA,0,1
AAACGGCGCGACG,0,1
AAACGGGAACCAA,0,3
AAACGGGACAAGG,0,1
AAACGGGAGAACA,0,1
AAACGGGAGAAGC,0,1
AAACGGGAGCAAG,0,1
AAACGGGCAGAGC,1,1
AAACGGGCAGCCA,0,2
AAACGGGCCGAAC,0,1
AAACGGGCCGGCC,0,1
AAACGGGGAAAAA,0,1
AAACGGGGCCCGC,0,1
AAAGAAAAAAAAA,0,5
AAAGAAAAAAAAC,0,1
AAAGAAAAAAAAG,0,3
AAAGAAAAAAAGA,0,2
AAAGAAAAAACAA,0,2
AAAGAAAAAACAC,0,1
AAAGAAAAAACGG,0,1
AAAGAAAAAAGAA,0,2
AAAGAAAAAAGCC,0,1
AAAGAAAAACAAA,0,1
AAAGAAAAACCAG,0,1
AAAGAAAAAGAAA,0,4
AAAGAAAAAGAAG,1,1
AAAGAAAAAGCAC,0,1
AAAGAAAAAGGAG,0,1
AAAGAAAACAAAA,0,1
AAAGAAAACAAAG,0,12
AAAGAAAACAACC,0,1
AAAGAAAACACGA,0,1
AAAGAAAACACGG,0,2
AAAGAAAACCCAC,0,1
AAAGAAAACCCCC,0,1
AAAGAAAACCCGA,0,1
AAAGAAAACCGAG,0,1
AAAGAAAACCGGA,0,1
AAAGAAAACGCCG,0,1
AAAGAAAAGAAAA,0,12
AAAGAAAAGAAAG,0,55
AAAGAAAAGAACA,0,3
AAAGAAAAGAACG,0,14
AAAGAAAAGAAGA,0,1
AAAGAAAAGAAGG,0,1
AAAGAAAAGACAA,0,2
AAAGAAAAGAGAC,0,3
AAAGAAAAGCAAG,0,5
AAAGAAAAGGAAG,0,3
AAAGAAAAGGACA,0,1
AAAGAAAAGGAGA,0,1
AAAGAAAAGGAGC,0,1
AAAGAAAAGGGAG,0,1
AAAGAAACAAAGA,0,2
AAAGAAACAACCC,0,1
AAAGAAACACAAA,0,1
AAAGAAACACACA,0,1
AAAGAAACCAAAG,0,3
AAAGAAACCCAAA,0,1
AAAGAAACGAGCA,0,1
AAAGAAACGCAGG,0,1
AAAGAAAGAAAAA,0,2
AAAGAAAGAAAGA,1,2
AAAGAAAGAACAG,0,1
AAAGAAAGAAGGA,0,1
AAAGAAAGAAGGG,0,1
AAAGAAAGACAAA,0,1
AAAGAAAGACCGC,0,1
AAAGAAAGACGAG,0,1
AAAGAAAGAGAAA,0,1
AAAGAAAGAGACA,0,1
AAAGAAAGAGACG,0,1
AAAGAAAGAGAGA,0,2
AAAGAAAGAGAGG,0,3
AAAGAAAGAGCCA,0,1
AAAGAAAGAGGGG,0,1
AAAGAAAGCAAAG,0,1
AAAGAAAGGAAAA,0,1
AAAGAAAGGAAAG,0,7
AAAGAAAGGAAGA,0,1
AAAGAAAGGACGG,0,1
AAAGAAAGGAGAC,0,1
AAAGAAAGGAGGC,0,1
AAAGAACAAAAAA,0,1
AAAGAACAAACAA,0,1
AAAGAACAAAGAA,0,6
AAAGAACAACAAG,0,6
AAAGAACAAGGAA,0,1
AAAGAACAAGGAG,1,1
AAAGAACACAAAG,0,4
AAAGAACACAACA,0,1
AAAGAACAGAAGA,0,2
AAAGAACCAAGAA,0,4
AAAGAACCACAAG,0,1
AAAGAACCACAGC,0,2
AAAGAACGAACAA,0,1
AAAGAACGGAGAC,0,1
AAAGAACGGGAGG,0,1
AAAGAAGAAAAAA,0,2
AAAGAAGAAAAGA,0,2
AAAGAAGAAACAC,0,1
AAAGAAGAACAGA,0,2
AAAGAAGAACCCA,0,1
AAAGAAGAACGAA,0,1
AAAGAAGAAGAAA,0,1
AAAGAAGAAGAAC,0,1
AAAGAAGAAGAAG,0,2
AAAGAAGAAGACA,0,1
AAAGAAGACAAAG,0,1
AAAGAAGACAAGC,0,1
AAAGAAGACGACA,0,1
AAAGAAGAGAAAA,0,1
AAAGAAGAGAAAG,0,9
AAAGAAGAGAAGA,0,2
AAAGAAGAGAGAA,0,1
AAAGAAGAGAGAG,0,1
AAAGAAGAGCGCG,0,1
AAAGAAGAGGAAC,0,2
AAAGAAGAGGAGA,0,1
AAAGAAGAGGCGA,0,1
AAAGAAGCAAGCG,0,1
AAAGAAGCAGAAG,0,1
AAAGAAGCCCAGG,0,1
AAAGAAGCCGAGG,0,1
AAAGAAGGAAAAA,0,1
AAAGAAGGAAGAA,0,2
AAAGAAGGAAGAG,0,2
AAAGAAGGAGAAG,0,1
AAAGAAGGAGGAG,0,1
AAAGAAGGGAACG,0,9
AAAGAAGGGGGCA,0,1
AAAGACAAAAAAA,0,1
AAAGACAAAAACA,0,1
AAAGACAAAACAA,0,1
AAAGACAAAAGCG,0,1
AAAGACAAACAAA,1,3
AAAGACAAAGGAA,0,1
AAAGACAAAGGCG,0,1
AAAGACAACAAGG,0,1
AAAGACAACACAA,0,1
AAAGACAACCGGA,0,1
AAAGACAACGGCA,0,1
AAAGACAAGAAAA,0,1
AAAGACACACGCC,0,1
AAAGACACCAAGC,1,1
AAAGACACGGAAC,0,1
AAAGACAGAAACG,0,1
AAAGACAGAAGGA,1,1
AAAGACAGAAGGG,1,1
AAAGACAGAGAAC,0,1
AAAGACAGAGACA,0,1
AAAGACAGAGGAA,0,1
AAAGACAGCACGG,0,1
AAAGACAGCCAAA,0,2
AAAGACAGCGACG,1,1
AAAGACAGGAAAG,0,1
AAAGACAGGGAAC,0,1
AAAGACAGGGGCC,0,1
AAAGACCAAAACA,0,1
AAAGACCAAAACC,0,1
AAAGACCAAAACG,0,1
AAAGACCAAACGA,1,1
AAAGACCAAGAAA,0,1
AAAGACCAAGAAC,0,1
AAAGACCACAAGC,0,1
AAAGACCAGGCCA,0,1
AAAGACCCAAAAA,0,1
AAAGACCCACCCA,0,1
AAAGACCCAGAGA,0,1
AAAGACCCCAAGC,0,1
AAAGACCCCCGAG,0,1
AAAGACCGACCAA,0,2
AAAGACCGCAAAG,0,1
AAAGACCGCGACC,0,1
AAAGACCGCGCGG,1,1
AAAGACGAAAAAC,0,1
AAAGACGAAAGAC,1,1
AAAGACGAAAGGG,1,1
AAAGACGACGAGA,0,1
AAAGACGAGCCGA,0,1
AAAGACGCAGACA,0,1
AAAGACGCCAAAC,1,1
AAAGACGGCCAAG,0,1
AAAGACGGGGAAC,0,1
AAAGAGAAAAAAA,0,2
AAAGAGAAAAAAC,0,1
AAAGAGAAAAACC,0,1
AAAGAGAAAACCA,0,1
AAAGAGAAAACGG,0,1
AAAGAGAAAAGAC,0,2
AAAGAGAAACAAA,0,7
AAAGAGAAACAGC,0,1
AAAGAGAAACGGA,0,1
AAAGAGAAAGAAA,0,1
AAAGAGAAAGAAC,1,1
AAAGAGAAAGAAG,0,1
AAAGAGAAAGAGC,0,1
AAAGAGAAAGCGA,0,1
AAAGAGAAAGGGG,1,1
AAAGAGAACCGAG,0,1
AAAGAGAACGACA,0,1
AAAGAGAACGAGA,1,1
AAAGAGAACGAGG,0,1
AAAGAGAAGAAAC,1,1
AAAGAGAAGAACA,0,1
AAAGAGAAGAAGA,0,7
AAAGAGAAGAGAA,0,1
AAAGAGAAGAGAG,1,1
AAAGAGAAGAGCA,0,1
AAAGAGAAGAGGG,0,1
AAAGAGAAGCAGA,0,1
AAAGAGAAGGAAG,0,1
AAAGAGACAAACA,0,1
AAAGAGACACGGA,0,1
AAAGAGACAGAAA,0,1
AAAGAGACAGAAG,1,1
AAAGAGACAGACA,0,1
AAAGAGACAGGAG,0,3
AAAGAGACCAAAA,0,1
AAAGAGACCAAGA,1,1
AAAGAGACGAAAA,0,1
AAAGAGACGGACA,0,1
AAAGAGAGAAAAC,0,1
AAAGAGAGAAACG,0,1
AAAGAGAGAAAGA,0,1
AAAGAGAGAAAGG,0,1
AAAGAGAGAACGG,0,1
AAAGAGAGAAGAG,0,2
AAAGAGAGAAGGA,1,1
AAAGAGAGACAAA,0,1
AAAGAGAGACCAC,0,1
AAAGAGAGACGCG,0,1
AAAGAGAGAGAAA,0,4
AAAGAGAGAGAAC,0,1
AAAGAGAGAGAGA,1,4
AAAGAGAGAGAGG,0,1
AAAGAGAGAGGGG,0,1
AAAGAGAGCAAGG,0,1
AAAGAGAGCACAA,0,4
AAAGAGAGCACAC,1,2
AAAGAGAGCACAG,0,1
AAAGAGAGCACCA,0,1
AAAGAGAGCACGC,1,1
AAAGAGAGCAGCA,0,1
AAAGAGAGCCAGA,1,1
AAAGAGAGGAAAA,0,1
AAAGAGAGGAACC,0,1
AAAGAGAGGAGCA,0,1
AAAGAGAGGCAGC,0,1
AAAGAGAGGGAGA,0,2
AAAGAGCAAAAAG,0,1
AAAGAGCAAACAC,0,1
AAAGAGCAAACCA,0,1
AAAGAGCAACAAC,0,1
AAAGAGCACAGCC,0,1
AAAGAGCACCAAA,0,1
AAAGAGCACCAGG,0,1
AAAGAGCAGAGAC,0,1
AAAGAGCAGCAAA,1,1
AAAGAGCAGCAGA,1,1
AAAGAGCAGCCAG,0,1
AAAGAGCAGGAGG,0,1
AAAGAGCAGGGAG,0,2
AAAGAGCCAAACG,0,1
AAAGAGCCAAGAG,0,1
AAAGAGCCACCGC,0,1
AAAGAGCCAGAAC,0,1
AAAGAGCCAGAGC,0,1
AAAGAGCCCCAGC,0,1
AAAGAGCCCCCAG,0,1
AAAGAGCCGCCGC,1,1
AAAGAGCGAACGG,0,1
AAAGAGCGACACG,0,1
AAAGAGCGAGACG,0,1
AAAGAGCGAGCCA,0,1
AAAGAGCGCAAAA,0,1
AAAGAGGAAAAAG,1,1
AAAGAGGAAAAGG,0,1
AAAGAGGAAAGGA,0,1
AAAGAGGAAGAAG,0,1
AAAGAGGAAGAGG,0,1
AAAGAGGACAAAG,1,1
AAAGAGGAGAAAG,0,1
AAAGAGGAGAAGA,1,2
AAAGAGGAGAGAG,0,3
AAAGAGGAGCACA,0,1
AAAGAGGAGGAGG,0,1
AAAGAGGAGGGAG,0,1
AAAGAGGCAAAAG,0,1
AAAGAGGCACAGG,0,1
AAAGAGGCACCAA,1,1
AAAGAGGCAGAAA,0,1
AAAGAGGCAGAAC,1,1
AAAGAGGCAGAAG,0,1
AAAGAGGCCCACG,0,1
AAAGAGGCCGACA,0,1
AAAGAGGGAAAAG,0,1
AAAGAGGGAAAGG,0,1
AAAGAGGGAACCC,0,1
AAAGAGGGAAGAA,0,1
AAAGAGGGAAGAC,0,1
AAAGAGGGAGAGC,0,1
AAAGAGGGCAAAA,0,1
AAAGAGGGCCAAG,0,1
AAAGAGGGCGAGG,0,1
AAAGAGGGCGGCA,0,1
AAAGAGGGGAAAG,0,3
AAAGAGGGGGCAA,0,1
AAAGAGGGGGGAA,0,1
AAAGCAAAAAAAC,0,1
AAAGCAAAAACAC,0,2
AAAGCAAAAAGGA,0,1
AAAGCAAAAAGGC,0,2
AAAGCAAAACAAA,0,1
AAAGCAAAACAGC,0,1
AAAGCAAACAAGA,0,1
AAAGCAAACACAA,0,1
AAAGCAAACACAG,0,2
AAAGCAAACCAGC,0,1
AAAGCAAACCCAA,0,1
AAAGCAAACCGGC,0,1
AAAGCAAAGAAAG,0,1
AAAGCAAAGAAGA,0,1
AAAGCAAAGAGCA,0,1
AAAGCAAAGCAAA,0,1
AAAGCAAAGGCAA,0,1
AAAGCAAAGGGCC,0,1
AAAGCAACAACAG,0,2
AAAGCAACAAGAG,0,1
AAAGCAACAGGAA,0,1
AAAGCAACAGGCC,0,1
AAAGCAACAGGGC,0,1
AAAGCAACGAGAG,0,1
AAAGCAACGCGGA,0,1
AAAGCAAGAAAAC,0,2
AAAGCAAGAAGGG,0,2
AAAGCAAGACAAA,0,1
AAAGCAAGACCCA,0,1
AAAGCAAGAGAGA,0,1
AAAGCAAGCAAGA,0,1
AAAGCAAGCAGAG,0,1
AAAGCAAGCCCGG,0,1
AAAGCAAGGAAAA,0,1
AAAGCAAGGCCAC,0,1
AAAGCAAGGGAAA,0,1
AAAGCAAGGGAGG,0,1
AAAGCACAAAAAA,0,1
AAAGCACAAAGAC,0,1
AAAGCACAAGAAG,0,1
AAAGCACACAAAA,0,1
AAAGCACACAAGG,0,1
AAAGCACACACCA,0,1
AAAGCACACGGCC,13,17
AAAGCACAGAGAG,0,5
AAAGCACAGCAGC,0,1
AAAGCACAGGGAA,0,1
AAAGCACAGGGCC,3,3
AAAGCACCAAAAG,0,1
AAAGCACCGAAGC,1,1
AAAGCACCGAGGG,0,1
AAAGCACCGCCGC,1,1
AAAGCACGAAGGC,0,1
AAAGCACGACCGC,0,3
AAAGCAGAAAAGA,0,1
AAAGCAGAAACCA,0,1
AAAGCAGAACAGG,0,2
AAAGCAGAACGCA,0,1
AAAGCAGAAGAAG,0,2
AAAGCAGAAGAGG,0,1
AAAGCAGACACCA,0,1
AAAGCAGACAGCA,0,1
AAAGCAGACCAAG,0,1
AAAGCAGACCAGA,0,1
AAAGCAGACGAGG,1,1
AAAGCAGACGCGA,0,1
AAAGCAGACGGGA,0,1
AAAGCAGAGAAGA,0,1
AAAGCAGAGAGGC,1,1
AAAGCAGAGCGAC,0,1
AAAGCAGCAAGGA,0,1
AAAGCAGCCAAGG,0,1
AAAGCAGCCACGA,0,1
AAAGCAGCCCAGG,1,1
AAAGCAGCCGCGG,1,1
AAAGCAGCGACGC,0,1
AAAGCAGCGAGCA,0,2
AAAGCAGGACCAG,0,1
AAAGCAGGAGCCC,0,1
AAAGCAGGAGGGA,0,3
AAAGCAGGCAACA,0,1
AAAGCAGGCAGAG,1,2
AAAGCAGGCCAAC,0,1
AAAGCAGGGGAAC,0,2
AAAGCAGGGGCGC,0,1
AAAGCCAAAAAAC,0,1
AAAGCCAAAACAA,0,1
AAAGCCAAAACGA,0,1
AAAGCCAAACCAA,0,1
AAAGCCAAAGCAC,0,1
AAAGCCAACAACA,0,2
AAAGCCAACCACC,0,1
AAAGCCAAGGCAC,0,1
AAAGCCAAGGCCC,0,1
AAAGCCACACAGC,1,1
AAAGCCACCGAAC,0,2
AAAGCCACGACAA,0,1
AAAGCCACGACAC,0,1
AAAGCCAGAACAA,0,1
AAAGCCAGAGGCA,0,1
AAAGCCAGGAAAA,0,1
AAAGCCAGGAAAG,0,1
AAAGCCAGGACGG,0,1
AAAGCCAGGCCAG,0,1
AAAGCCAGGGACC,0,1
AAAGCCAGGGAGG,0,1
AAAGCCCAAACAG,0,1
AAAGCCCAACGGG,0,1
AAAGCCCAGGGCA,0,2
AAAGCCCAGGGGC,0,2
AAAGCCCCAAAAG,0,1
AAAGCCCCAGAGC,0,1
AAAGCCCCCAACC,0,1
AAAGCCCCGAAAG,0,1
AAAGCCCCGGGAG,0,1
AAAGCCCGAGAAA,0,2
AAAGCCCGCCAGG,1,1
AAAGCCGAAAGCC,0,1
AAAGCCGAGACCC,0,1
AAAGCCGAGGGAA,0,1
AAAGCCGCAAACC,0,1
AAAGCCGCAAGGC,0,1
AAAGCCGCCACCG,0,1
AAAGCCGGCCAAG,0,2
AAAGCCGGCCAGG,0,1
AAAGCCGGCCGGC,0,1
AAAGCGAAACCGC,1,1
AAAGCGAACAAAG,0,1
AAAGCGAACCAAA,0,1
AAAGCGAAGAAAG,0,1
AAAGCGAAGAAGA,0,1
AAAGCGAAGGAGG,0,1
AAAGCGACAACAA,0,1
AAAGCGACAAGAA,0,1
AAAGCGACAGACC,0,1
AAAGCGACCACAA,0,1
AAAGCGACCCACC,0,1
AAAGCGACGAGAG,0,1
AAAGCGACGGACA,3,3
AAAGCGAGAAAGA,0,1
AAAGCGAGAAGAA,0,1
AAAGCGAGGACGA,0,1
AAAGCGCAAAGCA,0,1
AAAGCGCAACAAA,0,1
AAAGCGCAACCGG,0,1
AAAGCGCAGACAC,0,1
AAAGCGCAGAGAG,0,1
AAAGCGCCAAGAC,0,1
AAAGCGCCAGGCC,2,2
AAAGCGCCCGGAG,0,1
AAAGCGCGAGAAC,0,1
AAAGCGCGCAGAC,0,1
AAAGCGCGCCAAA,0,1
AAAGCGCGGGAAG,0,1
AAAGCGGAGAGAG,0,1
AAAGCGGAGGCGA,0,1
AAAGCGGAGGCGG,0,1
AAAGCGGAGGGCG,0,1
AAAGCGGCAAGGG,0,1
AAAGCGGCAGCCA,0,1
AAAGCGGCCGAAA,0,1
AAAGCGGCGGCGG,0,1
AAAGCGGGAGCGA,0,1
AAAGCGGGCCAGC,0,1
AAAGCGGGGAGAC,0,1
AAAGGAAAAAAAA,0,6
AAAGGAAAAAAAC,0,1
AAAGGAAAAAGAA,0,2
AAAGGAAAAAGAG,0,1
AAAGGAAAAAGCA,0,1
AAAGGAAAACAAA,0,1
AAAGGAAAACACG,0,1
AAAGGAAAACAGA,0,1
AAAGGAAAAGAAG,0,4
AAAGGAAAAGGAA,0,1
AAAGGAAAAGGGA,0,1
AAAGGAAACACAA,0,1
AAAGGAAACACAC,0,1
AAAGGAAACCCAC,0,1
AAAGGAAACGAAG,0,1
AAAGGAAACGGAA,0,1
AAAGGAAAGAAAG,0,4
AAAGGAAAGAAGA,0,1
AAAGGAAAGAGAA,0,1
AAAGGAAAGCCAA,0,1
AAAGGAAAGGAAA,0,2
AAAGGAAAGGAAC,0,2
AAAGGAAAGGGAG,0,1
AAAGGAAAGGGCG,0,1
AAAGGAACAAGGA,0,1
AAAGGAACACACC,0,1
AAAGGAACCAAAG,0,2
AAAGGAACCAAGG,1,2
AAAGGAACCAGAA,0,1
AAAGGAACGCCCA,0,1
AAAGGAACGGCCC,0,1
AAAGGAACGGGGA,0,1
AAAGGAAGAAACA,1,1
AAAGGAAGAAAGA,0,1
AAAGGAAGAAAGG,0,1
AAAGGAAGAACAA,0,2
AAAGGAAGAACAC,0,1
AAAGGAAGAACCA,0,1
AAAGGAAGAACGG,1,1
AAAGGAAGAAGAG,1,1
AAAGGAAGAAGCA,0,5
AAAGGAAGAAGCC,1,1
AAAGGAAGACAAA,0,1
AAAGGAAGACGCA,0,1
AAAGGAAGAGAAC,1,1
AAAGGAAGAGGGG,0,2
AAAGGAAGCCCGC,0,1
AAAGGAAGGAAAC,0,1
AAAGGAAGGAAAG,0,3
AAAGGAAGGCGAA,0,1
AAAGGAAGGGAGC,0,1
AAAGGAAGGGGGA,2,2
AAAGGAAGGGGGG,0,1
AAAGGACAAAAAC,0,1
AAAGGACAACAAA,0,5
AAAGGACAACAGA,1,1
AAAGGACAAGACA,0,1
AAAGGACAAGAGG,0,1
AAAGGACAAGGAG,0,1
AAAGGACACCCGA,0,1
AAAGGACAGAAAC,0,3
AAAGGACAGAGAC,0,1
AAAGGACAGCACC,0,1
AAAGGACAGCGCC,0,1
AAAGGACAGGGAA,0,1
AAAGGACCAAAAA,0,1
AAAGGACCAAAAC,0,4
AAAGGACCAAACC,0,4
AAAGGACCAAAGA,0,1
AAAGGACCAAAGG,0,1
AAAGGACCACCAC,0,1
AAAGGACCAGAGG,0,1
AAAGGACCCAGAC,0,1
AAAGGACCCCACC,0,1
AAAGGACCCCAGC,1,1
AAAGGACCCCCAC,0,1
AAAGGACCCCCAG,0,1
AAAGGACCGGAGG,0,1
AAAGGACGAGACA,0,1
AAAGGACGCAGAC,0,1
AAAGGACGCGAGC,0,1
AAAGGACGGACCC,0,1
AAAGGACGGAGGC,1,1
AAAGGACGGCAGA,1,1
AAAGGAGAAAAAA,0,1
AAAGGAGAAAAGA,0,1
AAAGGAGAAACAA,0,1
AAAGGAGAAACAC,0,1
AAAGGAGAAACCA,0,1
AAAGGAGAAACGG,0,1
AAAGGAGAAAGAA,0,2
AAAGGAGAAAGGA,0,1
AAAGGAGAACCAC,0,1
AAAGGAGAAGAAA,0,2
AAAGGAGAAGCAG,0,1
AAAGGAGAAGGGC,1,1
AAAGGAGACAAAA,0,1
AAAGGAGACGAAC,0,1
AAAGGAGAGAAAA,0,1
AAAGGAGAGACCG,0,1
AAAGGAGAGAGAG,0,1
AAAGGAGCAGCGG,0,1
AAAGGAGCGAGAC,0,1
AAAGGAGGAAAAC,0,1
AAAGGAGGACAGG,0,1
AAAGGAGGAGGAC,0,1
AAAGGAGGAGGCA,0,1
AAAGGAGGCAAAG,0,1
AAAGGAGGCAACA,0,1
AAAGGAGGCAGAA,0,6
AAAGGAGGCAGCG,0,1
AAAGGAGGCCCAC,0,1
AAAGGAGGCGAAG,0,1
AAAGGAGGCGCCG,1,1
AAAGGAGGGACGA,0,1
AAAGGAGGGGGGG,0,1
AAAGGCAAAAAAG,0,1
AAAGGCAAAACCA,0,1
AAAGGCAAAAGCA,0,1
AAAGGCAAACCGG,0,1
AAAGGCAAAGGAA,0,1
AAAGGCAAAGGCA,0,1
AAAGGCAACAGAA,1,1
AAAGGCAACAGAC,0,1
AAAGGCAAGAACC,0,1
AAAGGCAAGCAGC,0,1
AAAGGCAAGGCAC,0,1
AAAGGCAAGGGAA,0,1
AAAGGCACAAGAA,1,1
AAAGGCACACCAA,0,1
AAAGGCACAGAGC,0,1
AAAGGCACCGAGC,0,1
AAAGGCAGAAACA,0,1
AAAGGCAGACAGG,0,1
AAAGGCAGACCCA,0,1
AAAGGCAGAGAGG,0,1
AAAGGCAGCAAAG,0,2
AAAGGCAGCACAC,0,1
AAAGGCAGCAGGG,0,1
AAAGGCAGGAAGA,1,1
AAAGGCAGGGAGG,0,2
AAAGGCCAAGGCC,0,1
AAAGGCCACACCA,0,1
AAAGGCCAGGGAC,0,1
AAAGGCCCAAAGA,0,1
AAAGGCCCCAGGC,0,1
AAAGGCCCGAAAA,0,1
AAAGGCGAGAGAG,0,1
AAAGGCGCAAAAC,0,1
AAAGGCGCAACGA,1,1
AAAGGCGCGCGAG,0,1
AAAGGCGCGGAGG,0,1
AAAGGCGGGAAAC,0,1
AAAGGCGGGAGAA,3,3
AAAGGGAAAAAAA,0,1
AAAGGGAAAAAGG,2,12
AAAGGGAAACCGA,0,1
AAAGGGAAACGCC,0,1
AAAGGGAAACGGC,0,1
AAAGGGAAAGAAA,0,1
AAAGGGAAAGAAG,0,1
AAAGGGAACAACA,0,1
AAAGGGAACAGAA,0,1
AAAGGGAACAGCG,0,1
AAAGGGAACCACG,1,1
AAAGGGAACCCAG,0,2
AAAGGGAACGAGG,0,1
AAAGGGAAGAAGG,0,1
AAAGGGAAGACCA,0,1
AAAGGGAAGCGCA,0,1
AAAGGGAAGGCGA,0,1
AAAGGGACAAGAA,0,1
AAAGGGACACAGC,1,1
AAAGGGACAGCAG,1,1
AAAGGGACGCGCG,0,1
AAAGGGAGAAAGA,0,2
AAAGGGAGAAGAG,0,2
AAAGGGAGAAGCA,0,1
AAAGGGAGAGAAA,1,1
AAAGGGAGAGAGA,0,1
AAAGGGAGAGAGG,0,1
AAAGGGAGCAAGC,1,1
AAAGGGAGCAGAA,1,1
AAAGGGAGCAGGA,0,1
AAAGGGAGCCAGC,0,1
AAAGGGAGCGCAG,0,2
AAAGGGAGGAGGG,0,1
AAAGGGAGGCAGA,0,1
AAAGGGAGGCAGG,0,1
AAAGGGAGGGAAG,0,1
AAAGGGAGGGGGG,0,1
AAAGGGCACCCAG,0,1
AAAGGGCCAAAAA,1,1
AAAGGGCCAGACA,0,2
AAAGGGCCCACAG,2,2
AAAGGGCCCAGCC,0,1
AAAGGGCGAGAAA,0,1
AAAGGGCGAGAGA,0,1
AAAGGGCGCACCA,0,1
AAAGGGCGCCGAG,0,1
AAAGGGGAAAAGG,0,1
AAAGGGGAACAGG,2,3
AAAGGGGAAGAGA,0,1
AAAGGGGAAGCAG,0,1
AAAGGGGAAGGAG,0,1
AAAGGGGACGACA,0,1
AAAGGGGAGAGGA,0,1
AAAGGGGAGAGGC,0,1
AAAGGGGAGCAGC,1,2
AAAGGGGAGGAGA,0,1
AAAGGGGCAAAAA,0,1
AAAGGGGCACAGG,0,1
AAAGGGGCAGCGA,0,1
AAAGGGGCAGCGG,0,1
AAAGGGGCAGGGA,0,1
AAAGGGGCCGAGC,0,2
AAAGGGGCGGAAA,0,1
AAAGGGGGAAAAA,0,1
AAAGGGGGAGGAA,0,1
AAAGGGGGCGACG,0,1
AAAGGGGGGACAA,0,1
AAAGGGGGGGGGG,0,1
AACAAAAAAAAAA,1,11
AACAAAAAAAAAG,0,1
AACAAAAAAAACA,0,1
AACAAAAAAAACC,0,1
AACAAAAAAACAA,0,1
AACAAAAAAACCA,0,1
AACAAAAAAAGAA,0,1
AACAAAAAAAGGA,0,1
AACAAAAAACCCG,0,1
AACAAAAAAGACC,0,1
AACAAAAAAGAGA,0,1
AACAAAAAAGGCC,0,1
AACAAAAACAAAA,0,1
AACAAAAACAACC,0,1
AACAAAAACAAGG,0,1
AACAAAAACAGGA,0,1
AACAAAAACCAAC,0,2
AACAAAAACCACA,0,1
AACAAAAAGAGAG,0,1
AACAAAAAGCAAA,0,1
AACAAAACACAAA,0,3
AACAAAACACCAA,0,2
AACAAAACAGAGC,0,1
AACAAAACCAAAA,0,4
AACAAAACCAGAC,0,1
AACAAAACCCAAA,0,2
AACAAAACCCCAA,0,1
AACAAAACGAAGA,0,1
AACAAAACGCAGA,0,1
AACAAAAGAAAAG,0,1
AACAAAAGAAACA,0,1
AACAAAAGAAGAG,0,1
AACAAAAGGGGCG,0,1
AACAAACAAAAAA,0,1
AACAAACAAACAA,0,1
AACAAACAAACAG,1,1
AACAAACAAAGGC,0,1
AACAAACAACACA,0,1
AACAAACAACCCA,0,2
AACAAACACAAAA,0,1
AACAAACACCACC,0,1
AACAAACACGAAA,0,2
AACAAACACGAGA,0,2
AACAAACAGACCA,1,1
AACAAACCAAGGG,0,1
AACAAACCAGAAA,0,1
AACAAACCAGAGG,1,1
AACAAACCAGCGC,0,1
AACAAACCCAAAA,0,1
AACAAACCCACAG,0,1
AACAAACCCAGGG,0,1
AACAAACCGAAGA,0,1
AACAAACGGAGGA,0,1
AACAAAGAAAAAC,0,1
AACAAAGAAAAAG,0,1
AACAAAGAAACAA,0,2
AACAAAGAAACAG,0,1
AACAAAGAAAGGG,0,1
AACAAAGAACAAA,0,1
AACAAAGAAGAAC,0,1
AACAAAGAAGAAG,0,1
AACAAAGAAGGCA,0,1
AACAAAGACCACA,0,1
AACAAAGACGAAA,0,1
AACAAAGACGACA,1,2
AACAAAGACGCAA,0,1
AACAAAGACGCCA,0,1
AACAAAGAGAAAC,0,1
AACAAAGAGAGGG,0,1
AACAAAGCAAAAA,0,1
AACAAAGCAAAGA,0,1
AACAAAGCAAGCC,0,1
AACAAAGCACACA,0,1
AACAAAGCACGGG,1,1
AACAAAGCAGCAC,0,2
AACAAAGCCAAGG,0,1
AACAAAGCCCAGG,0,1
AACAAAGGAAGAC,0,2
AACAAAGGACAAC,1,1
AACAAAGGAGGAA,0,3
AACAAAGGAGGCC,0,1
AACAAAGGCACCC,0,1
AACAAAGGGCAAA,0,1
AACAAAGGGGCGG,0,1
AACAACAAAACAA,0,1
AACAACAAACAAA,0,1
AACAACAAACAGA,0,1
AACAACAAACCGC,0,2
AACAACAACAAGA,2,2
AACAACAACACCC,0,1
AACAACAACAGCA,0,1
AACAACAACAGCC,0,1
AACAACAAGAAGA,2,2
AACAACAAGAGCA,0,1
AACAACAAGCAAC,0,1
AACAACAAGCAGG,0,1
AACAACAAGCCGA,0,1
AACAACAAGGAGG,0,1
AACAACAAGGGAC,1,1
AACAACACAAACA,0,1
AACAACACACCGC,0,1
AACAACACACGGG,0,1
AACAACACAGCCA,1,1
AACAACACCAAAA,0,1
AACAACACCAAAC,1,1
AACAACACCAAGC,0,1
AACAACACCCGGA,0,1
AACAACACGAACC,0,1
AACAACACGAAGA,0,1
AACAACACGCGCA,0,1
AACAACACGGCCA,1,1
AACAACAGAACGA,0,1
AACAACAGAGGAA,0,1
AACAACAGCAACA,0,1
AACAACAGCAGCA,1,1
AACAACAGCCAAC,0,1
AACAACAGCCGGA,1,1
AACAACAGCCGGG,0,1
AACAACAGCGGAA,1,1
AACAACAGGAGGG,0,1
AACAACAGGCAGG,2,2
AACAACAGGCGGC,0,2
AACAACAGGGAAA,0,1
AACAACCAAACAC,0,1
AACAACCAACACA,0,1
AACAACCAACCCC,0,1
AACAACCACAAGC,0,1
AACAACCAGCCAA,0,1
AACAACCAGCCAC,0,1
AACAACCAGGACC,0,1
AACAACCCCCCGG,0,1
AACAACCCGAGAG,0,1
AACAACCGAAGCC,0,1
AACAACCGCCAAC,1,1
AACAACCGGAAAG,0,1
AACAACCGGGACC,0,1
AACAACGAAAAAA,0,1
AACAACGAAAAGC,0,1
AACAACGAAACGA,0,1
AACAACGAACCGA,0,1
AACAACGAAGGCG,0,1
AACAACGACAGAG,0,1
AACAACGACAGGA,0,3
AACAACGAGAAAG,0,1
AACAACGCACGGA,0,1
AACAACGCGCCAA,0,1
AACAACGCGGGAA,0,2
AACAACGGAAAAA,0,1
AACAACGGCAGGC,0,1
AACAACGGCAGGG,0,1
AACAAGAAAACAA,0,1
AACAAGAAACACA,0,1
AACAAGAAACGCG,1,1
AACAAGAAAGAAC,0,1
AACAAGAAAGAGC,0,1
AACAAGAAAGGCC,0,1
AACAAGAAAGGGC,0,1
AACAAGAACAACA,0,9
AACAAGAACAACG,0,2
AACAAGAACAGCG,0,1
AACAAGAACCAGA,0,1
AACAAGAACGAGG,0,1
AACAAGAAGAAAA,0,1
AACAAGAAGAACA,0,1
AACAAGAAGAAGA,2,3
AACAAGAAGAGAA,0,1
AACAAGAAGCGGG,0,1
AACAAGACACAGA,0,1
AACAAGAGAACAA,0,1
AACAAGAGAACCG,0,1
AACAAGAGCAGCA,0,1
AACAAGAGGAGCG,0,1
AACAAGAGGCGAC,0,1
AACAAGAGGGCAG,1,1
AACAAGCAAAGAA,0,1
AACAAGCAACAGG,0,1
AACAAGCAAGAGG,0,2
AACAAGCAGAAAG,0,1
AACAAGCAGAAGC,0,1
AACAAGCAGACAC,0,1
AACAAGCAGAGCA,2,3
AACAAGCCACGGC,0,1
AACAAGCCCGAGG,0,1
AACAAGCCGAAAG,0,1
AACAAGCCGGAAC,0,1
AACAAGCGACAAA,0,2
AACAAGGAAGGAC,2,2
AACAAGGACAACA,0,1
AACAAGGACAAGG,0,1
AACAAGGACACCA,0,1
AACAAGGACAGAC,1,1
AACAAGGAGACCA,0,3
AACAAGGAGAGGA,0,2
AACAAGGAGCAGC,0,1
AACAAGGAGGAAA,0,1
AACAAGGAGGAAG,0,1
AACAAGGAGGGAC,0,1
AACAAGGCAAAAC,0,1
AACAAGGCACAGA,0,1
AACAAGGCACAGC,0,2
AACAAGGCACAGG,0,1
AACAAGGCAGAGA,0,1
AACAAGGCAGCAC,0,2
AACAAGGCAGCAG,0,1
AACAAGGCGCAAA,0,1
AACAAGGCGCACC,0,1
AACAAGGCGCGAA,0,1
AACAAGGGAAAGA,0,1
AACAAGGGAGACA,1,1
AACAAGGGAGGAA,0,1
AACAAGGGGGGCG,0,1
AACAAGGGGGGGC,0,1
AACACAAAAAAAA,0,2
AACACAAAAAAAG,0,1
AACACAAAAAACC,0,1
AACACAAAAAAGG,0,1
AACACAAAACAAA,0,1
AACACAAAACAGA,0,1
AACACAAAACCAA,0,1
AACACAAAAGACA,0,1
AACACAAACAAGG,0,1
AACACAAACACAG,0,1
AACACAAACAGGA,1,1
AACACAAAGCAAG,0,3
AACACAACAAAAC,0,1
AACACAACAACAC,0,1
AACACAACACAAA,0,1
AACACAACAGGAA,0,1
AACACAACCAGAC,0,1
AACACAACCCGAG,0,1
AACACAACCGAAC,1,1
AACACAACCGCCA,0,1
AACACAACGAACA,0,1
AACACAACGCGAA,1,1
AACACAAGACCCA,0,1
AACACAAGAGAGC,0,1
AACACAAGAGCCC,0,1
AACACAAGCAAAG,0,1
AACACAAGCACAC,0,1
AACACAAGCACGC,0,1
AACACAAGGAAAG,0,1
AACACACAAGAAC,0,1
AACACACACAAAA,0,1
AACACACACACAA,0,1
AACACACACACAC,0,4
AACACACACACAG,0,1
AACACACACAGAG,0,1
AACACACAGAAAA,0,2
AACACACAGAAAC,0,2
AACACACAGACGA,0,1
AACACACAGAGAA,0,1
AACACACAGCCAG,0,1
AACACACAGGACC,0,1
AACACACAGGAGA,0,1
AACACACCAAGGA,0,1
AACACACCCGGCG,0,1
AACACACCGCCCG,0,1
AACACACGAAGAG,0,2
AACACACGAGCAA,0,1
AACACACGCAAAA,0,1
AACACACGCGGGG,1,1
AACACAGAACAAG,1,1
AACACAGACAGAC,0,1
AACACAGACGACG,0,4
AACACAGAGAGGG,1,1
AACACAGAGCCAA,0,1
AACACAGAGGAAA,1,1
AACACAGCAACAC,0,1
AACACAGCACCGC,0,1
AACACAGCCAGAA,0,1
AACACAGCCCAAC,0,1
AACACAGCCGCGG,0,1
AACACAGCGAGAC,0,1
AACACAGCGGGCG,0,1
AACACAGGAAAAG,0,1
AACACAGGACACG,1,1
AACACAGGACCCG,5,12
AACACAGGCAGCA,0,1
AACACAGGGAAGC,0,1
AACACCAAAAAAA,0,1
AACACCAAAACAC,0,1
AACACCAAAAGAA,0,1
AACACCAAACCAC,1,1
AACACCAAAGGAG,0,2
AACACCAAAGGCA,0,1
AACACCAACAGAG,0,1
AACACCAACCGCG,0,1
AACACCAAGAGCA,0,1
AACACCAAGGACC,0,1
AACACCACCCAGC,0,1
AACACCACGCACG,0,1
AACACCAGAACAG,0,1
AACACCAGCACAC,0,1
AACACCAGCACGC,0,3
AACACCAGGAGAA,0,3
AACACCAGGCACG,0,1
AACACCAGGGCCA,0,2
AACACCCAAAAAG,0,1
AACACCCAAGAAA,0,1
AACACCCAAGAGA,0,1
AACACCCACCGGA,0,1
AACACCCAGACCA,0,1
AACACCCCAACGC,0,1
AACACCCCCCCCC,0,1
AACACCCGAAGCA,0,1
AACACCCGAGAGA,0,1
AACACCCGCAGGA,0,1
AACACCCGGACCG,0,1
AACACCGAAAAGA,0,1
AACACCGACCCCC,1,1
AACACCGAGAAAA,0,1
AACACCGCCACGG,0,1
AACACCGCCGGCC,0,1
AACACCGGCACGG,0,1
AACACCGGGCGGA,0,2
AACACGAACAAAC,1,3
AACACGAACGACG,0,1
AACACGAAGAAAA,0,1
AACACGAAGAACA,0,1
AACACGAAGAAGA,0,1
AACACGAAGACAA,0,1
AACACGACACGGA,1,1
AACACGACAGACA,0,1
AACACGACAGGGA,0,1
AACACGACCAGCA,0,1
AACACGCAAAGGA,1,1
AACACGCAACAAC,0,1
AACACGCAACAAG,0,1
AACACGCAAGAAC,0,1
AACACGCAGGAAG,1,2
AACACGCCAGAAA,0,1
AACACGCCGCGCC,0,1
AACACGCGACGAG,0,1
AACACGCGGCCCG,1,1
AACACGGAAACCG,0,1
AACACGGACACCA,0,1
AACACGGACCACA,0,1
AACACGGAGAGGC,0,1
AACACGGAGGAAG,0,1
AACACGGCAGAAC,0,1
AACACGGCCGACC,0,1
AACACGGGAAAGA,0,1
AACACGGGACCAG,0,1
AACACGGGACCCG,2,6
AACAGAAAAAGGC,0,1
AACAGAAAAGACA,0,1
AACAGAAAAGCCC,0,1
AACAGAAACAAAG,1,1
AACAGAAACACAC,0,1
AACAGAAAGAACA,1,1
AACAGAAAGAACC,0,1
AACAGAAAGAAGC,0,1
AACAGAAAGAAGG,0,1
AACAGAAAGGAAA,0,1
AACAGAAAGGACC,0,5
AACAGAACAAAGA,1,1
AACAGAACAACAG,0,1
AACAGAACAGAAG,1,1
AACAGAACGAGCA,0,1
AACAGAACGGGCC,0,1
AACAGAAGACAAC,0,1
AACAGAAGAGAGG,1,1
AACAGAAGCAAAG,0,1
AACAGAAGCAACC,0,1
AACAGAAGCAGAG,1,1
AACAGAAGCCAAG,0,1
AACAGAAGGAACC,0,1
AACAGAAGGGACC,0,3
AACAGACAAACAG,1,1
AACAGACAAAGGC,0,1
AACAGACAACACC,0,1
AACAGACAACAGC,0,1
AACAGACAAGGCA,0,1
AACAGACACAAAA,1,1
AACAGACAGACAC,0,1
AACAGACAGAGCA,0,2
AACAGACAGAGCC,0,2
AACAGACAGCACA,0,1
AACAGACAGCGAA,0,1
AACAGACGCAAGA,0,1
AACAGACGCACAG,0,3
AACAGACGGACGG,0,2
AACAGAGAAAAAG,0,1
AACAGAGAAAGAA,0,1
AACAGAGAAGGAA,0,1
AACAGAGAAGGAC,0,1
AACAGAGAAGGCA,0,4
AACAGAGACAGGG,0,1
AACAGAGCAAGAA,0,1
AACAGAGCACAGC,1,2
AACAGAGCAGAAA,1,1
AACAGAGCAGAGA,0,20
AACAGAGCAGGGA,0,1
AACAGAGCCGCGA,1,1
AACAGAGCGCACG,1,1
AACAGAGCGCCAG,1,1
AACAGAGCGGAGC,0,1
AACAGAGGACACA,1,1
AACAGAGGAGGCG,0,1
AACAGAGGCCCAG,1,3
AACAGAGGGAGAA,1,2
AACAGAGGGCCAG,0,1
AACAGCAAAACAA,0,1
AACAGCAAACGCA,0,1
AACAGCAAAGCGA,0,1
AACAGCAAAGGGG,1,1
AACAGCAACAACC,0,1
AACAGCAACAAGC,0,1
AACAGCAACCCGG,0,1
AACAGCAAGCCCA,0,1
AACAGCAAGCGGA,0,1
AACAGCACAGACA,0,1
AACAGCACGGAGA,0,3
AACAGCAGAACCC,0,1
AACAGCAGACGGC,1,1
AACAGCAGAGCAG,0,1
AACAGCAGAGGAA,0,4
AACAGCAGCAACA,0,2
AACAGCAGCAGCA,2,2
AACAGCAGCCCCA,0,1
AACAGCAGGAACC,0,1
AACAGCCAAACAG,0,1
AACAGCCAAAGCA,0,1
AACAGCCACAGCA,0,3
AACAGCCAGAACC,0,1
AACAGCCAGAGCC,0,1
AACAGCCAGCAGA,0,1
AACAGCCAGCCGA,0,1
AACAGCCAGCCGG,0,1
AACAGCCAGCGCC,0,1
AACAGCCCAAAAA,0,1
AACAGCCCCACCC,0,1
AACAGCCCCAGAC,0,1
AACAGCCCCGCCC,0,1
AACAGCCCGGAGA,0,1
AACAGCCGCACCG,0,1
AACAGCCGCAGAC,0,1
AACAGCCGGAGGG,1,1
AACAGCCGGGGCA,0,1
AACAGCCGGGGGC,0,1
AACAGCGAACGGA,1,1
AACAGCGCAGACA,0,1
AACAGCGCCCCCA,0,1
AACAGCGCCCCCC,0,1
AACAGCGGAAGAA,1,1
AACAGCGGAGGAA,0,1
AACAGCGGCAGCC,0,1
AACAGCGGCCCCG,0,1
AACAGCGGCCGCC,1,1
AACAGCGGGGAGG,0,1
AACAGGAAAAAAA,0,1
AACAGGAAAAAAC,0,1
AACAGGAAACAAA,0,1
AACAGGAAACACC,1,1
AACAGGAAAGCCG,0,1
AACAGGAACAAAA,0,1
AACAGGAACGAAA,0,1
AACAGGAAGAACC,0,1
AACAGGAAGACAA,0,1
AACAGGAAGGCGA,0,6
AACAGGAAGGCGG,0,1
AACAGGACAGAGC,0,1
AACAGGACCCGCG,0,1
AACAGGAGCAAGA,2,2
AACAGGAGCAGGA,0,1
AACAGGAGCGACA,0,1
AACAGGAGGAAGC,0,1
AACAGGAGGAGCA,0,1
AACAGGAGGCAAC,0,1
AACAGGAGGCCAC,0,1
AACAGGAGGGAGA,0,1
AACAGGAGGGGCC,0,1
AACAGGCAAAGAC,0,1
AACAGGCAACAAA,0,1
AACAGGCAACAGA,0,1
AACAGGCAGAACA,0,1
AACAGGCAGAGCA,7,10
AACAGGCAGGAAA,0,1
AACAGGCAGGACA,0,2
AACAGGCAGGCCA,1,1
AACAGGCAGGGCA,1,1
AACAGGCCACCCG,0,1
AACAGGCCCAGGG,0,1
AACAGGCCGACCC,0,2
AACAGGCGAGAAA,0,1
AACAGGGAAAAAA,0,1
AACAGGGAAAGGA,0,1
AACAGGGAAGCCA,0,1
AACAGGGACCAAG,0,1
AACAGGGACCCAG,0,1
AACAGGGAGCCAC,0,5
AACAGGGCAGCCC,0,1
AACAGGGCAGGGC,0,1
AACAGGGGACAAA,0,1
AACAGGGGAGCGG,0,1
AACAGGGGCCACG,0,1
AACAGGGGCCAGG,0,1
AACAGGGGCCCAA,0,2
AACAGGGGGAGAG,0,1
AACAGGGGGAGGA,0,1
AACCAAAAAAAAA,0,4
AACCAAAAAAAAC,0,3
AACCAAAAAACCC,0,1
AACCAAAAACCCA,0,1
AACCAAAAAGAAA,0,2
AACCAAAAAGCGC,0,1
AACCAAAACAACA,0,3
AACCAAAACACGG,0,1
AACCAAAACGAGG,0,1
AACCAAAAGCAGG,0,1
AACCAAACAACAA,0,1
AACCAAACACAAA,0,1
AACCAAACACACA,0,1
AACCAAACACAGA,1,1
AACCAAACAGGGC,0,1
AACCAAACCAAAC,0,2
AACCAAACCAACC,0,1
AACCAAACCAGCC,0,1
AACCAAACGCACC,0,1
AACCAAACGGCCA,0,1
AACCAAAGAACCA,0,1
AACCAAAGACAGA,0,1
AACCAAAGACAGG,0,1
AACCAAAGAGAAA,0,1
AACCAAAGAGAGA,0,1
AACCAAAGAGGAA,0,2
AACCAAAGCCCGA,3,5
AACCAAAGGAGCA,0,1
AACCAACAAACAC,0,4
AACCAACAAAGAC,0,1
AACCAACAACAAA,0,2
AACCAACAACCAG,0,2
AACCAACAAGAGA,0,1
AACCAACACAAAG,0,1
AACCAACACAAGC,0,1
AACCAACACCAAA,0,1
AACCAACAGCAAG,0,1
AACCAACAGCAGC,0,1
AACCAACAGCCCC,0,1
AACCAACAGCGGC,1,1
AACCAACCAACAA,0,1
AACCAACCCAAAA,0,2
AACCAACCCCGCC,0,1
AACCAACCGCGGA,0,1
AACCAACGAGACC,1,1
AACCAACGCCGGA,0,1
AACCAACGGGAGG,0,1
AACCAAGAAAAGC,0,1
AACCAAGAAACAC,0,1
AACCAAGAACAGA,0,1
AACCAAGAACCAA,0,1
AACCAAGAACCGA,0,1
AACCAAGAAGAAA,0,1
AACCAAGAAGCGA,0,1
AACCAAGACAAAG,0,1
AACCAAGACAAGC,0,2
AACCAAGAGACAA,1,1
AACCAAGAGGAAG,0,1
AACCAAGCAAGCC,0,1
AACCAAGCACAGA,0,1
AACCAAGCACAGG,0,1
AACCAAGCACGAG,0,2
AACCAAGCCCAAA,0,1
AACCAAGCCGAGC,0,2
AACCAAGCGGACC,1,1
AACCAAGCGGGAG,0,1
AACCAAGGAAGAG,0,1
AACCAAGGAGAAA,0,1
AACCAAGGCAGCC,0,1
AACCAAGGCAGGA,0,1
AACCAAGGCGACA,0,1
AACCAAGGCGGAG,0,1
AACCAAGGGAGAG,0,1
AACCACAAAAACA,0,1
AACCACAAAGGAA,0,1
AACCACAAGAGCA,0,1
AACCACAAGCAAA,0,1
AACCACAAGCAGC,0,1
AACCACACAGAGC,0,1
AACCACACAGCCA,6,6
AACCACACCGGAC,0,1
AACCACACGGCCA,10,22
AACCACAGACACC,1,1
AACCACAGAGAGC,0,1
AACCACAGCGAGA,0,1
AACCACAGGCAGG,0,1
AACCACAGGGAAC,0,2
AACCACAGGGACA,0,1
AACCACAGGGACC,1,4
AACCACAGGGGGG,0,1
AACCACCAACACG,0,1
AACCACCAACAGA,0,1
AACCACCAACCAA,0,1
AACCACCAAGCAG,0,2
AACCACCAAGCCC,0,1
AACCACCAAGGCC,0,1
AACCACCACAGCA,0,1
AACCACCAGGACC,0,1
AACCACCCAGCCC,0,1
AACCACCCAGGCC,0,1
AACCACCGACACC,0,1
AACCACCGCAGAC,1,1
AACCACCGGCAGG,0,1
AACCACCGGGGAC,0,1
AACCACGAACAGC,1,1
AACCACGACCACA,1,1
AACCACGCAAAAG,0,1
AACCACGCAAGCA,0,1
AACCACGCCAGCC,0,1
AACCACGCCGCGC,0,1
AACCACGCGCAGC,0,1
AACCACGGACAGG,0,19
AACCACGGACCGG,0,1
AACCACGGACGGG,0,9
AACCAGAAAAGGA,0,1
AACCAGAAACAAA,0,1
AACCAGAACGAAC,2,3
AACCAGAAGACAA,0,1
AACCAGAAGAGAG,0,8
AACCAGACAACAA,0,1
AACCAGAGAACAA,0,1
AACCAGAGAAGAG,0,1
AACCAGAGACACC,0,1
AACCAGAGAGAAC,0,1
AACCAGAGAGGAG,0,1
AACCAGAGCAAAA,0,1
AACCAGAGCAGCC,0,1
AACCAGAGGAGAA,0,1
AACCAGCAAAACG,0,1
AACCAGCAAGAAG,2,2
AACCAGCAAGAGA,0,1
AACCAGCAAGCGA,0,1
AACCAGCACAGAA,0,1
AACCAGCACCCAA,0,1
AACCAGCACCCCA,2,2
AACCAGCCCCCGG,0,1
AACCAGCCGACAG,0,1
AACCAGCCGACCA,0,1
AACCAGCCGCAAC,0,2
AACCAGCCGCCAC,0,1
AACCAGCGCAGAC,0,3
AACCAGGAAGCAC,0,1
AACCAGGAAGCGG,0,1
AACCAGGACCCAA,0,1
AACCAGGAGAGCC,0,1
AACCAGGCAAGAA,0,1
AACCAGGCCACCA,1,1
AACCAGGCCGCAA,0,1
AACCAGGGAAGAC,0,1
AACCAGGGCAAGC,0,1
AACCAGGGGAAGG,0,1
AACCCAAAAAAAA,0,2
AACCCAAAAAAGA,0,1
AACCCAAAAACCC,0,1
AACCCAAAACCAG,0,1
AACCCAAACAAAA,0,1
AACCCAAACAAAC,1,4
AACCCAAACCAAG,0,1
AACCCAAACCCCG,0,1
AACCCAAACGACC,0,1
AACCCAAAGACAC,1,1
AACCCAAAGCCCG,0,1
AACCCAAAGGAAC,0,1
AACCCAACAAAAA,0,1
AACCCAACAAAAG,0,1
AACCCAACAAACG,1,1
AACCCAACAAAGC,0,1
AACCCAACACCCC,0,1
AACCCAACCCAAC,0,3
AACCCAACCCCAC,0,2
AACCCAACCCCCA,0,1
AACCCAACCCGGC,1,1
AACCCAACCGAAA,0,1
AACCCAACGCAGC,6,8
AACCCAACGCGAA,0,1
AACCCAAGAAAAG,0,4
AACCCAAGACCAG,0,1
AACCCAAGAGGGC,0,1
AACCCAAGCAAAA,1,1
AACCCAAGGAAAG,0,1
AACCCAAGGGAAC,0,1
AACCCACAAAGGC,0,1
AACCCACAAGCAA,1,1
AACCCACAGAGAC,0,2
AACCCACAGAGGC,0,1
AACCCACAGCCCC,0,1
AACCCACCAGAAG,0,1
AACCCACCCAAGG,0,1
AACCCACGCACCG,0,1
AACCCACGCGACC,0,1
AACCCACGGCGAA,0,1
AACCCAGAAAAAG,0,1
AACCCAGAAAAGC,1,1
AACCCAGACAAAC,0,2
AACCCAGACAGAG,0,1
AACCCAGACAGGG,0,1
AACCCAGACGAAC,1,3
AACCCAGAGAGCA,0,1
AACCCAGAGCAGG,0,2
AACCCAGAGGAAC,0,1
AACCCAGAGGGAA,0,1
AACCCAGCAAAAG,0,1
AACCCAGCACCAG,0,3
AACCCAGCAGAGC,0,1
AACCCAGCAGCAA,0,1
AACCCAGCCAGCC,0,1
AACCCAGCCCGGG,0,1
AACCCAGGAAGCC,0,1
AACCCAGGAGCGG,0,1
AACCCAGGGAGCA,0,1
AACCCAGGGAGCC,0,1
AACCCCAAAAACG,0,1
AACCCCAAAACCG,0,1
AACCCCAAACCAG,0,1
AACCCCAAAGGAA,0,1
AACCCCAACCACC,0,1
AACCCCAAGCAGG,0,1
AACCCCACCCAAG,0,1
AACCCCACCCACG,0,1
AACCCCACCCGAA,0,1
AACCCCACGCACA,0,1
AACCCCACGCGCG,0,1
AACCCCAGAGGAG,0,1
AACCCCAGCACAA,0,1
AACCCCAGCCCCA,0,1
AACCCCAGCGAGG,0,1
AACCCCAGGCCAA,0,1
AACCCCAGGGAAC,0,3
AACCCCCAAAACA,0,1
AACCCCCAACACG,0,1
AACCCCCAACCCC,0,2
AACCCCCAGAAGA,0,1
AACCCCCAGCGAC,0,1
AACCCCCAGGGCG,0,1
AACCCCCCACCCC,0,1
AACCCCCCAGCAG,0,1
AACCCCCCAGGCG,0,1
AACCCCCCCAAGC,0,1
AACCCCCCCGCCC,0,1
AACCCCCGACGAC,0,1
AACCCCCGCAGAG,0,1
AACCCCCGCCACC,0,1
AACCCCCGGGCGC,0,1
AACCCCGACCAGC,0,1
AACCCCGAGGAGA,0,1
AACCCCGCCCAAG,0,1
AACCCCGCCCCGC,0,1
AACCCCGGAAGAG,0,1
AACCCCGGGCCGG,0,1
AACCCGAAACCAC,0,1
AACCCGAACAAAC,0,2
AACCCGAACGAAC,3,7
AACCCGAAGAGAG,0,1
AACCCGAAGGAAC,1,5
AACCCGACAGAAC,0,1
AACCCGACCCGGC,0,1
AACCCGAGAACAC,0,1
AACCCGAGCACAC,0,1
AACCCGAGCCGCA,0,1
AACCCGAGGAGGC,0,1
AACCCGAGGCGAC,1,1
AACCCGGACACGG,0,1
AACCCGGAGCAAA,0,1
AACCCGGCAGCAG,0,1
AACCCGGCGAGGA,0,1
AACCCGGGCCAAA,2,2
AACCCGGGGCGGG,1,1
AACCGAAAAAAAA,0,1
AACCGAAAAAGGC,0,1
AACCGAAACGAAC,1,1
AACCGAACAACAA,0,2
AACCGAACACAGC,0,1
AACCGAACCGAAA,1,1
AACCGAACCGAAC,1,3
AACCGAAGGCACA,0,1
AACCGACAACAAA,0,6
AACCGACAACAAG,0,1
AACCGACAAGGGA,0,1
AACCGACCGAGAA,0,1
AACCGACGCCAAG,0,1
AACCGAGAAGCGC,0,1
AACCGAGACGACG,0,1
AACCGAGCAAAAG,0,1
AACCGAGCAAAGC,0,16
AACCGAGCAACAA,0,1
AACCGAGCACACA,0,1
AACCGAGCAGCAA,1,1
AACCGAGCAGCCG,0,1
AACCGAGCCAACA,1,1
AACCGAGCCAGCG,0,1
AACCGAGCCCGGC,0,1
AACCGAGCCGAGG,1,1
AACCGAGCGAAAA,1,1
AACCGAGGAAAGG,0,1
AACCGAGGGCAGA,0,1
AACCGCACCACCG,0,1
AACCGCAGAGCAA,0,1
AACCGCAGGACCC,0,1
AACCGCAGGGAAC,0,5
AACCGCCACAAAA,0,7
AACCGCCACCAGG,0,1
AACCGCCAGCAAA,0,1
AACCGCCCAAACA,0,1
AACCGCCGAACAG,1,1
AACCGCCGCACCG,0,1
AACCGCGAACCCG,0,1
AACCGCGACCACA,0,1
AACCGCGCGGAAA,0,1
AACCGCGGAAAGG,0,1
AACCGCGGCAAGG,0,1
AACCGCGGCCGCG,0,1
AACCGCGGGCGGG,0,1
AACCGGAAAGAGG,0,1
AACCGGAAAGGGG,1,2
AACCGGAACCGGA,0,1
AACCGGAACGAAC,2,2
AACCGGAACGGGC,0,1
AACCGGAAGAAGC,0,1
AACCGGACACGAC,1,1
AACCGGACAGGAA,0,1
AACCGGACCACAC,1,1
AACCGGAGGAAGA,0,1
AACCGGAGGGACA,0,1
AACCGGCAAAAGG,0,1
AACCGGCAGCGCC,0,1
AACCGGCCAAAAC,0,1
AACCGGCCGCAGG,0,1
AACCGGCGACAAG,0,1
AACCGGGACCACA,0,1
AACCGGGACGGAC,1,1
AACCGGGCACGCA,1,1
AACCGGGCCCGGA,0,1
AACCGGGGAGGAG,0,1
AACCGGGGCGACG,0,1
AACCGGGGGCGGC,0,1
AACGAAAAAAAAA,0,1
AACGAAAAACAAC,0,1
AACGAAAAACCAA,0,1
AACGAAAAAGACG,0,1
AACGAAAAAGAGG,0,1
AACGAAAAAGGAC,1,1
AACGAAAACAAGG,0,1
AACGAAAACAGAC,0,1
AACGAAAAGAAAG,0,2
AACGAAAAGGGGA,1,1
AACGAAACACACA,0,1
AACGAAACACCAA,0,1
AACGAAACCAAAA,0,11
AACGAAACCACGG,0,1
AACGAAACCCCAA,0,1
AACGAAACCGAAA,0,1
AACGAAACGAAAA,0,1
AACGAAACGAAAC,0,2
AACGAAACGACCG,0,1
AACGAAACGGAAC,0,2
AACGAAAGAGAAA,0,1
AACGAACAAAAAA,1,2
AACGAACAAAGAA,0,1
AACGAACAAGAAA,1,1
AACGAACACCCAA,0,1
AACGAACACCCGA,0,1
AACGAACCCAGGG,0,1
AACGAACCGAGGA,1,1
AACGAACGAGGGA,0,1
AACGAAGAAAGAA,1,1
AACGAAGAACGGG,0,1
AACGAAGACACAG,0,1
AACGAAGAGAAAG,0,1
AACGAAGAGGACA,0,2
AACGAAGCAAAAA,0,1
AACGAAGCAACCG,0,1
AACGAAGCAACGA,0,1
AACGAAGCAGGAG,2,4
AACGAAGCCCGGA,0,1
AACGAAGCGAAAC,0,1
AACGAAGCGGCAA,0,1
AACGAAGGAAAAA,1,1
AACGAAGGCGAAC,1,1
AACGAAGGCGACA,0,1
AACGAAGGCGGCG,0,1
AACGACAACAACA,0,1
AACGACAACGCGG,0,1
AACGACACCAAGG,0,1
AACGACAGACCAA,0,1
AACGACAGACCAG,0,1
AACGACAGACCGC,0,1
AACGACAGCGACG,0,1
AACGACAGGAAAG,0,11
AACGACAGGAAGG,0,1
AACGACAGGGAGA,0,1
AACGACCAAAGGA,1,1
AACGACCAGCCGA,0,1
AACGACCCAAGAG,0,1
AACGACGAACGAA,0,2
AACGACGACAAAG,0,1
AACGACGACACAG,0,1
AACGACGACAGGG,0,1
AACGACGCCAAGA,0,1
AACGACGCGAGAA,1,1
AACGACGGACGAA,0,1
AACGACGGACGGC,0,1
AACGAGAAGAACC,0,1
AACGAGAAGACAA,0,1
AACGAGACAGAGA,1,1
AACGAGACCGCCG,1,1
AACGAGAGAAAAA,0,1
AACGAGAGAAGCC,0,1
AACGAGAGACGGC,1,1
AACGAGAGAGAGC,23,23
AACGAGAGCACCA,0,1
AACGAGAGCCCAC,0,1
AACGAGAGGCAGG,0,1
AACGAGAGGGGGA,0,1
AACGAGCAAAAAA,0,1
AACGAGCAAAGCA,0,3
AACGAGCAACAAA,1,1
AACGAGCCACACA,0,1
AACGAGCCACGGC,0,1
AACGAGCGACGCC,0,1
AACGAGGAAAAGA,0,1
AACGAGGAGAACA,0,1
AACGAGGAGAGAG,0,1
AACGAGGAGGACA,0,1
AACGAGGAGGCCG,1,1
AACGAGGAGGCGG,0,1
AACGAGGCCACGG,0,1
AACGAGGCGAGAG,0,1
AACGAGGGAGCAG,1,1
AACGAGGGAGGAG,0,1
AACGCAAAAGGAA,0,1
AACGCAAAGAAAC,0,2
AACGCAAAGAACG,0,1
AACGCAACAGCGC,0,1
AACGCAACCCAAC,0,1
AACGCAACCGGGA,0,5
AACGCAACGCAAC,0,1
AACGCAAGACACA,0,1
AACGCAAGCACAA,0,1
AACGCAAGCACAC,0,3
AACGCAAGCCCAG,0,1
AACGCAAGGGCCA,0,1
AACGCACAACAGG,0,1
AACGCACACCAGG,0,1
AACGCACCAAAAA,0,1
AACGCACCAACAC,0,1
AACGCACCCACCC,0,1
AACGCACCGCCCG,0,1
AACGCACGAGCGG,0,1
AACGCAGACGACA,0,1
AACGCAGCACGCA,0,1
AACGCAGCCAAAG,0,1
AACGCAGCCCGGA,0,1
AACGCAGCGCGCG,0,1
AACGCAGCGGGCA,1,1
AACGCAGGCCCCG,0,1
AACGCCAACAGAG,0,1
AACGCCACCAGCA,0,1
AACGCCACCCAGC,0,1
AACGCCACCGAGA,0,1
AACGCCACGGGGC,1,1
AACGCCAGACAAA,0,1
AACGCCAGGGCAA,0,1
AACGCCCAAAAAG,0,1
AACGCCCAAGCAG,0,1
AACGCCCACAGAA,0,1
AACGCCCACGGAA,0,1
AACGCCCCCACCA,0,1
AACGCCCCCGGAA,0,1
AACGCCGAGACGG,0,1
AACGCCGAGCAGG,0,1
AACGCCGAGCCCG,0,1
AACGCCGCAAAAG,0,1
AACGCCGCAAAGG,0,1
AACGCCGCCGGAA,0,1
AACGCCGCCGGCC,0,1
AACGCCGCGCACA,0,1
AACGCCGCGGGCC,0,1
AACGCCGGACCAG,0,1
AACGCCGGCAACA,0,1
AACGCGAAAGGAA,0,1
AACGCGAGAAAGA,0,1
AACGCGAGCACGG,1,2
AACGCGAGGCGGC,0,1
AACGCGCAAAGCG,1,1
AACGCGCAAGCGC,0,1
AACGCGCCAACAA,0,1
AACGCGCCCGAGC,0,1
AACGCGCGCAGCC,0,1
AACGCGCGCCACC,0,1
AACGCGCGCGCAC,0,1
AACGCGCGCGGCC,0,1
AACGCGGAGAGGA,0,1
AACGCGGCAACAA,0,1
AACGCGGCACGAG,0,1
AACGCGGGAAAGA,1,1
AACGCGGGAGAAC,0,1
AACGCGGGCACAG,1,2
AACGCGGGGCCGC,0,1
AACGCGGGGCGAA,0,1
AACGGAAAAAAAG,0,1
AACGGAAAAACCC,0,1
AACGGAAAAGAAA,0,1
AACGGAAAAGAGA,0,1
AACGGAAAAGGGC,1,1
AACGGAAACCGAG,0,1
AACGGAAAGAAGA,0,1
AACGGAAAGGGAG,0,1
AACGGAACAAAAG,0,1
AACGGAACAACGC,0,1
AACGGAACACGAA,0,3
AACGGAACCAAGC,1,3
AACGGAAGAAACC,0,1
AACGGAAGAAGGA,0,1
AACGGAAGACAAC,0,1
AACGGAAGCGAAC,0,1
AACGGAAGGACGG,0,1
AACGGACCAAAAC,0,2
AACGGAGAGAAAG,0,1
AACGGAGCAAAAA,1,1
AACGGAGCAGAGA,0,1
AACGGAGCCGAAG,0,1
AACGGAGCCGAGC,0,1
AACGGAGCGAAAA,1,1
AACGGAGGAAAAC,0,1
AACGGAGGGAGAA,0,1
AACGGAGGGGGCG,0,1
AACGGCAAAAACA,0,1
AACGGCAAAAACC,0,1
AACGGCAAAGCAC,0,1
AACGGCAACACAC,0,1
AACGGCAAGCGAG,0,1
AACGGCACCGGCG,0,4
AACGGCACGAGGA,0,1
AACGGCACGCGCC,0,1
AACGGCAGAAACG,0,1
AACGGCAGAGACC,0,2
AACGGCAGCACGC,0,2
AACGGCAGCCGGA,1,1
AACGGCAGCGCCG,0,1
AACGGCAGGCGGC,0,1
AACGGCAGGGAAG,0,1
AACGGCCAAAAGC,0,1
AACGGCCACCAGG,0,1
AACGGCCACCGGG,0,1
AACGGCCACGCCA,0,1
AACGGCCAGGCGA,3,4
AACGGCCCGGCAA,0,1
AACGGCCGCCCGC,0,1
AACGGCCGCCGCG,0,1
AACGGCGAAGACA,0,1
AACGGCGACCAGG,0,1
AACGGCGACGAAC,0,1
AACGGCGCAGGAG,0,1
AACGGCGCGACGA,0,1
AACGGCGCGGCGA,0,1
AACGGCGGAAAAC,0,2
AACGGCGGAAGAC,0,1
AACGGCGGCAGCG,0,1
AACGGCGGCCGCG,0,1
AACGGCGGCGGCC,0,1
AACGGGAAACACA,0,1
AACGGGAAAGCAA,0,1
AACGGGAACACGG,0,1
AACGGGAACCAAA,0,3
AACGGGAACGGAC,1,1
AACGGGAAGGCGA,0,6
AACGGGAAGGGCC,0,1
AACGGGACAAGGA,0,1
AACGGGACGGAAG,0,1
AACGGGACGGCGG,0,1
AACGGGACGGGGC,0,1
AACGGGAGAACAC,0,1
AACGGGAGCAAGG,0,1
AACGGGAGCGAAC,0,1
AACGGGAGGAGAG,0,1
AACGGGAGGAGGG,0,1
AACGGGCAGCCAA,0,2
AACGGGCAGCCAC,0,2
AACGGGCCGAACG,0,1
AACGGGCCGCAGA,0,1
AACGGGCGGCGGG,0,1
AACGGGGAAAAAA,0,1
AACGGGGAACAAG,0,1
AACGGGGAACACG,1,1
AACGGGGACCGAG,0,1
AACGGGGAGAGAG,0,1
AACGGGGCAAAAC,0,1
AACGGGGCCCGCC,0,1
AACGGGGGACCCG,0,1
AACGGGGGCAGAG,1,2
AACGGGGGCCAAA,0,1
AACGGGGGCCGAG,0,1
AAGAAAAAAAAAA,0,3
AAGAAAAAAAAAC,0,1
AAGAAAAAAAACC,0,1
AAGAAAAAAAAGA,0,1
AAGAAAAAAAAGG,0,1
AAGAAAAAAAGAA,0,2
AAGAAAAAAAGCA,0,1
AAGAAAAAACAAA,0,2
AAGAAAAAACAAC,0,1
AAGAAAAAACACC,0,1
AAGAAAAAACAGG,0,1
AAGAAAAAACCGG,0,1
AAGAAAAAACGGA,0,1
AAGAAAAAAGAAA,0,1
AAGAAAAAAGAAG,0,1
AAGAAAAAAGAGG,0,1
AAGAAAAAAGCGG,0,1
AAGAAAAAAGGAA,0,1
AAGAAAAACAACG,0,1
AAGAAAAACAGGA,0,5
AAGAAAAACCAGA,0,1
AAGAAAAAGAAAA,0,4
AAGAAAAAGAAAG,0,1
AAGAAAAAGAAGA,0,1
AAGAAAAAGAGAA,0,1
AAGAAAAAGAGGC,0,1
AAGAAAAAGGACC,0,1
AAGAAAAAGGAGA,0,2
AAGAAAACAAAAA,0,1
AAGAAAACAAAGC,0,8
AAGAAAACAACCA,0,1
AAGAAAACACAAG,0,1
AAGAAAACACCCA,0,1
AAGAAAACACGAA,0,1
AAGAAAACACGAC,0,1
AAGAAAACACGGA,0,2
AAGAAAACAGCGC,0,1
AAGAAAACAGCGG,0,1
AAGAAAACCAAGG,1,1
AAGAAAACCACAG,0,1
AAGAAAACCAGGA,0,1
AAGAAAACCCACA,0,1
AAGAAAACCCACC,1,1
AAGAAAACCCGAC,0,1
AAGAAAACCGAGG,0,1
AAGAAAACCGGAA,0,1
AAGAAAACGCCGC,0,1
AAGAAAACGGCAC,0,1
AAGAAAACGGGAG,0,2
AAGAAAAGAAAAA,0,2
AAGAAAAGAAAAC,0,1
AAGAAAAGAAAAG,0,2
AAGAAAAGAAAGA,0,1
AAGAAAAGAAAGC,0,14
AAGAAAAGAAAGG,0,2
AAGAAAAGAACAA,0,2
AAGAAAAGAACGC,0,13
AAGAAAAGAAGAG,0,2
AAGAAAAGAAGGA,0,1
AAGAAAAGACAAA,0,2
AAGAAAAGAGAAC,1,1
AAGAAAAGAGACA,0,3
AAGAAAAGAGAGC,0,1
AAGAAAAGAGAGG,0,1
AAGAAAAGAGGAA,0,1
AAGAAAAGAGGAG,1,3
AAGAAAAGAGGGC,0,1
AAGAAAAGCAGCA,0,1
AAGAAAAGCAGGA,0,1
AAGAAAAGCGAAC,0,1
AAGAAAAGGAAGG,0,1
AAGAAAAGGACAG,0,1
AAGAAAAGGAGAA,0,1
AAGAAAAGGAGAG,0,1
AAGAAAAGGAGCA,0,1
AAGAAAAGGCAAG,1,1
AAGAAAAGGGAGA,0,1
AAGAAAAGGGGAA,0,1
AAGAAACAAAAAA,0,1
AAGAAACAAAAGA,0,1
AAGAAACAAAGAA,0,2
AAGAAACAAAGAC,0,1
AAGAAACAACAAA,0,1
AAGAAACAACAAC,0,2
AAGAAACAACCCC,0,1
AAGAAACAAGCAC,0,1
AAGAAACAAGCAG,1,1
AAGAAACACAAAA,0,1
AAGAAACACACAG,0,1
AAGAAACACAGAA,0,1
AAGAAACAGAAGA,1,1
AAGAAACAGCAGA,1,1
AAGAAACCAAAGC,0,3
AAGAAACCACACA,0,1
AAGAAACCCAAAG,0,1
AAGAAACCCAGAC,0,2
AAGAAACGAAAGA,1,1
AAGAAACGAGCAA,0,1
AAGAAACGCAAGC,0,1
AAGAAACGCAGGC,0,1
AAGAAACGCCAGA,0,1
AAGAAACGCGCGC,0,1
AAGAAACGCGGAG,0,1
AAGAAACGCGGCG,1,1
AAGAAACGGGCCC,0,1
AAGAAAGAAAAAA,0,3
AAGAAAGAAACAA,0,1
AAGAAAGAAAGAA,1,1
AAGAAAGAAAGAG,0,1
AAGAAAGAAAGGA,0,2
AAGAAAGAACAGG,0,1
AAGAAAGAAGAAG,1,1
AAGAAAGAAGCAA,0,1
AAGAAAGAAGGAA,0,2
AAGAAAGAAGGGG,0,1
AAGAAAGACAAAA,0,1
AAGAAAGACCGCA,0,1
AAGAAAGAGAAAA,0,1
AAGAAAGAGAAAG,0,1
AAGAAAGAGACAG,0,2
AAGAAAGAGACGG,0,1
AAGAAAGAGAGAA,0,2
AAGAAAGAGAGAG,0,3
AAGAAAGAGAGCA,8,8
AAGAAAGAGAGCC,0,1
AAGAAAGAGAGGA,0,2
AAGAAAGAGAGGC,0,3
AAGAAAGAGAGGG,0,1
AAGAAAGAGCAAG,0,2
AAGAAAGAGCCAA,0,1
AAGAAAGAGGAAA,1,1
AAGAAAGAGGGCG,1,1
AAGAAAGCAAAGC,0,1
AAGAAAGCAAGAG,0,1
AAGAAAGCAAGGA,0,1
AAGAAAGCCCCCC,0,1
AAGAAAGCCGAGG,0,1
AAGAAAGCGAAGG,0,1
AAGAAAGGAAAAA,0,1
AAGAAAGGAAGAA,0,1
AAGAAAGGAAGGA,0,1
AAGAAAGGACGGC,0,1
AAGAAAGGAGACA,0,1
AAGAAAGGAGGCA,0,1
AAGAAAGGAGGGC,0,2
AAGAAAGGCACAA,0,1
AAGAAAGGCAGCA,0,1
AAGAAAGGGACAG,0,1
AAGAAAGGGAGCA,2,2
AAGAAAGGGCGCC,0,1
AAGAACAAAAAAG,0,1
AAGAACAAAGAAG,0,6
AAGAACAACAGGA,0,1
AAGAACAAGAAAA,0,1
AAGAACAAGAACC,0,1
AAGAACAAGGAAG,0,1
AAGAACAAGGACA,1,2
AAGAACAAGGAGA,1,1
AAGAACAAGGCAG,0,4
AAGAACACAAACA,0,1
AAGAACACAAAGA,0,3
AAGAACACAAAGC,0,4
AAGAACACAACAC,0,1
AAGAACACACAAA,0,1
AAGAACACCCAAA,1,1
AAGAACAGAAAGA,0,1
AAGAACAGACAGC,0,1
AAGAACAGAGAAA,0,1
AAGAACAGAGAGA,0,1
AAGAACAGAGCCG,1,1
AAGAACAGAGGCC,1,1
AAGAACAGCAGAA,0,1
AAGAACAGCGGAA,0,1
AAGAACAGGGCCA,0,2
AAGAACAGGGGGA,0,1
AAGAACCAAACAA,0,1
AAGAACCAAAGGC,0,1
AAGAACCAACAAA,0,1
AAGAACCAACCAC,0,1
AAGAACCAAGCGG,1,1
AAGAACCAAGGCG,0,1
AAGAACCACAAGA,0,2
AAGAACCACAGCA,0,2
AAGAACCAGAACA,0,1
AAGAACCAGGAAC,0,1
AAGAACCCACCGA,0,1
AAGAACCCAGAGC,0,1
AAGAACCCAGGCG,0,1
AAGAACCCCAACC,0,1
AAGAACCCCCAGC,0,1
AAGAACCGGAAGC,0,1
AAGAACCGGCCGC,0,1
AAGAACGAAACGA,0,1
AAGAACGAAAGAG,0,1
AAGAACGAACAAA,0,1
AAGAACGAACAAG,1,1
AAGAACGACCCAA,0,1
AAGAACGAGAGCA,1,1
AAGAACGAGAGGG,0,1
AAGAACGAGCCAC,0,1
AAGAACGAGGCGC,0,1
AAGAACGGAAAGG,0,1
AAGAACGGAGACA,0,1
AAGAACGGAGGGG,0,1
AAGAACGGCAAAG,0,1
AAGAACGGGAGGA,0,1
AAGAACGGGGCCG,0,1
AAGAAGAAAAAAA,0,2
AAGAAGAAAAAAC,0,1
AAGAAGAAAAAAG,0,1
AAGAAGAAAAAGA,0,3
AAGAAGAAAAAGC,0,1
AAGAAGAAAACAG,0,1
AAGAAGAAAACCG,0,1
AAGAAGAAAAGAA,0,1
AAGAAGAAAAGAG,0,3
AAGAAGAAACAAC,1,1
AAGAAGAAACACA,0,1
AAGAAGAAAGCAA,0,1
AAGAAGAACACAG,0,1
AAGAAGAACAGAA,0,1
AAGAAGAACAGAG,0,1
AAGAAGAACCCAC,0,1
AAGAAGAACCCAG,0,1
AAGAAGAACGAAA,0,1
AAGAAGAAGAAAA,1,2
AAGAAGAAGAACA,0,2
AAGAAGAAGAAGA,2,7
AAGAAGAAGAAGC,0,1
AAGAAGAAGAAGG,0,2
AAGAAGAAGACGA,0,3
AAGAAGAAGAGAA,0,1
AAGAAGAAGAGAG,0,2
AAGAAGAAGAGCC,0,1
AAGAAGAAGAGGA,0,5
AAGAAGAAGAGGG,0,1
AAGAAGAAGCAAA,0,1
AAGAAGAAGCGGC,0,1
AAGAAGAAGGAGA,0,2
AAGAAGAAGGCGG,0,1
AAGAAGAAGGGCA,0,1
AAGAAGACAAAGC,0,1
AAGAAGACAAGCG,0,1
AAGAAGACGACGA,1,3
AAGAAGACGACGG,0,1
AAGAAGACGCAAA,0,1
AAGAAGACGCAGA,0,1
AAGAAGAGAAAAG,0,1
AAGAAGAGAAAGA,0,2
AAGAAGAGAAAGC,0,6
AAGAAGAGAAAGG,0,1
AAGAAGAGAAGAG,0,1
AAGAAGAGAGAAC,0,1
AAGAAGAGAGAGA,0,4
AAGAAGAGCAAGG,0,1
AAGAAGAGCACAA,0,1
AAGAAGAGCAGAA,0,1
AAGAAGAGCCAGG,0,1
AAGAAGAGCGCGC,0,1
AAGAAGAGGAAAC,0,2
AAGAAGAGGAACC,0,2
AAGAAGAGGAAGA,1,3
AAGAAGAGGACAA,0,4
AAGAAGAGGAGAG,0,1
AAGAAGAGGAGGA,0,1
AAGAAGAGGGCGA,0,1
AAGAAGAGGGGAG,1,1
AAGAAGAGGGGCC,0,1
AAGAAGAGGGGGA,0,2
AAGAAGCAAAAGA,0,1
AAGAAGCAAGAGA,0,1
AAGAAGCAAGAGC,0,1
AAGAAGCAAGCGA,0,1
AAGAAGCAGAAAA,0,1
AAGAAGCAGAACG,0,1
AAGAAGCAGAAGC,1,2
AAGAAGCAGACAG,0,1
AAGAAGCAGAGGA,0,1
AAGAAGCAGCCGG,0,1
AAGAAGCAGCGAG,0,1
AAGAAGCAGGAGG,0,1
AAGAAGCCCAAAA,0,3
AAGAAGCCCAGGA,0,1
AAGAAGCCGAGGG,0,1
AAGAAGCGAAACA,1,1
AAGAAGCGACCAC,0,1
AAGAAGCGCAGCG,0,1
AAGAAGCGCGCGC,0,1
AAGAAGCGGGCCG,0,1
AAGAAGGAAAAAA,0,1
AAGAAGGAAAGAG,0,1
AAGAAGGAACAAC,1,1
AAGAAGGAACCGC,0,1
AAGAAGGAAGAAA,0,1
AAGAAGGAAGAAG,0,2
AAGAAGGAAGACA,0,1
AAGAAGGAAGACG,0,1
AAGAAGGAAGAGA,0,2
AAGAAGGAAGAGC,0,1
AAGAAGGACACAC,1,1
AAGAAGGAGAAAA,0,1
AAGAAGGAGAAGA,0,1
AAGAAGGAGAAGC,0,1
AAGAAGGAGGAGG,0,1
AAGAAGGCGAAGA,0,1
AAGAAGGCGAGCG,0,1
AAGAAGGGAAACC,0,1
AAGAAGGGAACGG,0,9
AAGAAGGGAGAAA,0,1
AAGAAGGGAGGAG,0,1
AAGAAGGGCACAA,0,1
AAGAAGGGGAAAA,0,1
AAGAAGGGGAAGC,0,1
AAGAAGGGGAGCA,0,1
AAGAAGGGGCAGG,0,1
AAGAAGGGGGCAC,0,1
AAGACAAAAAAAG,0,1
AAGACAAAAACAG,0,1
AAGACAAAACAAA,0,1
AAGACAAAACAAC,0,1
AAGACAAAAGAGA,0,1
AAGACAAACAAAA,0,2
AAGACAAACAAAG,1,1
AAGACAAACAGGC,0,1
AAGACAAACGAAA,0,1
AAGACAAAGGAAG,0,1
AAGACAAAGGCGG,0,1
AAGACAACAAAGA,0,1
AAGACAACAACAA,0,1
AAGACAACAAGGA,0,1
AAGACAACCGGAA,0,1
AAGACAACGGCAC,0,1
AAGACAAGAAAAG,0,1
AAGACAAGAAAGA,0,1
AAGACAAGACAAC,0,1
AAGACAAGCAACA,0,2
AAGACAAGCAAGG,0,1
AAGACAAGGAAAA,0,1
AAGACACACGCCC,0,1
AAGACACACGCGG,12,12
AAGACACAGAGGA,0,1
AAGACACAGCCAA,0,1
AAGACACAGGGGG,0,1
AAGACACCAAAGG,0,1
AAGACACCAAGAG,0,1
AAGACACCCAAGG,0,1
AAGACACCCGAGG,0,3
AAGACAGAAAAAA,0,1
AAGACAGAAACGG,0,1
AAGACAGAAGAGC,0,1
AAGACAGAAGGAG,1,1
AAGACAGAAGGGC,1,1
AAGACAGAGAACG,0,1
AAGACAGAGAAGC,0,1
AAGACAGAGACAG,0,1
AAGACAGAGAGGA,0,1
AAGACAGAGCAGA,0,1
AAGACAGAGCGCC,0,1
AAGACAGAGGAAG,0,1
AAGACAGCAAAGC,0,1
AAGACAGCACGGG,0,1
AAGACAGCAGACC,0,1
AAGACAGCCAAAC,0,2
AAGACAGCGACGA,1,1
AAGACAGCGGCAA,0,1
AAGACAGGAAAGC,0,1
AAGACAGGAAGAA,1,1
AAGACAGGACAGG,0,1
AAGACAGGAGAAG,0,1
AAGACAGGCAGCG,1,1
AAGACAGGCCAGG,0,1
AAGACAGGGAACA,0,1
AAGACAGGGAAGA,0,2
AAGACAGGGACGA,0,1
AAGACAGGGAGCA,1,1
AAGACAGGGGCCG,0,1
AAGACCAAAAAAC,0,1
AAGACCAAAAAAG,0,1
AAGACCAAAACAC,0,1
AAGACCAAAACCA,0,1
AAGACCAAAACGA,0,1
AAGACCAAAAGAC,0,1
AAGACCAAACGAG,1,1
AAGACCAACACAC,0,1
AAGACCACCAGCG,0,1
AAGACCAGAAGAG,1,1
AAGACCAGACCAC,0,1
AAGACCAGACCCA,0,1
AAGACCAGCAGCC,0,1
AAGACCAGGCCAC,0,1
AAGACCCAGAGAG,0,1
AAGACCCCAGAAG,0,1
AAGACCCCCGAGG,0,1
AAGACCGAGGGAC,0,1
AAGACCGCAAAGA,0,1
AAGACCGCGACCG,0,1
AAGACCGCGCAAC,2,2
AAGACCGCGCGGA,1,1
AAGACGAAAAACC,0,1
AAGACGAAAGACA,1,1
AAGACGAAAGGGG,1,1
AAGACGAACAAAA,22,23
AAGACGACAACAA,0,1
AAGACGACAAGAA,0,1
AAGACGACCGCCG,0,1
AAGACGACGACGA,1,3
AAGACGACGAGCC,0,1
AAGACGACGGACG,0,1
AAGACGAGAAAAA,0,1
AAGACGAGCAAAA,19,22
AAGACGAGCCGAA,0,7
AAGACGAGCGAAA,1,1
AAGACGAGGAAAC,0,1
AAGACGAGGCGGG,0,1
AAGACGAGGGCCC,0,1
AAGACGCAAAGAA,0,1
AAGACGCAGAGGA,0,2
AAGACGCCCAAAA,0,1
AAGACGCGACAAG,0,1
AAGACGGAAGCCA,0,2
AAGACGGACACGA,0,1
AAGACGGACAGCA,0,1
AAGACGGAGAGAG,0,1
AAGACGGAGGAGG,0,1
AAGACGGCAACAA,0,1
AAGACGGCAGCGC,0,1
AAGACGGCCAAGG,0,1
AAGACGGCCCGGG,1,2
AAGACGGCGCACC,0,1
AAGACGGGAGAAG,3,3
AAGACGGGAGGAA,2,3
AAGACGGGGAACA,0,2
AAGACGGGGACGA,0,1
AAGAGAAAAAAAA,0,1
AAGAGAAAAAAAG,0,1
AAGAGAAAAAACA,0,1
AAGAGAAAAACAA,0,1
AAGAGAAAAACCG,0,1
AAGAGAAAAAGCG,0,1
AAGAGAAAACCAG,0,1
AAGAGAAAACGGG,0,1
AAGAGAAAAGAAA,0,1
AAGAGAAAAGACA,0,1
AAGAGAAAAGCAC,1,1
AAGAGAAACAAAA,0,6
AAGAGAAACCACC,0,1
AAGAGAAACGCAA,0,2
AAGAGAAAGAAAA,0,3
AAGAGAAAGAAAG,0,2
AAGAGAAAGAACA,1,1
AAGAGAAAGAAGA,0,1
AAGAGAAAGAGCC,0,1
AAGAGAAAGGGAG,0,1
AAGAGAAAGGGGC,1,1
AAGAGAACCAACA,0,1
AAGAGAACCGCAC,0,1
AAGAGAACCGGCC,0,1
AAGAGAACGAGGG,0,1
AAGAGAAGAAACG,1,1
AAGAGAAGAACAA,0,1
AAGAGAAGAAGAA,0,1
AAGAGAAGAAGAG,0,4
AAGAGAAGACAAA,0,1
AAGAGAAGAGAAC,0,1
AAGAGAAGAGAGC,1,1
AAGAGAAGAGAGG,0,1
AAGAGAAGAGCAG,0,1
AAGAGAAGAGGCG,0,1
AAGAGAAGAGGGA,0,1
AAGAGAAGAGGGC,0,2
AAGAGAAGCAGAA,0,1
AAGAGAAGCAGGA,0,1
AAGAGAAGCCGCA,0,1
AAGAGAAGCGAGG,0,1
AAGAGAAGGAACG,0,1
AAGAGAAGGAAGC,0,1
AAGAGAAGGAAGG,0,1
AAGAGACAAAACA,0,2
AAGAGACAAAACG,0,2
AAGAGACAAAAGA,0,1
AAGAGACACAGGG,0,1
AAGAGACAGAAAA,0,1
AAGAGACAGAAGG,0,1
AAGAGACAGACAC,0,1
AAGAGACAGAGAA,0,1
AAGAGACAGCGAA,0,2
AAGAGACAGGAGA,1,4
AAGAGACAGGCCG,1,1
AAGAGACCAAAAC,0,1
AAGAGACCAAAAG,0,1
AAGAGACCAAACA,0,1
AAGAGACCAACAC,0,1
AAGAGACCAAGAC,0,2
AAGAGACCGACCG,0,1
AAGAGACCGAGAG,0,1
AAGAGACGAAAAA,0,1
AAGAGACGAACAC,2,2
AAGAGACGACCCA,1,1
AAGAGACGCGGCG,0,1
AAGAGACGGACAA,0,1
AAGAGAGAAAAAC,0,1
AAGAGAGAAAAAG,0,1
AAGAGAGAAAACC,0,1
AAGAGAGAAACGG,0,1
AAGAGAGAAAGAG,0,2
AAGAGAGAAAGGG,0,1
AAGAGAGAACGGC,0,1
AAGAGAGAAGAGC,0,2
AAGAGAGAAGCCA,0,2
AAGAGAGAAGCCG,0,1
AAGAGAGACAAAA,0,3
AAGAGAGACAGGA,1,1
AAGAGAGACCACA,0,1
AAGAGAGACGCGC,0,1
AAGAGAGAGAAAA,0,4
AAGAGAGAGAAAC,0,4
AAGAGAGAGAACC,0,1
AAGAGAGAGAGAG,0,7
AAGAGAGAGAGCA,45,45
AAGAGAGAGAGGA,0,1
AAGAGAGAGAGGC,0,1
AAGAGAGAGGCAG,0,1
AAGAGAGAGGGAG,0,1
AAGAGAGCAAGGA,0,1
AAGAGAGCAAGGC,0,1
AAGAGAGCACAAA,0,2
AAGAGAGCACAAC,0,4
AAGAGAGCACACA,1,2
AAGAGAGCACAGC,0,1
AAGAGAGCACCAC,0,1
AAGAGAGCACGCA,1,1
AAGAGAGCAGCAC,0,1
AAGAGAGCCAAGA,0,1
AAGAGAGCCAGAA,1,1
AAGAGAGCGAGCA,3,3
AAGAGAGCGGCAG,0,1
AAGAGAGCGGGAG,0,1
AAGAGAGGAAAAA,0,1
AAGAGAGGAACCG,0,1
AAGAGAGGAAGGC,0,1
AAGAGAGGAGAAA,0,2
AAGAGAGGAGAGC,0,1
AAGAGAGGAGCAG,1,1
AAGAGAGGCACAG,0,1
AAGAGAGGCAGAA,1,1
AAGAGAGGCAGCG,0,1
AAGAGAGGCCAGA,1,1
AAGAGAGGCGCCC,0,1
AAGAGAGGCGGAG,0,1
AAGAGAGGGAAGC,0,1
AAGAGAGGGAGAG,0,2
AAGAGAGGGAGCA,7,7
AAGAGAGGGAGGC,0,1
AAGAGAGGGGCCG,0,1
AAGAGCAAACACA,0,2
AAGAGCAAACCAG,0,1
AAGAGCAAAGAAG,1,1
AAGAGCAACAACA,0,1
AAGAGCAACCCAG,0,1
AAGAGCAAGAAAC,0,1
AAGAGCAAGAAGC,0,1
AAGAGCAAGCCAA,0,1
AAGAGCAAGGCCA,0,1
AAGAGCACACCAG,0,1
AAGAGCACAGGGG,1,1
AAGAGCACCAAAA,0,1
AAGAGCACCAGGA,0,1
AAGAGCACCCCGG,0,2
AAGAGCACGGCCC,0,1
AAGAGCAGAAGCA,0,2
AAGAGCAGAGACG,0,1
AAGAGCAGCAAAA,1,1
AAGAGCAGCAGAA,1,1
AAGAGCAGCAGCA,0,1
AAGAGCAGCAGGC,0,1
AAGAGCAGCCAGA,0,1
AAGAGCAGCCGGA,1,1
AAGAGCAGCGCCG,0,1
AAGAGCAGCGGGC,0,1
AAGAGCAGGAACA,0,2
AAGAGCAGGAGGA,0,1
AAGAGCAGGGAAC,0,1
AAGAGCAGGGCAG,0,1
AAGAGCCAAACGG,0,1
AAGAGCCAAGAGA,0,1
AAGAGCCACAACA,0,1
AAGAGCCACCGCA,0,1
AAGAGCCACCGCC,0,1
AAGAGCCACGGGA,0,1
AAGAGCCAGAACC,0,1
AAGAGCCAGAGAC,0,1
AAGAGCCAGAGCG,0,1
AAGAGCCAGCACA,0,1
AAGAGCCAGGAGG,0,1
AAGAGCCAGGCGA,0,1
AAGAGCCAGGGGC,0,1
AAGAGCCCAGCCA,0,1
AAGAGCCCAGCCC,0,1
AAGAGCCCCGCCA,0,1
AAGAGCCGCCGCG,1,1
AAGAGCCGCGGAG,0,1
AAGAGCCGCGGCG,0,1
AAGAGCCGCGGGA,0,1
AAGAGCCGGAGGG,0,1
AAGAGCGAAAACC,0,1
AAGAGCGAAACGG,0,1
AAGAGCGAACGAA,0,5
AAGAGCGAACGCA,0,5
AAGAGCGAACGGA,0,1
AAGAGCGACGGCG,0,1
AAGAGCGAGAGAG,0,1
AAGAGCGAGAGGA,0,1
AAGAGCGCAGACC,0,2
AAGAGCGCAGAGC,0,1
AAGAGCGCCACAC,0,2
AAGAGCGGAAAGG,0,1
AAGAGCGGACCAA,0,2
AAGAGCGGACGAA,0,2
AAGAGCGGAGCCG,0,1
AAGAGGAAAAAGA,0,1
AAGAGGAAAAAGC,0,1
AAGAGGAAAAGGA,0,1
AAGAGGAAAGGAA,0,3
AAGAGGAACAACA,0,1
AAGAGGAACCCAA,0,2
AAGAGGAAGAAAA,0,8
AAGAGGAAGAAAG,0,6
AAGAGGAAGAACG,0,1
AAGAGGAAGAAGA,0,1
AAGAGGAAGAAGG,0,2
AAGAGGAAGACAG,0,1
AAGAGGAAGACGC,0,2
AAGAGGAAGACGG,0,1
AAGAGGAAGAGAA,0,3
AAGAGGAAGAGAG,0,4
AAGAGGAAGAGGA,0,1
AAGAGGAAGAGGC,0,1
AAGAGGAAGCAAA,0,2
AAGAGGAAGCCAG,0,1
AAGAGGAAGCGGC,0,1
AAGAGGAAGGCAC,0,1
AAGAGGAAGGGAG,0,2
AAGAGGACAAAGG,1,1
AAGAGGACGAAGA,0,1
AAGAGGACGACGA,0,1
AAGAGGACGCACC,0,5
AAGAGGACGCAGG,1,1
AAGAGGACGGAGG,0,1
AAGAGGAGAAAGA,0,1
AAGAGGAGAAAGC,0,1
AAGAGGAGAAAGG,1,1
AAGAGGAGAAGCG,0,1
AAGAGGAGACAAG,0,1
AAGAGGAGACCGG,0,1
AAGAGGAGACGAG,1,1
AAGAGGAGAGAGC,0,2
AAGAGGAGAGGAG,0,2
AAGAGGAGCACAG,0,1
AAGAGGAGCAGAA,1,1
AAGAGGAGGAAAC,0,1
AAGAGGAGGAACA,0,1
AAGAGGAGGAAGA,0,1
AAGAGGAGGAAGC,0,15
AAGAGGAGGACGG,0,1
AAGAGGAGGAGAA,0,1
AAGAGGAGGAGCA,0,4
AAGAGGAGGAGGA,0,3
AAGAGGAGGCACA,0,2
AAGAGGAGGCCGA,0,1
AAGAGGAGGGAGC,0,1
AAGAGGAGGGGCC,0,1
AAGAGGCAAAAGA,0,1
AAGAGGCAAAAGC,0,1
AAGAGGCAAAAGG,0,1
AAGAGGCAAAGGA,0,1
AAGAGGCAAGAAC,0,1
AAGAGGCAAGAGA,0,1
AAGAGGCAAGGCA,0,1
AAGAGGCACAGGC,0,1
AAGAGGCACCAAA,1,1
AAGAGGCAGAAAA,0,1
AAGAGGCAGAACA,1,1
AAGAGGCAGAAGG,0,1
AAGAGGCAGAGAA,0,1
AAGAGGCAGAGAC,0,1
AAGAGGCAGAGAG,0,2
AAGAGGCAGAGCA,1,2
AAGAGGCAGGACC,0,1
AAGAGGCCCACGC,0,1
AAGAGGCCCGGCC,1,1
AAGAGGCGAAAAC,0,1
AAGAGGCGACAAA,0,2
AAGAGGCGACCGC,0,1
AAGAGGCGCAAAG,0,1
AAGAGGCGCCCCA,0,1
AAGAGGCGGGAAC,0,1
AAGAGGGAAAAGA,0,1
AAGAGGGAAAAGC,0,1
AAGAGGGAAAGGG,0,2
AAGAGGGAACCCG,0,1
AAGAGGGAAGAAG,0,2
AAGAGGGAAGACA,0,1
AAGAGGGAAGCAA,0,1
AAGAGGGAAGGAG,1,1
AAGAGGGAAGGGG,0,1
AAGAGGGACACAG,0,1
AAGAGGGACAGAG,0,1
AAGAGGGACGAGG,0,1
AAGAGGGACGGAG,0,1
AAGAGGGAGAGAG,1,3
AAGAGGGAGCCCA,0,1
AAGAGGGAGGCAA,2,2
AAGAGGGAGGGAA,0,1
AAGAGGGCAACCA,0,1
AAGAGGGCCAAGG,0,2
AAGAGGGCGAGGA,0,1
AAGAGGGCGGAGC,0,1
AAGAGGGCGGCAG,0,1
AAGAGGGCGGGCA,0,1
AAGAGGGGAAAGA,0,3
AAGAGGGGAAAGC,0,1
AAGAGGGGACAGG,0,1
AAGAGGGGAGGGG,1,1
AAGAGGGGCCACA,0,1
AAGAGGGGCCAGG,0,1
AAGAGGGGCGGAG,0,1
AAGAGGGGGAGAG,0,1
AAGAGGGGGCAAC,0,1
AAGAGGGGGGAAG,0,1
AAGAGGGGGGAGA,0,1
AAGCAAAAAACAA,0,1
AAGCAAAAAACCA,0,1
AAGCAAAAAAGAC,0,1
AAGCAAAAACACC,0,1
AAGCAAAAAGAAA,0,1
AAGCAAAAAGGAG,0,1
AAGCAAAAAGGCA,0,1
AAGCAAAACAAAA,0,1
AAGCAAAACAGCA,0,1
AAGCAAAAGAAAG,0,1
AAGCAAAAGACAA,0,1
AAGCAAAAGACCA,0,1
AAGCAAAAGGACC,0,1
AAGCAAACACAAA,0,2
AAGCAAACCAAGG,0,1
AAGCAAACCAGCC,0,1
AAGCAAACCCAAC,0,1
AAGCAAACGAAGG,0,1
AAGCAAACGGAGA,0,1
AAGCAAACGGCCA,0,3
AAGCAAAGAAAAC,0,1
AAGCAAAGAAAAG,0,3
AAGCAAAGAAGAA,0,1
AAGCAAAGACAGA,0,1
AAGCAAAGACCAA,0,1
AAGCAAAGAGCAC,0,1
AAGCAAAGCAAAA,0,1
AAGCAAAGCAAAG,0,1
AAGCAAAGCCAGG,0,2
AAGCAAAGGAAAA,0,1
AAGCAAAGGCAAG,0,1
AAGCAAAGGCAGA,0,1
AAGCAAAGGGCCC,0,1
AAGCAACAAAAAA,0,1
AAGCAACAAACAC,0,1
AAGCAACAAAGCA,0,1
AAGCAACAAGAGG,1,1
AAGCAACAAGGAG,0,5
AAGCAACAAGGCA,0,1
AAGCAACAGAAAA,0,1
AAGCAACAGCAAC,0,1
AAGCAACAGGAAG,0,1
AAGCAACAGGCCC,0,1
AAGCAACAGGGAG,0,1
AAGCAACAGGGCG,0,1
AAGCAACCCAGAG,0,1
AAGCAACGAGAGG,2,2
AAGCAAGAAAAAG,0,1
AAGCAAGAAAACG,0,2
AAGCAAGAAAAGA,0,1
AAGCAAGAAACGC,0,1
AAGCAAGAACAGG,0,1
AAGCAAGACAAAA,0,1
AAGCAAGACAAAG,1,1
AAGCAAGACCCAC,0,1
AAGCAAGACGCAA,0,1
AAGCAAGAGAACC,1,1
AAGCAAGAGACAA,0,1
AAGCAAGAGAGAG,0,1
AAGCAAGCACAGA,0,1
AAGCAAGCAGAGG,0,1
AAGCAAGCCCGGC,0,1
AAGCAAGCGGGGG,0,1
AAGCAAGGAAAAA,0,1
AAGCAAGGCGAGG,1,1
AAGCAAGGCGGCA,0,1
AAGCAAGGGAAAG,0,1
AAGCAAGGGAGGG,0,1
AAGCACAAAAAAA,0,1
AAGCACAAACACA,0,1
AAGCACAAAGACG,0,1
AAGCACAAAGGAA,1,1
AAGCACAACAGAA,0,1
AAGCACAACCAAG,0,1
AAGCACAACCCAA,0,1
AAGCACAACCCGA,0,2
AAGCACAAGAAGA,0,1
AAGCACAAGAGAC,0,4
AAGCACAAGAGGC,0,3
AAGCACACAAAAA,0,1
AAGCACACAAGGA,0,1
AAGCACACACAAC,0,1
AAGCACACACACA,0,2
AAGCACACACAGG,0,1
AAGCACACACCAC,0,1
AAGCACACAGGGC,0,1
AAGCACACCACCG,0,1
AAGCACACGAAAA,0,1
AAGCACACGAACC,0,1
AAGCACACGCACA,0,1
AAGCACACGGCAG,0,1
AAGCACAGAAAGA,0,1
AAGCACAGACACG,0,1
AAGCACAGAGAGC,0,4
AAGCACAGGCCAA,0,5
AAGCACAGGGAAA,0,1
AAGCACAGGGACA,0,1
AAGCACAGGGGAG,0,1
AAGCACCACGAGA,4,4
AAGCACCACGGAA,0,1
AAGCACCACGGGA,0,1
AAGCACCAGACAG,0,1
AAGCACCAGAGAA,0,1
AAGCACCAGGGAA,0,1
AAGCACCAGGGAC,0,2
AAGCACCCAAAAA,0,1
AAGCACCGAAGCA,1,1
AAGCACCGAGGGC,0,1
AAGCACCGCCGCG,1,1
AAGCACCGCGGAA,0,14
AAGCACCGCGGGA,2,6
AAGCACGAAGGCA,0,1
AAGCACGACAACA,0,1
AAGCACGAGAAAA,0,2
AAGCACGAGAAGC,0,1
AAGCACGAGAGAG,0,1
AAGCACGAGGAAG,0,1
AAGCACGCCCCCC,0,1
AAGCACGGAACGG,0,1
AAGCACGGAAGGC,0,1
AAGCAGAAAAGAC,0,1
AAGCAGAAACCAG,0,2
AAGCAGAACAGGA,0,2
AAGCAGAAGAAGG,0,2
AAGCAGAAGACGC,0,1
AAGCAGAAGAGAA,1,1
AAGCAGAAGAGCA,0,1
AAGCAGAAGAGGC,0,1
AAGCAGAAGCCAA,0,1
AAGCAGAAGCCGA,0,1
AAGCAGAAGCGCA,0,1
AAGCAGAAGGAGG,0,1
AAGCAGAAGGCAC,1,1
AAGCAGAAGGGCA,0,3
AAGCAGACACCAG,0,1
AAGCAGACAGCAG,0,1
AAGCAGACAGGGC,0,1
AAGCAGACCAAGA,0,1
AAGCAGACGACAA,0,1
AAGCAGACGCGAG,0,1
AAGCAGACGGGAA,0,1
AAGCAGAGAAGGC,0,1
AAGCAGAGACAAA,1,1
AAGCAGAGACAAC,0,1
AAGCAGAGAGAAG,0,1
AAGCAGAGAGGCA,1,1
AAGCAGAGCACAA,0,1
AAGCAGAGCAGAA,0,1
AAGCAGAGCGACC,0,1
AAGCAGAGGAAGC,0,1
AAGCAGAGGCGAC,0,1
AAGCAGCAAACGG,0,1
AAGCAGCAACCAC,0,1
AAGCAGCAAGCAG,0,1
AAGCAGCAAGGAC,1,1
AAGCAGCACAGAA,1,1
AAGCAGCACAGAC,0,2
AAGCAGCACAGGC,0,1
AAGCAGCAGACCA,0,1
AAGCAGCAGAGAA,0,4
AAGCAGCAGAGCA,0,1
AAGCAGCAGGCAC,0,1
AAGCAGCCAAGGA,0,1
AAGCAGCCACAAC,0,1
AAGCAGCCACAGC,0,5
AAGCAGCCAGAGC,0,1
AAGCAGCCCAAGA,0,1
AAGCAGCCCAGGA,1,2
AAGCAGCCGGGCC,0,1
AAGCAGCCGGGCG,0,2
AAGCAGCCGGGGC,0,1
AAGCAGCGAGCCA,0,1
AAGCAGCGAGCGC,0,1
AAGCAGCGCCCCA,0,1
AAGCAGCGCCGGC,0,1
AAGCAGCGGACAC,0,5
AAGCAGCGGCAGC,0,2
AAGCAGCGGGAAG,0,1
AAGCAGGAACCGA,1,1
AAGCAGGAACCGG,0,2
AAGCAGGACCAGA,0,1
AAGCAGGACCAGG,0,1
AAGCAGGAGCCGA,0,1
AAGCAGGAGGGAG,0,3
AAGCAGGCAACAA,0,1
AAGCAGGCACCGA,0,1
AAGCAGGCACGCG,0,6
AAGCAGGCAGAGA,1,2
AAGCAGGCCAACC,0,2
AAGCAGGCCAAGC,0,1
AAGCAGGCCCCAG,0,1
AAGCAGGCGAAAC,1,2
AAGCAGGCGAAGA,0,1
AAGCAGGGAAAGG,0,1
AAGCAGGGAACGG,1,1
AAGCAGGGAGAGC,0,1
AAGCAGGGAGCCA,0,1
AAGCAGGGAGGCA,0,1
AAGCAGGGCAGGC,0,1
AAGCAGGGCGGAA,1,1
AAGCAGGGGAACA,0,2
AAGCAGGGGAGGA,0,1
AAGCAGGGGCGAC,0,1
AAGCAGGGGCGCC,0,1
AAGCCAAAAAAAG,0,1
AAGCCAAAAAACA,0,1
AAGCCAAAACAAC,0,1
AAGCCAAAACAGA,0,1
AAGCCAAAACGAC,0,1
AAGCCAAAACGCG,0,1
AAGCCAAAAGAAA,0,1
AAGCCAAAAGAGC,0,1
AAGCCAAACCAAG,0,1
AAGCCAAAGCACA,0,1
AAGCCAACACGAG,0,1
AAGCCAACCACAG,1,1
AAGCCAACCACCA,0,1
AAGCCAACCCCCC,0,1
AAGCCAAGACGGA,0,1
AAGCCAAGCAAGC,0,1
AAGCCAAGCCAAG,0,1
AAGCCAAGCCAGG,0,1
AAGCCAAGCCCAC,0,1
AAGCCAAGGAAAG,0,1
AAGCCAAGGACGC,0,1
AAGCCAAGGCACA,0,1
AAGCCAAGGCAGA,1,1
AAGCCAAGGCCCA,0,1
AAGCCACAAAGCC,0,1
AAGCCACACAGCC,1,1
AAGCCACAGAAAC,0,2
AAGCCACAGCAGG,0,1
AAGCCACAGCCAA,0,3
AAGCCACAGGAGC,0,1
AAGCCACCAGAGC,1,1
AAGCCACCAGAGG,1,1
AAGCCACCCGGCC,0,1
AAGCCACCGAACA,0,2
AAGCCACCGCGGG,0,1
AAGCCACGACAAG,0,1
AAGCCACGACACA,0,1
AAGCCACGGAAGA,0,1
AAGCCACGGGACC,0,1
AAGCCAGAACAAC,0,1
AAGCCAGAAGAGC,0,1
AAGCCAGAGCGGG,0,1
AAGCCAGAGGAAA,0,1
AAGCCAGAGGCGC,0,1
AAGCCAGCCAGGG,0,1
AAGCCAGCGCGAC,0,1
AAGCCAGGAAAAG,0,1
AAGCCAGGAACGG,0,1
AAGCCAGGAAGAG,0,1
AAGCCAGGAGAAC,0,1
AAGCCAGGCCAGC,0,1
AAGCCAGGCCCAG,0,1
AAGCCAGGCCCGG,1,1
AAGCCAGGGACCC,0,1
AAGCCAGGGAGAA,0,1
AAGCCAGGGAGGC,0,1
AAGCCAGGGCACA,0,1
AAGCCAGGGGGCG,4,4
AAGCCCAAAAAAG,0,1
AAGCCCAAAACAA,0,4
AAGCCCAAAAGGA,0,1
AAGCCCAAAAGGG,0,1
AAGCCCAAACAGA,0,1
AAGCCCAAAGAGC,0,2
AAGCCCAAAGCAG,0,1
AAGCCCAAGACCG,0,1
AAGCCCAAGCGCC,1,1
AAGCCCACCAGGC,0,1
AAGCCCACCGAAG,0,1
AAGCCCAGAACAA,0,1
AAGCCCAGACCGC,1,2
AAGCCCAGCGAGG,0,1
AAGCCCAGGGAGC,0,1
AAGCCCAGGGCAG,0,3
AAGCCCAGGGCCC,0,1
AAGCCCCAAGCAA,0,1
AAGCCCCACAGGA,0,1
AAGCCCCACCAGA,0,1
AAGCCCCAGAGCA,0,1
AAGCCCCAGAGCC,0,1
AAGCCCCAGCAGA,0,1
AAGCCCCAGGGAC,0,1
AAGCCCCCAACCC,0,1
AAGCCCCCACAGG,0,1
AAGCCCCCAGCAC,0,1
AAGCCCCCGAAAC,0,1
AAGCCCCGAAAGG,0,1
AAGCCCCGGCAGG,0,1
AAGCCCCGGGAGG,0,1
AAGCCCCGGGGGC,0,1
AAGCCCGAGAAAG,0,2
AAGCCCGAGCCCG,0,1
AAGCCCGAGGCAG,0,1
AAGCCCGCAGAAG,0,1
AAGCCCGCCACCG,0,1
AAGCCCGCCAGGC,1,1
AAGCCCGGACGAG,0,1
AAGCCCGGAGACC,0,1
AAGCCCGGAGCGG,0,9
AAGCCCGGGGCGG,0,1
AAGCCGAAAAGCC,0,1
AAGCCGAAAGGAA,0,1
AAGCCGACCCAAC,0,2
AAGCCGACCCGGG,0,1
AAGCCGAGACCCA,0,1
AAGCCGAGAGGAC,0,1
AAGCCGAGAGGGC,0,1
AAGCCGAGGGAAA,0,1
AAGCCGAGGGCAG,0,1
AAGCCGCAAAAGA,0,1
AAGCCGCAAACCA,0,1
AAGCCGCAGCACG,0,1
AAGCCGCCACCGC,0,1
AAGCCGCCGCCGC,1,1
AAGCCGCGCCGCC,0,1
AAGCCGCGGGAGA,0,1
AAGCCGGAGCGGC,0,1
AAGCCGGCAGGAC,1,1
AAGCCGGCCAAGG,0,2
AAGCCGGCCAGGA,0,1
AAGCCGGCCGCGG,0,1
AAGCCGGCCGGCA,0,1
AAGCCGGGCCAAA,0,1
AAGCCGGGGCCAG,0,1
AAGCGAAAAGGAG,0,1
AAGCGAAACAAGA,1,1
AAGCGAAACAGCG,0,1
AAGCGAAACCGCA,0,1
AAGCGAAAGGCCC,0,1
AAGCGAAAGGGAG,0,1
AAGCGAACAAAGA,0,1
AAGCGAACAACAA,0,2
AAGCGAACCAAAA,0,1
AAGCGAAGAAAGA,0,1
AAGCGAAGAAGAA,0,1
AAGCGAAGACCAC,0,1
AAGCGAAGGAACC,0,1
AAGCGAAGGACAC,0,1
AAGCGAAGGAGGA,0,1
AAGCGAAGGCGGA,0,1
AAGCGACAACAAA,0,1
AAGCGACAAGAAA,0,1
AAGCGACAGACCG,0,1
AAGCGACCACAAG,0,1
AAGCGACCCACCC,0,1
AAGCGACCGAAAG,0,1
AAGCGACGAGAGG,0,1
AAGCGACGAGCGC,0,1
AAGCGACGGACAG,3,3
AAGCGAGAAAGAA,0,1
AAGCGAGAAGAAA,0,1
AAGCGAGAGGAGC,1,1
AAGCGAGCAAAAA,0,1
AAGCGAGCAAAGA,4,4
AAGCGAGCACCCA,0,1
AAGCGAGCCAACC,1,1
AAGCGAGCGAAGA,0,1
AAGCGAGGACGAG,0,1
AAGCGAGGAGGCA,0,1
AAGCGAGGCCGCC,0,1
AAGCGCAAACGGA,0,1
AAGCGCAACAAAA,0,1
AAGCGCAACCGGG,0,1
AAGCGCAAGCCGA,0,1
AAGCGCACAAGAG,0,1
AAGCGCACGCCGG,0,1
AAGCGCAGACACC,0,1
AAGCGCAGCGAAA,0,1
AAGCGCCAAGACC,0,1
AAGCGCCAGCCGC,0,1
AAGCGCCAGGGAC,0,3
AAGCGCCCGCCGC,0,1
AAGCGCCGGCGAG,0,1
AAGCGCCGGCGGC,0,1
AAGCGCGAGAACA,0,1
AAGCGCGAGGGGC,0,1
AAGCGCGCAAGCG,0,1
AAGCGCGCAGACG,0,1
AAGCGCGCCAAAC,0,1
AAGCGCGCGCGCG,0,1
AAGCGCGGCGACA,0,1
AAGCGCGGCGACC,0,2
AAGCGCGGCGGGC,0,1
AAGCGCGGGAAGA,0,1
AAGCGCGGGCAGG,0,1
AAGCGGAGAGAGC,0,1
AAGCGGAGCCAAA,0,1
AAGCGGAGGAACC,0,1
AAGCGGAGGAGCA,0,1
AAGCGGAGGAGCC,0,1
AAGCGGAGGAGGG,0,1
AAGCGGAGGCGAC,0,1
AAGCGGAGGGCGC,0,1
AAGCGGCAAAGAG,0,1
AAGCGGCAAGCAA,0,1
AAGCGGCAAGGGA,0,1
AAGCGGCCGCCCG,0,1
AAGCGGCCGGAGC,0,1
AAGCGGCGAGAGA,0,1
AAGCGGCGCCAGG,0,1
AAGCGGCGCCCCG,0,1
AAGCGGCGCCGCC,0,1
AAGCGGCGGCGGC,0,1
AAGCGGGAGACAA,0,4
AAGCGGGAGCGAG,0,1
AAGCGGGCACGAG,0,1
AAGCGGGCAGGCG,1,1
AAGCGGGCCAGCG,0,1
AAGCGGGCCGAGG,0,1
AAGCGGGCGCGAG,0,1
AAGCGGGCGCGGC,0,1
AAGCGGGGACGAC,0,1
AAGCGGGGAGACA,0,2
AAGCGGGGGGGCG,1,1
AAGGAAAAAAAAA,0,4
AAGGAAAAAAAAC,0,1
AAGGAAAAAAAAG,0,1
AAGGAAAAAACAC,0,1
AAGGAAAAAGAAA,0,1
AAGGAAAAAGAAC,0,1
AAGGAAAAAGAGG,0,1
AAGGAAAACAAAA,0,1
AAGGAAAACAAGG,1,1
AAGGAAAACACCA,0,1
AAGGAAAACACGG,0,1
AAGGAAAACAGAA,0,1
AAGGAAAACGAGA,0,1
AAGGAAAACGGGC,0,1
AAGGAAAAGAAAC,0,1
AAGGAAAAGAAAG,0,1
AAGGAAAAGAAGA,0,1
AAGGAAAAGAAGG,0,4
AAGGAAAAGCACG,0,1
AAGGAAAAGGAAA,0,1
AAGGAAAAGGAAG,0,1
AAGGAAAAGGAGC,1,1
AAGGAAAAGGAGG,0,1
AAGGAAAAGGGAA,0,1
AAGGAAACAAGGA,0,1
AAGGAAACACAAC,0,1
AAGGAAACACACG,0,1
AAGGAAACACAGA,0,1
AAGGAAACAGGAA,0,1
AAGGAAACCCACC,0,1
AAGGAAACGAAGG,0,1
AAGGAAACGCAGC,0,1
AAGGAAACGGAAA,0,1
AAGGAAAGAAACA,0,1
AAGGAAAGAAAGC,0,1
AAGGAAAGAAGAC,0,1
AAGGAAAGAAGAG,1,1
AAGGAAAGAGAAA,0,1
AAGGAAAGCAGCA,0,1
AAGGAAAGCCAAA,0,2
AAGGAAAGCCAAG,0,1
AAGGAAAGCGAGA,0,1
AAGGAAAGCGCCC,0,1
AAGGAAAGGAAAA,0,1
AAGGAAAGGAAAG,0,1
AAGGAAAGGAACC,0,1
AAGGAAAGGAGAA,0,1
AAGGAAAGGAGCG,0,1
AAGGAAAGGGAGA,0,2
AAGGAAAGGGCGC,0,1
AAGGAACAAAAAA,0,1
AAGGAACAAAGCA,1,1
AAGGAACAAGGAG,0,1
AAGGAACACAAAA,0,1
AAGGAACAGCAAG,0,1
AAGGAACAGGCCA,0,1
AAGGAACAGGGGA,0,1
AAGGAACCAAAGG,0,2
AAGGAACCAAGAC,0,1
AAGGAACCAAGCA,0,1
AAGGAACCAAGGC,1,2
AAGGAACCAGAAA,1,2
AAGGAACCAGAAG,0,1
AAGGAACCAGGAC,0,1
AAGGAACCAGGGC,0,1
AAGGAACCCCGAG,0,1
AAGGAACCCGAGA,0,1
AAGGAACGAAGGC,0,1
AAGGAACGCCCAC,0,1
AAGGAACGCGGGG,1,1
AAGGAACGGAGCC,0,1
AAGGAACGGGAAC,0,1
AAGGAACGGGGAG,0,1
AAGGAAGAAACAG,1,1
AAGGAAGAAAGAC,0,1
AAGGAAGAAAGAG,0,2
AAGGAAGAAAGGA,0,2
AAGGAAGAACAAG,0,2
AAGGAAGAACCAA,0,1
AAGGAAGAACCCA,0,1
AAGGAAGAACGGG,1,1
AAGGAAGAAGAAA,0,1
AAGGAAGAAGAAC,0,1
AAGGAAGAAGAAG,0,1
AAGGAAGAAGAGG,1,2
AAGGAAGAAGCCA,1,1
AAGGAAGAAGGGA,0,1
AAGGAAGACAAAA,0,1
AAGGAAGACAAGC,0,1
AAGGAAGACGAGA,0,1
AAGGAAGAGAACA,1,1
AAGGAAGAGAACG,0,3
AAGGAAGAGACCC,0,1
AAGGAAGAGAGAA,0,1
AAGGAAGAGAGAG,0,1
AAGGAAGAGCACC,0,1
AAGGAAGAGCAGG,0,2
AAGGAAGAGGAAG,0,1
AAGGAAGAGGAGG,0,1
AAGGAAGAGGCCC,0,1
AAGGAAGAGGGGA,0,2
AAGGAAGCACGGA,4,4
AAGGAAGCAGAGA,0,1
AAGGAAGCAGAGC,1,1
AAGGAAGCAGAGG,0,1
AAGGAAGCAGCAA,0,3
AAGGAAGCCAGGA,0,1
AAGGAAGCCCGCA,0,1
AAGGAAGCGAACA,0,1
AAGGAAGGAAACA,0,1
AAGGAAGGAAAGA,0,3
AAGGAAGGAAGGC,0,1
AAGGAAGGACAAG,2,2
AAGGAAGGACAGC,0,1
AAGGAAGGACCAA,0,1
AAGGAAGGCAAGG,0,1
AAGGAAGGCAGGG,0,6
AAGGAAGGCGAAG,0,1
AAGGAAGGCGACA,0,1
AAGGAAGGGAAAG,0,1
AAGGAAGGGCAGA,0,1
AAGGAAGGGGGAG,2,2
AAGGAAGGGGGCA,0,1
AAGGAAGGGGGGC,0,1
AAGGACAAAAAGC,0,1
AAGGACAAAACCG,0,1
AAGGACAACAAGA,0,1
AAGGACAACAGAC,1,1
AAGGACAACGAGA,1,1
AAGGACAAGACAC,0,1
AAGGACAAGAGGA,1,1
AAGGACAAGGAGA,0,1
AAGGACACCAGAA,0,1
AAGGACACCCAAG,0,1
AAGGACACCCGAG,0,1
AAGGACACGCCAG,0,1
AAGGACACGGGGA,0,1
AAGGACAGAAACA,0,3
AAGGACAGAGACA,0,1
AAGGACAGAGGAA,1,1
AAGGACAGCAAAG,3,4
AAGGACAGCAAGA,0,7
AAGGACAGCACCA,0,2
AAGGACAGCCAAA,0,1
AAGGACAGCGCCA,0,1
AAGGACAGGGAAA,0,1
AAGGACAGGGCGG,0,1
AAGGACCAAAAAC,0,1
AAGGACCAAAAAG,0,1
AAGGACCAAAACC,0,15
AAGGACCAAAACG,0,6
AAGGACCAAAAGA,0,1
AAGGACCAAACAA,0,1
AAGGACCAAACAG,0,1
AAGGACCAAACCA,0,2
AAGGACCAAACCG,0,2
AAGGACCAAAGAG,0,1
AAGGACCAAAGGG,0,1
AAGGACCAAGGGC,0,1
AAGGACCACCACC,0,1
AAGGACCACCCCC,0,1
AAGGACCAGAGGG,0,1
AAGGACCAGCCCA,0,1
AAGGACCAGGACC,0,1
AAGGACCCAGACA,0,1
AAGGACCCAGAGC,0,1
AAGGACCCAGAGG,0,1
AAGGACCCAGCAC,0,1
AAGGACCCCAAAG,0,1
AAGGACCCCACCC,0,1
AAGGACCCCCAGA,0,1
AAGGACCCGCGGC,0,1
AAGGACCGCCCAG,0,1
AAGGACGAAGAAA,0,1
AAGGACGACACGA,0,1
AAGGACGAGACAG,0,1
AAGGACGAGGGCA,0,1
AAGGACGCAGACC,0,1
AAGGACGCAGAGC,0,1
AAGGACGCAGGAA,1,1
AAGGACGCGAGCA,0,1
AAGGACGGACCCA,0,1
AAGGACGGAGGCG,1,1
AAGGACGGCAGAA,1,1
AAGGAGAAAAAAA,0,1
AAGGAGAAAAACG,0,1
AAGGAGAAAACAA,0,1
AAGGAGAAACAAA,0,1
AAGGAGAAACACG,0,1
AAGGAGAAAGAAG,0,2
AAGGAGAAAGAGC,0,1
AAGGAGAAAGGGG,0,3
AAGGAGAACCCAA,1,5
AAGGAGAACGAGG,0,1
AAGGAGAACGCGG,0,1
AAGGAGAAGAAAG,0,1
AAGGAGAAGAAGA,0,1
AAGGAGAAGACAG,0,2
AAGGAGAAGAGGC,0,1
AAGGAGAAGCAAA,0,1
AAGGAGAAGCAGC,0,1
AAGGAGAAGCAGG,0,1
AAGGAGAAGCCCC,0,1
AAGGAGAAGCGAC,0,1
AAGGAGAAGGAGA,0,1
AAGGAGAAGGGAC,0,3
AAGGAGAAGGGCA,0,1
AAGGAGAAGGGCC,1,1
AAGGAGACAAAAA,0,1
AAGGAGACAACAA,0,1
AAGGAGACAGGCA,1,1
AAGGAGACCCGGC,0,1
AAGGAGACGAACG,0,1
AAGGAGACGGGAA,2,2
AAGGAGACGGGGA,0,1
AAGGAGAGAAAAA,0,1
AAGGAGAGAACAC,0,1
AAGGAGAGAACCA,0,3
AAGGAGAGAAGAA,0,1
AAGGAGAGACAGC,0,2
AAGGAGAGAGAAG,0,1
AAGGAGAGAGAGA,0,1
AAGGAGAGAGAGC,2,2
AAGGAGAGAGAGG,0,1
AAGGAGAGCCAAC,0,1
AAGGAGAGCCAGG,0,1
AAGGAGAGCCCAA,0,2
AAGGAGAGCCCAG,0,1
AAGGAGAGCCCCA,0,1
AAGGAGAGCGAGG,0,1
AAGGAGAGGAGGA,0,2
AAGGAGCAAGAAG,0,1
AAGGAGCAAGACG,0,1
AAGGAGCAAGCCG,0,1
AAGGAGCACGCAG,0,1
AAGGAGCAGAGGA,0,1
AAGGAGCAGAGGG,0,2
AAGGAGCAGCCCA,0,1
AAGGAGCAGCGGG,0,1
AAGGAGCAGGGCA,0,1
AAGGAGCCAAGCA,8,11
AAGGAGCCAGAGC,0,1
AAGGAGCCCAGCA,0,1
AAGGAGCCCCCAG,0,1
AAGGAGCCGCAGG,0,1
AAGGAGCGACCGG,0,1
AAGGAGCGAGACA,0,1
AAGGAGCGCAAAG,1,1
AAGGAGCGGAAAG,0,1
AAGGAGGAAAAAC,0,1
AAGGAGGAAAACA,0,1
AAGGAGGAAAAGG,0,1
AAGGAGGAAACAG,1,1
AAGGAGGAAAGGG,0,1
AAGGAGGACAGGA,0,1
AAGGAGGAGAGGG,0,1
AAGGAGGAGCCAA,0,1
AAGGAGGAGCGGG,1,1
AAGGAGGAGGAAA,0,1
AAGGAGGAGGACA,0,1
AAGGAGGAGGAGG,0,2
AAGGAGGAGGCAG,0,1
AAGGAGGAGGCCC,0,1
AAGGAGGCAAACC,0,1
AAGGAGGCAACAA,0,1
AAGGAGGCAGAAG,0,6
AAGGAGGCAGCGG,0,1
AAGGAGGCAGGGG,0,14
AAGGAGGCCCACC,0,1
AAGGAGGCCGGCG,0,1
AAGGAGGCGAAGG,0,1
AAGGAGGCGCCGG,0,1
AAGGAGGCGGCGG,0,1
AAGGAGGGAAGAG,0,1
AAGGAGGGACAGG,0,1
AAGGAGGGAGGGA,0,1
AAGGAGGGCAAAC,0,1
AAGGAGGGGACCC,0,1
AAGGAGGGGGGGA,0,1
AAGGCAAAAAAGA,0,1
AAGGCAAAACAAC,0,1
AAGGCAAAACAAG,0,1
AAGGCAAAACAGC,0,1
AAGGCAAAACCAC,0,1
AAGGCAAAACCGA,0,2
AAGGCAAAAGCAG,0,1
AAGGCAAACACAC,0,1
AAGGCAAACCGGA,0,1
AAGGCAAACGACA,0,1
AAGGCAAAGAAGA,0,1
AAGGCAAAGCAAG,0,1
AAGGCAAAGGAAA,0,1
AAGGCAAAGGCAA,0,1
AAGGCAAAGGCAG,0,1
AAGGCAAAGGGAC,17,37
AAGGCAACACGCA,1,1
AAGGCAACAGAAG,1,1
AAGGCAACAGGGA,0,1
AAGGCAACCGCGG,0,1
AAGGCAAGCAAGG,0,1
AAGGCAAGCAGCA,0,1
AAGGCAAGCAGCG,0,1
AAGGCAAGGACAG,0,1
AAGGCAAGGCAAG,0,1
AAGGCAAGGCACC,0,1
AAGGCAAGGGAAA,0,1
AAGGCAAGGGGGA,0,1
AAGGCACAAAAGA,0,1
AAGGCACAAGAAC,1,1
AAGGCACACAGCA,0,1
AAGGCACACCAAA,0,1
AAGGCACCCAAGG,0,1
AAGGCACCCAGGA,1,2
AAGGCACCCCCAC,0,1
AAGGCACCGCAGG,0,1
AAGGCACCGGGAA,0,1
AAGGCACGAAACA,0,2
AAGGCAGAAACAG,0,1
AAGGCAGACAGGA,0,1
AAGGCAGACCCAA,0,1
AAGGCAGACGACG,0,1
AAGGCAGAGAACA,0,1
AAGGCAGAGAAGC,0,1
AAGGCAGAGAGCG,0,1
AAGGCAGAGAGGC,0,1
AAGGCAGAGGAGG,1,1
AAGGCAGCAAAGA,0,1
AAGGCAGCAAAGC,0,1
AAGGCAGCAAAGG,0,1
AAGGCAGCACACC,0,1
AAGGCAGCAGGAG,0,1
AAGGCAGCCCCAG,0,1
AAGGCAGCGAAGG,0,2
AAGGCAGGAACAG,0,1
AAGGCAGGAAGAG,1,1
AAGGCAGGAAGGA,0,1
AAGGCAGGACCGA,1,1
AAGGCAGGAGAAA,1,1
AAGGCAGGAGCCC,0,1
AAGGCAGGCAGAA,0,1
AAGGCAGGCAGAC,1,1
AAGGCAGGCAGGA,0,1
AAGGCAGGCAGGC,1,1
AAGGCAGGGACAG,0,18
AAGGCAGGGAGGG,0,2
AAGGCAGGGCCCC,4,4
AAGGCAGGGGAAC,0,1
AAGGCAGGGGACA,0,1
AAGGCCAAACCGA,0,1
AAGGCCAAAGCGG,0,1
AAGGCCAAAGGAA,1,1
AAGGCCAACAAGA,0,1
AAGGCCAACACGA,0,1
AAGGCCAACCCCA,0,1
AAGGCCAAGGCCC,0,1
AAGGCCAAGGGGA,0,1
AAGGCCACAAGCC,0,1
AAGGCCACACCAA,0,1
AAGGCCACGGAGG,0,2
AAGGCCAGACCCA,0,1
AAGGCCAGCACGG,0,1
AAGGCCAGCCAGC,0,1
AAGGCCAGCCCCA,0,1
AAGGCCAGGACCC,0,1
AAGGCCAGGGACC,0,1
AAGGCCAGGGAGC,0,1
AAGGCCCAAAGAA,0,1
AAGGCCCAAGAGA,0,1
AAGGCCCAAGAGC,0,2
AAGGCCCACACGA,0,1
AAGGCCCACACGG,0,1
AAGGCCCACCCGG,0,1
AAGGCCCACGGCG,1,1
AAGGCCCAGAGGA,0,1
AAGGCCCAGGAGC,1,1
AAGGCCCAGGGGC,0,1
AAGGCCCCAGAGC,0,1
AAGGCCCCAGCAC,0,1
AAGGCCCCAGGCC,0,1
AAGGCCCCCGCCA,0,1
AAGGCCCCGAAAC,0,1
AAGGCCCGAAAAG,0,1
AAGGCCCGCAACA,0,1
AAGGCCCGGCGGA,1,1
AAGGCCGAGACCA,0,1
AAGGCCGAGCAAC,0,1
AAGGCCGAGCAGA,0,1
AAGGCCGCAGGGA,0,1
AAGGCCGCGGAGG,0,1
AAGGCCGGCACCG,0,1
AAGGCCGGGGCAG,0,1
AAGGCGAAGAAAA,0,1
AAGGCGAAGCCGG,0,1
AAGGCGAAGGCCA,0,1
AAGGCGAAGGCGA,0,1
AAGGCGAAGGGGA,0,1
AAGGCGACAACAG,0,11
AAGGCGACAGAAG,0,2
AAGGCGACAGCAG,0,1
AAGGCGACCCACA,0,1
AAGGCGACCCGAG,0,1
AAGGCGACGACAG,0,1
AAGGCGAGAAGAA,0,1
AAGGCGAGAAGCA,0,1
AAGGCGAGAGAGC,0,1
AAGGCGAGCCGAA,0,1
AAGGCGCAAAACG,0,1
AAGGCGCACAAGG,2,4
AAGGCGCAGCAGC,0,2
AAGGCGCCGGCAC,0,1
AAGGCGCGCGACG,0,1
AAGGCGCGCGAGG,0,1
AAGGCGCGGAGGC,0,1
AAGGCGCGGCAGA,0,1
AAGGCGGAGCGCA,0,1
AAGGCGGAGCGGC,1,1
AAGGCGGCAGAAC,0,2
AAGGCGGCAGCAA,0,1
AAGGCGGCGGAAC,0,5
AAGGCGGCGGCGG,1,4
AAGGCGGGAAACA,0,1
AAGGCGGGACCGA,0,1
AAGGCGGGAGAAG,3,3
AAGGCGGGAGAGG,1,1
AAGGCGGGCAGAG,0,1
AAGGCGGGCCGGG,0,1
AAGGGAAAAAAAA,0,1
AAGGGAAAAACGC,0,2
AAGGGAAAAAGAA,0,1
AAGGGAAAAAGGA,0,1
AAGGGAAAAAGGC,2,12
AAGGGAAAACAAA,0,1
AAGGGAAACCAAG,0,1
AAGGGAAACCGAG,0,1
AAGGGAAACGCAC,0,1
AAGGGAAACGCCA,0,1
AAGGGAAACGGCG,0,1
AAGGGAAAGAAAA,1,3
AAGGGAAAGAAAG,0,1
AAGGGAAAGAAGA,0,1
AAGGGAAAGCACA,0,1
AAGGGAAAGCGGC,0,2
AAGGGAAAGGACG,0,1
AAGGGAAAGGCAA,1,1
AAGGGAAAGGGAG,0,1
AAGGGAACAACAA,0,1
AAGGGAACAGCGG,0,1
AAGGGAACCACGG,1,1
AAGGGAACCCAGA,0,2
AAGGGAACCCAGC,0,1
AAGGGAACGAGGA,0,1
AAGGGAACGCAAG,0,1
AAGGGAACGGAAA,0,1
AAGGGAAGAAAAC,0,1
AAGGGAAGAAAGA,0,1
AAGGGAAGAAAGC,0,1
AAGGGAAGAAGCA,0,1
AAGGGAAGAAGGA,1,1
AAGGGAAGACCAA,0,1
AAGGGAAGCCCAC,0,4
AAGGGAAGCCCAG,0,1
AAGGGAAGCCCCA,1,1
AAGGGAAGCGGAG,0,1
AAGGGAAGCGGGC,0,1
AAGGGAAGGCAGG,1,1
AAGGGAAGGCGAC,0,1
AAGGGAAGGGGAG,0,1
AAGGGACAAAAAA,0,1
AAGGGACAAAACA,1,1
AAGGGACAAGAAG,0,1
AAGGGACACAGCA,1,1
AAGGGACAGAGAC,0,1
AAGGGACAGCAGA,1,1
AAGGGACAGCCAA,0,1
AAGGGACAGGACA,0,3
AAGGGACAGGGAG,1,1
AAGGGACCAAAAC,0,27
AAGGGACCAAACC,0,3
AAGGGACCAAGCA,1,1
AAGGGACCCAACA,0,1
AAGGGACCCAAGC,0,1
AAGGGACCCGGAA,0,1
AAGGGACCGCGGG,0,1
AAGGGACCGGAGA,1,1
AAGGGACGAAACA,0,2
AAGGGACGCCCGG,0,1
AAGGGACGCGCGG,0,1
AAGGGACGGAGGG,0,1
AAGGGACGGGCAA,1,1
AAGGGAGAAAAAA,0,1
AAGGGAGAAAAGC,0,1
AAGGGAGAAAGAG,0,2
AAGGGAGAAGACA,1,1
AAGGGAGAAGAGA,0,1
AAGGGAGAAGAGC,1,3
AAGGGAGAAGCCA,0,1
AAGGGAGAAGGGC,1,1
AAGGGAGACAAGC,0,1
AAGGGAGACAGGA,1,1
AAGGGAGAGAAAG,1,1
AAGGGAGAGAGAG,0,3
AAGGGAGAGAGGG,0,1
AAGGGAGAGCAGA,0,2
AAGGGAGAGCAGG,0,3
AAGGGAGAGCCCC,0,1
AAGGGAGCAAAAC,0,1
AAGGGAGCAAGCA,1,1
AAGGGAGCAGAAG,1,1
AAGGGAGCAGGAC,0,1
AAGGGAGCAGGAG,0,1
AAGGGAGCCAAGC,0,1
AAGGGAGCCCAGG,0,1
AAGGGAGCGCAGG,0,11
AAGGGAGCGCCCC,0,2
AAGGGAGGAGCGG,0,3
AAGGGAGGAGGAG,1,1
AAGGGAGGAGGGA,0,2
AAGGGAGGCAGAG,0,1
AAGGGAGGCAGGA,0,1
AAGGGAGGCCACA,0,1
AAGGGAGGCCCAC,0,4
AAGGGAGGGAAGC,0,2
AAGGGAGGGCAAC,0,1
AAGGGAGGGCCAG,0,1
AAGGGAGGGCGGC,0,1
AAGGGAGGGGGGG,0,1
AAGGGCAAAACCG,0,1
AAGGGCAAACCCG,1,3
AAGGGCAACAAGC,0,1
AAGGGCAACACCG,0,1
AAGGGCAACGAAC,0,1
AAGGGCAAGCAGG,0,1
AAGGGCACACCGG,0,1
AAGGGCACAGAAG,0,1
AAGGGCACAGGGA,1,1
AAGGGCACCCAGA,0,1
AAGGGCACGCAGG,0,1
AAGGGCACGCCCG,0,1
AAGGGCAGAAGGG,0,1
AAGGGCAGCAGGA,0,1
AAGGGCAGCCGGG,0,1
AAGGGCAGGAGGA,0,1
AAGGGCAGGGCCG,0,1
AAGGGCCAAGCAA,0,1
AAGGGCCAAGGCC,0,1
AAGGGCCACGCCA,0,1
AAGGGCCACGGGA,0,1
AAGGGCCAGACAC,0,2
AAGGGCCAGGGGG,0,1
AAGGGCCCGACCC,0,1
AAGGGCCCGAGGG,0,6
AAGGGCCGCCCGC,0,1
AAGGGCGAAGAGG,0,1
AAGGGCGAGAAAG,0,1
AAGGGCGAGAGAG,0,1
AAGGGCGAGGAGG,0,1
AAGGGCGCAAAAG,0,1
AAGGGCGCACCAG,0,1
AAGGGCGCCGAGG,0,1
AAGGGCGGAGAAG,0,1
AAGGGCGGCACGG,0,1
AAGGGCGGCCACG,0,1
AAGGGCGGCGACA,0,1
AAGGGCGGCGCGA,0,1
AAGGGCGGGAAAG,1,1
AAGGGCGGGAAGG,0,1
AAGGGGAAAAGAG,0,1
AAGGGGAAAAGGC,0,2
AAGGGGAACAGGC,2,3
AAGGGGAAGAGAA,0,4
AAGGGGAAGAGAC,0,1
AAGGGGAAGCGCG,0,1
AAGGGGAAGGAGA,0,1
AAGGGGAAGGCGA,0,1
AAGGGGAAGGGGC,0,1
AAGGGGACAGGGA,0,1
AAGGGGACCAAAG,0,1
AAGGGGACGACAG,1,1
AAGGGGACGAGGG,1,1
AAGGGGACGGACG,0,1
AAGGGGAGAGGAG,0,1
AAGGGGAGAGGCA,0,1
AAGGGGAGCAGCA,1,2
AAGGGGAGCAGGG,0,1
AAGGGGAGGAGAA,0,1
AAGGGGAGGAGAG,1,2
AAGGGGAGGAGCG,0,1
AAGGGGAGGCCAG,0,1
AAGGGGAGGGGGA,0,1
AAGGGGCAAAAAA,0,1
AAGGGGCAAGGGG,0,1
AAGGGGCACAGGC,0,1
AAGGGGCAGCAAG,0,1
AAGGGGCAGCAGA,0,2
AAGGGGCAGCGAC,0,1
AAGGGGCAGCGGC,0,1
AAGGGGCAGGAGG,0,1
AAGGGGCAGGGAC,1,2
AAGGGGCAGGGGC,1,1
AAGGGGCCAAAAC,0,1
AAGGGGCCAAGCA,1,2
AAGGGGCCCAGAG,0,1
AAGGGGCCCGGGG,1,1
AAGGGGCCGAACA,0,1
AAGGGGCGAAACA,0,1
AAGGGGCGAGGGA,0,1
AAGGGGCGGACAG,1,1
AAGGGGGAAAAAA,0,2
AAGGGGGAAACCA,1,1
AAGGGGGAAACCG,0,1
AAGGGGGAAAGGG,0,1
AAGGGGGAAGGAA,1,1
AAGGGGGAAGGAC,1,1
AAGGGGGAGAGAG,0,1
AAGGGGGAGCCGC,1,1
AAGGGGGAGGAAA,0,2
AAGGGGGAGGAGA,0,1
AAGGGGGAGGGGA,0,1
AAGGGGGCACGAG,0,1
AAGGGGGCACGCC,0,1
AAGGGGGCAGAGG,0,1
AAGGGGGCGACGA,0,1
AAGGGGGCGGAGC,0,2
AAGGGGGCGGGAG,0,1
AAGGGGGGCCGAG,0,2
AAGGGGGGGCAGC,0,1
AAGGGGGGGCGCC,0,1
AAGGGGGGGCGGG,0,1
AAGGGGGGGGGGG,1,2
ACAAAAAAAAAAA,0,5
ACAAAAAAAAAAG,5,9
ACAAAAAAAAAGG,1,1
ACAAAAAAAACAG,0,1
ACAAAAAAAACCA,0,1
ACAAAAAAAAGAA,0,1
ACAAAAAAAAGAG,0,1
ACAAAAAAAAGGA,0,1
ACAAAAAAACAAA,0,1
ACAAAAAAACCAC,0,1
ACAAAAAAAGAAA,0,1
ACAAAAAAAGCAG,0,2
ACAAAAAAAGCCC,0,1
ACAAAAAACAAGA,0,1
ACAAAAAACAAGG,0,1
ACAAAAAACAGAA,1,1
ACAAAAAACCCGA,0,1
ACAAAAAACCGCA,0,1
ACAAAAAAGACCA,0,1
ACAAAAAAGAGAC,0,1
ACAAAAAAGGAAA,0,5
ACAAAAACAAAAA,0,1
ACAAAAACAAACA,0,1
ACAAAAACAAAGG,0,1
ACAAAAACAACCG,0,1
ACAAAAACAAGGA,0,1
ACAAAAACACGAA,0,1
ACAAAAACAGAGA,0,1
ACAAAAACAGCGG,0,1
ACAAAAACAGGCG,0,1
ACAAAAACCAACA,0,2
ACAAAAACCAAGC,0,1
ACAAAAACCACAA,0,2
ACAAAAACCCAAG,0,1
ACAAAAACCCGGA,0,1
ACAAAAACCGCAA,0,1
ACAAAAACGCAGA,0,1
ACAAAAAGAACAA,0,1
ACAAAAAGAAGCC,1,1
ACAAAAAGACAAA,0,1
ACAAAAAGAGAGA,0,1
ACAAAAAGCAAAG,0,1
ACAAAAAGCGGGA,1,3
ACAAAACAAAACA,0,3
ACAAAACAAACAA,0,1
ACAAAACACAAAA,0,1
ACAAAACACAAAC,0,2
ACAAAACACCAAA,0,1
ACAAAACACCAAG,0,1
ACAAAACACCGGA,1,1
ACAAAACAGAAGC,0,1
ACAAAACAGAGCG,0,1
ACAAAACCAAAAA,0,4
ACAAAACCAAAAC,0,1
ACAAAACCAACAC,0,1
ACAAAACCAACGG,0,1
ACAAAACCAAGGA,0,1
ACAAAACCACAAA,0,1
ACAAAACCAGCCG,0,1
ACAAAACCCAAAA,0,2
ACAAAACCCAGAC,0,1
ACAAAACCCCAAG,0,1
ACAAAACCCGAGC,0,2
ACAAAACCGGCAA,0,1
ACAAAACGAAAAA,0,1
ACAAAACGAAGAA,0,1
ACAAAACGAGACC,1,1
ACAAAACGCAGAC,0,1
ACAAAACGGAGGG,0,5
ACAAAAGAAAAGA,0,2
ACAAAAGAAACAC,1,1
ACAAAAGAAGAGA,0,1
ACAAAAGACCAAA,0,1
ACAAAAGACCAAC,0,1
ACAAAAGACGGGG,0,1
ACAAAAGAGAAAC,0,1
ACAAAAGAGACCA,0,1
ACAAAAGCAAGAA,0,1
ACAAAAGCAAGGC,0,1
ACAAAAGCAGGAA,0,1
ACAAAAGCGACCA,0,1
ACAAAAGCGAGCA,0,1
ACAAAAGGAAAGG,0,1
ACAAAAGGGGCGG,0,1
ACAAACAAAAACC,0,1
ACAAACAAACAAA,0,2
ACAAACAAACAGA,1,1
ACAAACAAACCCA,0,1
ACAAACAAACCCC,0,1
ACAAACAAAGACG,0,2
ACAAACAACACAA,0,1
ACAAACAAGAACA,0,1
ACAAACACAAAAG,0,1
ACAAACACACAAA,0,1
ACAAACACACACA,0,1
ACAAACACACACG,0,1
ACAAACACACAGA,0,2
ACAAACACACGCG,0,1
ACAAACACAGACA,0,1
ACAAACACCGAAA,0,1
ACAAACAGACACA,0,1
ACAAACAGACCAA,1,1
ACAAACAGGAGAC,1,1
ACAAACCAAGGGA,0,1
ACAAACCACACAA,0,1
ACAAACCACCAAC,0,1
ACAAACCACCGAC,0,1
ACAAACCAGAAAC,0,1
ACAAACCAGAGGC,1,1
ACAAACCAGCGCG,0,1
ACAAACCAGGGGC,0,1
ACAAACCCAAAAC,0,1
ACAAACCCACAAA,0,1
ACAAACCCACAGA,0,1
ACAAACCGAAGGC,1,1
ACAAACCGCCCCG,0,1
ACAAACGAAAAAA,0,1
ACAAACGAAACAC,0,1
ACAAACGAACCCA,0,1
ACAAACGAAGACA,0,1
ACAAACGCAGCCG,0,1
ACAAACGCAGGCA,0,1
ACAAACGCCAGGG,0,1
ACAAACGCCCAAA,0,1
ACAAACGCCGCAA,0,1
ACAAACGGAGGAG,0,1
ACAAACGGCAACA,0,1
ACAAAGAAAAAAC,0,1
ACAAAGAAAAACA,0,1
ACAAAGAAAAAGC,0,1
ACAAAGAAAAGAA,0,1
ACAAAGAAAGCAC,0,2
ACAAAGAACAAAA,0,2
ACAAAGAACACAG,0,3
ACAAAGAACGCGC,0,1
ACAAAGAAGAAGC,0,1
ACAAAGAAGACGA,0,1
ACAAAGAAGGAGG,0,2
ACAAAGAAGGCCA,0,2
ACAAAGAAGGGAC,0,1
ACAAAGACAAACA,0,2
ACAAAGACAGAAG,1,1
ACAAAGACAGAGA,0,1
ACAAAGACAGGGA,0,1
ACAAAGACCCCCG,0,1
ACAAAGACGACAA,0,2
ACAAAGACGACGA,0,1
ACAAAGACGCAGC,0,1
ACAAAGACGCCAC,0,1
ACAAAGAGAAAAC,0,1
ACAAAGAGAAACA,0,7
ACAAAGAGAAAGA,0,1
ACAAAGAGACAAA,0,1
ACAAAGAGAGCCA,0,1
ACAAAGAGAGGGC,0,1
ACAAAGAGGGCAG,1,1
ACAAAGCAAAAAA,0,1
ACAAAGCAAAACC,0,1
ACAAAGCAAAGAA,0,1
ACAAAGCAAGCCC,0,1
ACAAAGCAAGGAC,0,1
ACAAAGCACACAA,0,1
ACAAAGCACGAAG,0,1
ACAAAGCAGAAAC,0,1
ACAAAGCAGAGCG,0,1
ACAAAGCAGGGGA,0,2
ACAAAGCCAAGGA,0,1
ACAAAGCCCAGGG,0,1
ACAAAGCCCCAGA,0,1
ACAAAGCGACAGC,0,1
ACAAAGCGAGAAG,0,1
ACAAAGCGCCAGG,0,1
ACAAAGCGGGCCA,0,1
ACAAAGGAAAAAG,0,1
ACAAAGGAAAGAG,0,1
ACAAAGGAAAGCA,1,1
ACAAAGGAAAGCG,3,4
ACAAAGGAAGAAA,0,1
ACAAAGGACAACA,1,1
ACAAAGGACCCAG,0,1
ACAAAGGAGAAAC,0,1
ACAAAGGAGCGAG,0,1
ACAAAGGAGGAAA,0,3
ACAAAGGAGGCCC,0,1
ACAAAGGCAACAG,0,1
ACAAAGGCAAGCA,1,1
ACAAAGGCACCCG,0,1
ACAAAGGGAAAGA,0,1
ACAAAGGGAACGA,0,1
ACAAAGGGAAGCA,3,4
ACAAAGGGAAGCC,5,9
ACAAAGGGACAAG,0,1
ACAAAGGGAGGCA,0,1
ACAAAGGGCGGCC,0,1
ACAACAAAACAAA,0,1
ACAACAAAACACA,0,1
ACAACAAAAGAAA,0,1
ACAACAAAAGGAG,0,1
ACAACAAACAAAG,0,1
ACAACAAACCGCA,0,2
ACAACAAACGCAA,0,1
ACAACAAAGAAAA,0,1
ACAACAAAGCACG,1,2
ACAACAACAACAA,1,1
ACAACAACAAGAA,2,2
ACAACAACAAGCA,0,1
ACAACAACACCAA,1,1
ACAACAACACCCG,0,1
ACAACAACACGCG,0,1
ACAACAACAGCAA,0,1
ACAACAACAGCCA,0,1
ACAACAACAGCCG,0,1
ACAACAACAGGCG,0,2
ACAACAACAGGGC,0,2
ACAACAACGGAAA,0,1
ACAACAACGGGCA,0,1
ACAACAAGAACAA,0,1
ACAACAAGAAGAA,2,2
ACAACAAGAGCAC,0,1
ACAACAAGCAACG,0,1
ACAACAAGCACAC,0,1
ACAACAAGCAGGC,0,1
ACAACAAGCAGGG,0,1
ACAACAAGCCGAA,0,1
ACAACAAGGAGAA,0,2
ACAACAAGGAGGA,0,1
ACAACAAGGGACG,1,1
ACAACAAGGGAGA,0,1
ACAACACAAAACA,0,1
ACAACACAAACAC,0,1
ACAACACAACACA,0,1
ACAACACAAGGAA,0,1
ACAACACACACAC,0,1
ACAACACACAGAA,0,1
ACAACACACAGGA,0,1
ACAACACACCGCA,0,1
ACAACACACGGGC,0,1
ACAACACAGAACA,1,1
ACAACACAGAGAG,0,1
ACAACACAGCCAA,1,1
ACAACACAGGACA,6,7
ACAACACAGGACC,6,12
ACAACACCAAAAC,0,1
ACAACACCAAACC,1,1
ACAACACCAAGCC,0,1
ACAACACCAGGGC,2,5
ACAACACCCGGAC,0,1
ACAACACCGACCC,1,1
ACAACACGAACCG,0,1
ACAACACGAAGAA,0,1
ACAACACGCCGCG,0,1
ACAACACGCGCAC,0,1
ACAACACGGAGAG,0,2
ACAACACGGCCAG,1,1
ACAACACGGGACC,2,6
ACAACACGGGAGA,0,2
ACAACACGGGGGA,0,1
ACAACAGAACGAG,0,1
ACAACAGACAACA,0,1
ACAACAGACAGAG,0,2
ACAACAGAGGAAA,0,1
ACAACAGAGGACA,1,1
ACAACAGAGGGCC,1,1
ACAACAGCAACAA,0,1
ACAACAGCACAGA,0,1
ACAACAGCAGCAG,1,1
ACAACAGCCAGCA,0,1
ACAACAGCCAGCC,0,1
ACAACAGCCCCAG,1,1
ACAACAGCCGGAG,1,1
ACAACAGCCGGGG,0,1
ACAACAGCGGAAG,1,1
ACAACAGCGGGGA,0,2
ACAACAGGAAACA,0,1
ACAACAGGAACAA,0,1
ACAACAGGCAGGA,1,2
ACAACAGGGAAAA,0,1
ACAACAGGGAACA,0,2
ACAACCAAACACA,0,1
ACAACCAAACACG,1,1
ACAACCAACACAC,0,1
ACAACCAACAGAG,0,1
ACAACCAACCCCG,0,1
ACAACCAAGCCCA,0,1
ACAACCACAAGCA,0,1
ACAACCACACGAG,0,1
ACAACCACAGACA,0,1
ACAACCACAGGAA,3,3
ACAACCACAGGGA,1,5
ACAACCACCCAGC,0,1
ACAACCAGACAAC,0,1
ACAACCAGACAGA,0,1
ACAACCAGCAAGA,2,2
ACAACCAGCGCAG,0,3
ACAACCAGGACCC,0,1
ACAACCCAAACAA,0,1
ACAACCCACAAAA,0,1
ACAACCCACAGAG,0,1
ACAACCCACGCAC,0,1
ACAACCCACGGCG,0,1
ACAACCCAGCACC,0,3
ACAACCCCACCCA,0,1
ACAACCCCAGCAC,0,1
ACAACCCCCCGGG,0,1
ACAACCCGAGAAA,0,2
ACAACCCGAGAGC,0,1
ACAACCCGAGCGG,0,1
ACAACCCGGAGCA,0,1
ACAACCCGGCAGC,0,1
ACAACCGAAGCCA,0,1
ACAACCGAAGCCC,0,1
ACAACCGACGAAG,0,1
ACAACCGCACGGC,0,1
ACAACCGCCAACC,1,1
ACAACCGCCAGAA,0,1
ACAACCGCGAACC,0,1
ACAACCGCGGGAA,0,1
ACAACCGGAAAGA,0,1
ACAACCGGAACGG,0,1
ACAACCGGACCAC,1,1
ACAACCGGGACCA,0,1
ACAACCGGGACGG,1,1
ACAACGAAACGAA,0,1
ACAACGAACAACC,0,1
ACAACGAACCGAG,0,1
ACAACGAAGACAC,0,1
ACAACGAAGAGGC,0,1
ACAACGAAGCAAC,0,1
ACAACGAAGCCCG,0,1
ACAACGAAGGCGG,0,1
ACAACGACAGAGC,0,1
ACAACGACAGGAA,0,6
ACAACGACCAGCC,0,1
ACAACGACGACAA,0,1
ACAACGAGAAAGC,0,1
ACAACGAGAAGAA,0,1
ACAACGAGAGAGA,23,23
ACAACGAGGAGCA,0,1
ACAACGCACGGAC,0,1
ACAACGCAGCCCG,0,1
ACAACGCGAAGAA,1,1
ACAACGCGCCAAC,0,1
ACAACGCGCCCGA,0,1
ACAACGGCACGAG,0,1
ACAACGGCAGCCG,1,1
ACAACGGCAGGCG,0,1
ACAACGGCAGGGA,0,1
ACAACGGCCAGGC,3,4
ACAACGGCGAAGA,0,1
ACAACGGGCCAGC,1,1
ACAACGGGGAACA,0,1
ACAAGAAAAAAGA,0,1
ACAAGAAAAAGCC,0,1
ACAAGAAAAAGGA,0,1
ACAAGAAAACCAA,1,1
ACAAGAAAACGGG,0,2
ACAAGAAAAGAAA,0,1
ACAAGAAAAGCCC,0,1
ACAAGAAAAGGGG,0,1
ACAAGAAACGCGG,1,1
ACAAGAAAGAACA,0,1
ACAAGAAAGGGCA,0,1
ACAAGAACACAGC,1,1
ACAAGAACAGCGG,0,1
ACAAGAACCAAAG,0,1
ACAAGAACCAGAA,0,1
ACAAGAACGAGGC,0,1
ACAAGAAGAAAAC,0,1
ACAAGAAGAAAAG,0,3
ACAAGAAGAAGAA,1,2
ACAAGAAGAAGAG,1,5
ACAAGAAGAGAAG,0,1
ACAAGAAGAGCCA,0,1
ACAAGAAGCAGAA,0,11
ACAAGAAGCGGGC,0,1
ACAAGAAGGAAAA,0,1
ACAAGAAGGGGAG,0,1
ACAAGACAAGAAA,0,1
ACAAGACACAGAA,0,1
ACAAGACACAGGG,0,1
ACAAGACAGAAGA,0,1
ACAAGACCACAAA,0,1
ACAAGACCGAGCC,0,1
ACAAGACGCGACA,0,1
ACAAGACGCGGCC,0,1
ACAAGAGAAACGC,0,1
ACAAGAGAACAAA,0,1
ACAAGAGAACCGG,0,1
ACAAGAGAAGCAG,1,1
ACAAGAGAGACAA,0,1
ACAAGAGAGAGAG,0,1
ACAAGAGAGCGAG,0,1
ACAAGAGCCCAAA,0,1
ACAAGAGCCCCAA,0,1
ACAAGAGCGAGAG,0,1
ACAAGAGGAAAAA,0,1
ACAAGAGGAAAGG,0,2
ACAAGAGGAGCGA,0,1
ACAAGAGGCAAGG,1,1
ACAAGAGGCGACA,0,1
ACAAGAGGCGCCC,0,1
ACAAGAGGCGGGC,0,1
ACAAGAGGGCAGG,1,1
ACAAGAGGGCCAA,0,1
ACAAGAGGGCGGG,0,1
ACAAGAGGGGACA,0,1
ACAAGCAAAGACC,0,1
ACAAGCAAAGCAA,0,1
ACAAGCAACAAAA,0,1
ACAAGCAACAGAA,0,1
ACAAGCAACCCAG,0,1
ACAAGCAACGAAA,0,1
ACAAGCAAGAAAA,0,1
ACAAGCAAGAAGA,1,1
ACAAGCAAGAGAA,0,1
ACAAGCAAGAGAC,0,1
ACAAGCAAGCACA,0,1
ACAAGCAAGCGCA,1,1
ACAAGCACAACCA,0,1
ACAAGCACAACCC,0,3
ACAAGCACAAGGA,0,1
ACAAGCACACACA,0,1
ACAAGCACGAGGA,0,1
ACAAGCAGAAAGA,0,1
ACAAGCAGAAGCC,0,2
ACAAGCAGACACA,0,1
ACAAGCAGAGACA,0,1
ACAAGCAGAGCCA,0,1
ACAAGCAGAGGAG,0,1
ACAAGCAGCAACC,0,1
ACAAGCAGCAGAC,0,1
ACAAGCAGCAGGA,0,1
ACAAGCAGCCGGG,0,1
ACAAGCAGCGGAC,0,5
ACAAGCCAAAACG,0,1
ACAAGCCAACCCC,0,1
ACAAGCCCAGGGC,0,1
ACAAGCCCGAGGC,0,1
ACAAGCCCGGAGC,0,9
ACAAGCCCGGGGC,0,1
ACAAGCCGAAAGG,0,1
ACAAGCCGGAACC,0,1
ACAAGCCGGCCGC,0,1
ACAAGCGAAGGAC,1,1
ACAAGCGGCCACA,0,1
ACAAGCGGCCGCC,0,1
ACAAGCGGGCACG,0,1
ACAAGGAAAACGA,0,1
ACAAGGAAAAGGA,0,1
ACAAGGAAAGGAG,0,1
ACAAGGAACAAAA,0,1
ACAAGGAACACAA,0,1
ACAAGGAAGAAAG,0,1
ACAAGGAAGAACC,0,1
ACAAGGAAGCAGA,1,1
ACAAGGAAGGACA,2,2
ACAAGGACAACAA,0,1
ACAAGGACAAGGG,0,1
ACAAGGACACCAG,0,1
ACAAGGACCAAAA,0,1
ACAAGGACCACGC,0,1
ACAAGGACCAGGA,0,1
ACAAGGAGAGAAC,0,1
ACAAGGAGAGAAG,0,1
ACAAGGAGAGAGA,2,2
ACAAGGAGAGGAG,0,2
ACAAGGAGCAGCA,0,1
ACAAGGAGCCAAG,1,3
ACAAGGAGGAAAA,0,1
ACAAGGAGGAAGG,0,1
ACAAGGAGGGACA,0,1
ACAAGGCAAAACA,0,1
ACAAGGCACAGAA,0,1
ACAAGGCACAGCA,0,2
ACAAGGCACCCCC,0,1
ACAAGGCAGAGAA,0,2
ACAAGGCAGCACA,0,1
ACAAGGCCAAAGG,0,1
ACAAGGCGCAAAA,0,1
ACAAGGCGCACCA,0,1
ACAAGGCGCAGCC,0,1
ACAAGGCGCGAAC,0,1
ACAAGGCGCGGCA,0,1
ACAAGGGAAAAAG,0,3
ACAAGGGAAAGAA,0,1
ACAAGGGAACAAG,0,1
ACAAGGGAACAGA,0,1
ACAAGGGAACGGA,0,1
ACAAGGGAAGCAG,0,1
ACAAGGGAAGCCC,1,1
ACAAGGGAAGGGG,0,1
ACAAGGGACAGGA,0,1
ACAAGGGAGACAG,1,1
ACAAGGGAGGAAA,0,1
ACAAGGGAGGAGG,0,1
ACAAGGGCAAGCA,0,1
ACAAGGGCCCGAC,0,1
ACAAGGGCGAAGA,0,1
ACAAGGGCGGCGC,0,1
ACAAGGGGAAAAA,0,1
ACAAGGGGACAGC,0,1
ACAAGGGGGGCGC,0,1
ACAAGGGGGGGCG,0,1
ACACAAAAAAAAA,0,3
ACACAAAAAAAAG,0,1
ACACAAAAAAAGA,0,1
ACACAAAAAAAGC,0,2
ACACAAAAAAGGA,0,6
ACACAAAAACACG,0,1
ACACAAAAACAGC,0,1
ACACAAAAACCAA,0,1
ACACAAAAAGCAG,0,2
ACACAAAACAAAA,0,1
ACACAAAACAACC,0,1
ACACAAAACAGAA,0,1
ACACAAAACCAAC,0,1
ACACAAAACCGAC,1,1
ACACAAACAAGAA,0,1
ACACAAACAAGAC,0,1
ACACAAACACAAC,0,1
ACACAAACACACA,0,1
ACACAAACACCAG,0,1
ACACAAACACGAA,0,1
ACACAAACAGGAG,1,1
ACACAAACAGGCA,0,1
ACACAAACGCAGG,0,1
ACACAAAGAACGG,0,1
ACACAAAGCAAGA,0,3
ACACAAAGCCGAA,0,1
ACACAAAGCGCGC,0,1
ACACAAAGGAAAG,0,1
ACACAAAGGAAGA,0,1
ACACAAAGGCAAA,0,1
ACACAAAGGCAAC,16,17
ACACAAAGGGGAA,0,3
ACACAACAAAACG,0,1
ACACAACAACACC,0,1
ACACAACAACACG,0,1
ACACAACAAGAGC,0,2
ACACAACAAGGAG,0,1
ACACAACACAAAA,0,1
ACACAACACAAGG,0,1
ACACAACACACAC,0,1
ACACAACAGGAAA,0,1
ACACAACCACAGG,4,8
ACACAACCAGACA,0,1
ACACAACCAGCAA,1,1
ACACAACCCGAGA,0,1
ACACAACCGCCAC,0,1
ACACAACCGCCAG,0,1
ACACAACGAACAA,0,1
ACACAACGCGAAG,1,1
ACACAAGAAAAAG,0,1
ACACAAGAAAACC,1,1
ACACAAGAACGGA,0,1
ACACAAGAAGAAA,0,4
ACACAAGAAGAAG,0,2
ACACAAGAAGCCA,0,1
ACACAAGAAGGGC,0,1
ACACAAGAGAGCC,0,1
ACACAAGAGCCCA,0,1
ACACAAGAGGGCC,0,1
ACACAAGCAAAGA,0,1
ACACAAGCAAGAG,0,1
ACACAAGCACACA,0,1
ACACAAGCACGAG,0,1
ACACAAGCACGCG,0,1
ACACAAGCAGAGC,1,1
ACACAAGCCAAGC,0,1
ACACAAGCCAGAG,1,6
ACACAAGGAACAC,0,1
ACACAAGGCCAAA,0,1
ACACAAGGCGCGG,0,1
ACACAAGGGAACA,0,1
ACACACAAAAAAA,0,3
ACACACAAAAAGC,0,1
ACACACAAACAAG,0,2
ACACACAAAGAAC,0,1
ACACACAAAGCAA,0,1
ACACACAAAGGAA,0,1
ACACACAACCACA,3,3
ACACACAAGAACA,0,1
ACACACAAGAAGA,0,4
ACACACAAGCCAG,1,6
ACACACACAAAAA,0,2
ACACACACAAACA,0,1
ACACACACACAAA,0,3
ACACACACACAAG,1,1
ACACACACACACA,5,31
ACACACACACACC,1,2
ACACACACACACG,2,6
ACACACACACAGA,0,1
ACACACACACAGC,1,2
ACACACACACAGG,0,2
ACACACACACCCA,0,1
ACACACACACGAC,0,4
ACACACACAGAAA,0,1
ACACACACAGAGG,0,1
ACACACACAGCCA,1,1
ACACACACAGCCC,0,1
ACACACACAGGAA,0,1
ACACACACCAACA,1,1
ACACACACCAGAC,0,7
ACACACACCCACA,0,1
ACACACACGACCG,0,4
ACACACACGCGCA,0,1
ACACACAGAAAAA,0,1
ACACACAGAAACC,0,1
ACACACAGACCCC,0,1
ACACACAGACGAG,0,1
ACACACAGACGGC,0,1
ACACACAGAGAAA,0,1
ACACACAGAGGAA,0,1
ACACACAGCACAC,0,1
ACACACAGCAGCA,0,1
ACACACAGCAGCG,0,1
ACACACAGCCAGG,0,1
ACACACAGGAAAA,0,1
ACACACAGGAAGG,0,1
ACACACAGGAGGA,0,1
ACACACAGGCAGC,0,4
ACACACAGGCGGC,0,1
ACACACAGGGAGA,0,1
ACACACCAACACA,0,1
ACACACCAGGGCC,0,1
ACACACCCACACG,1,7
ACACACCCACCCC,0,1
ACACACCCACCGC,0,1
ACACACCCGGCGA,0,1
ACACACCGGCCGC,0,1
ACACACGAAGAGA,0,2
ACACACGACCGGA,0,3
ACACACGACGCGG,0,1
ACACACGCAAAAC,0,1
ACACACGCACGCA,0,1
ACACACGCGCCGA,0,1
ACACACGCGGGCA,0,1
ACACACGCGGGGG,1,1
ACACACGGACAAG,0,1
ACACACGGCCAAA,0,1
ACACACGGGCCAC,0,1
ACACAGAAAAAAA,0,1
ACACAGAAAACCG,0,1
ACACAGAAACAGA,0,2
ACACAGAACAAGA,0,1
ACACAGAACACAG,0,1
ACACAGAACACGC,0,1
ACACAGAACCACC,0,3
ACACAGACAAAAC,1,1
ACACAGACACACA,0,1
ACACAGACACCCA,0,1
ACACAGACACGCC,0,1
ACACAGACAGACA,0,1
ACACAGACCCCAC,0,1
ACACAGACGACGA,0,1
ACACAGACGACGG,0,3
ACACAGACGAGAC,0,1
ACACAGACGGCAC,0,1
ACACAGACGGCAG,0,1
ACACAGAGAAACC,0,1
ACACAGAGAACGG,0,2
ACACAGAGACAAG,0,1
ACACAGAGAGGGA,1,2
ACACAGAGCCAAG,0,1
ACACAGAGCCACG,0,1
ACACAGAGGAGCC,0,1
ACACAGAGGAGGC,0,1
ACACAGAGGAGGG,0,1
ACACAGAGGCACC,0,1
ACACAGAGGCAGG,1,1
ACACAGCAACACC,0,1
ACACAGCACAAAG,0,1
ACACAGCACACAC,0,1
ACACAGCACACAG,0,1
ACACAGCACACGC,0,1
ACACAGCACCGCC,0,1
ACACAGCACGACG,0,1
ACACAGCAGGCAG,0,1
ACACAGCAGGGAA,0,1
ACACAGCCAAGCC,0,1
ACACAGCCAGAAG,0,1
ACACAGCCAGAGC,1,1
ACACAGCCAGGCA,0,1
ACACAGCCCAACA,0,1
ACACAGCCCCCGC,0,1
ACACAGCCGCGGC,0,1
ACACAGCGAGACG,0,1
ACACAGCGGCAGA,0,2
ACACAGCGGCAGC,0,1
ACACAGCGGCAGG,0,2
ACACAGCGGCCAG,0,3
ACACAGCGGGCAG,0,3
ACACAGCGGGCGC,0,1
ACACAGGAAAAGA,0,1
ACACAGGAAAAGC,1,1
ACACAGGACACGG,2,2
ACACAGGACAGGA,0,1
ACACAGGACCCGG,5,12
ACACAGGAGAAGC,0,2
ACACAGGAGGAGA,0,1
ACACAGGCAGCAA,0,3
ACACAGGCAGCAC,0,1
ACACAGGCCAGAC,0,1
ACACAGGCCCGCC,0,1
ACACAGGCCGGGC,1,1
ACACAGGCGGCAA,0,1
ACACAGGGAAGCC,0,1
ACACAGGGAGACA,0,2
ACACAGGGCAGGG,0,1
ACACAGGGGAAGC,0,1
ACACAGGGGCAGG,0,1
ACACCAAAAAAAA,0,1
ACACCAAAAACAC,0,1
ACACCAAAAAGAA,0,1
ACACCAAAACACA,0,1
ACACCAAAAGAAA,0,1
ACACCAAAAGAGG,0,1
ACACCAAACCACC,1,1
ACACCAAAGAGCA,0,1
ACACCAAAGCACC,0,1
ACACCAAAGCGAA,1,1
ACACCAAAGGAGA,0,3
ACACCAAAGGCAA,0,1
ACACCAACACACA,0,1
ACACCAACAGAGG,0,1
ACACCAACAGCGC,0,1
ACACCAACCAAGC,0,1
ACACCAACCGCGA,1,1
ACACCAAGAAAAA,0,1
ACACCAAGAGCAA,0,1
ACACCAAGAGCCC,0,1
ACACCAAGGACCA,0,1
ACACCAAGGCGAA,0,1
ACACCAAGGGAGA,0,8
ACACCAAGGGCAA,0,4
ACACCACACAAGC,0,1
ACACCACAGAAAA,0,1
ACACCACAGAGAC,0,1
ACACCACAGGAGA,0,8
ACACCACCCAGCA,0,1
ACACCACCGACGA,0,1
ACACCACCGCCGG,0,1
ACACCACGCGCAA,0,1
ACACCACGGCAAC,0,1
ACACCACGGGGCC,0,1
ACACCAGAAAGCA,0,1
ACACCAGAACAGA,0,1
ACACCAGAAGGCC,0,1
ACACCAGACACGA,0,1
ACACCAGAGAACC,1,1
ACACCAGAGGACC,0,1
ACACCAGCAGCGA,0,1
ACACCAGCCGCGC,0,1
ACACCAGGAGAAA,0,2
ACACCAGGAGCAG,0,1
ACACCAGGCACGA,0,1
ACACCAGGCAGAA,0,1
ACACCAGGGCCAC,0,2
ACACCAGGGCCAG,0,1
ACACCAGGGGGCA,1,1
ACACCCAAAAAGG,0,1
ACACCCAACCAAA,0,1
ACACCCAAGAAAA,0,1
ACACCCAAGAAGC,0,1
ACACCCAAGCCGG,0,1
ACACCCAAGGAGA,0,15
ACACCCACACGCC,1,7
ACACCCACCCCCA,0,1
ACACCCACCGCCG,0,1
ACACCCACCGGAG,0,1
ACACCCACGGAGA,0,5
ACACCCAGGCACA,0,1
ACACCCCAACGCC,0,1
ACACCCCAAGGGA,0,1
ACACCCCACCACA,0,1
ACACCCCACCCCA,0,1
ACACCCCACCGAC,0,1
ACACCCCAGAGGA,0,1
ACACCCCAGGAGA,0,2
ACACCCCCAACAC,0,1
ACACCCCCACCCC,0,1
ACACCCCCCACCG,0,1
ACACCCCCCCCCC,0,1
ACACCCCCCGGCG,0,1
ACACCCCCGGAGA,0,1
ACACCCCGGGAGA,0,4
ACACCCCGGGGCG,0,1
ACACCCGAAGCAC,0,1
ACACCCGAGGAGA,0,3
ACACCCGCAGAAA,0,3
ACACCCGCAGGAG,0,1
ACACCCGCGCGGA,0,1
ACACCCGCGGAAA,0,1
ACACCCGGCGAGC,0,1
ACACCCGGCGGCG,0,1
ACACCCGGGCAAA,0,1
ACACCCGGGCACA,0,1
ACACCCGGGCCGC,0,1
ACACCGAAAAGAG,0,1
ACACCGAACACGA,1,1
ACACCGAAGAACC,0,1
ACACCGACCCCCA,1,1
ACACCGACGCCAG,0,1
ACACCGACGCCGA,0,1
ACACCGAGAAAAA,0,1
ACACCGAGGAAGC,0,1
ACACCGCAACAGC,0,1
ACACCGCACGACA,0,1
ACACCGCAGGCCA,0,1
ACACCGCCACGGA,0,1
ACACCGCCAGCGG,0,1
ACACCGCCGGCCG,0,1
ACACCGCGACCAC,0,1
ACACCGCGCCGCA,2,3
ACACCGCGCGCCA,0,2
ACACCGCGGAGGA,0,1
ACACCGCGGCACA,0,1
ACACCGGACAACC,0,1
ACACCGGACACGA,0,1
ACACCGGACGAGA,1,1
ACACCGGCACGGC,0,1
ACACCGGCCGGAG,0,1
ACACCGGCGAAAA,0,1
ACACCGGCGAGCA,0,1
ACACCGGCGGCGA,0,1
ACACCGGGACGGG,0,1
ACACCGGGCGGAA,0,2
ACACGAAAAAAAA,0,2
ACACGAAAACGAA,0,1
ACACGAAACAGAC,0,1
ACACGAAAGGAAG,0,1
ACACGAACAAAAG,0,1
ACACGAACAACAC,0,1
ACACGAAGAAGAA,0,1
ACACGAAGACAAC,0,1
ACACGAAGAGAAG,0,1
ACACGAAGAGAGG,0,1
ACACGAAGGCAGG,0,1
ACACGACAACACA,0,2
ACACGACAAGCCG,0,1
ACACGACACAGAC,0,1
ACACGACACGGAC,1,1
ACACGACAGACAC,0,1
ACACGACAGGGAA,0,1
ACACGACCAAAAA,0,1
ACACGACCACCCA,0,1
ACACGACCAGAAA,0,1
ACACGACCAGCAC,0,1
ACACGACCGAACA,0,1
ACACGACGCCGCC,0,1
ACACGACGCGGCG,0,1
ACACGACGGCGCC,0,1
ACACGAGACGACA,0,2
ACACGAGCAGAGC,0,1
ACACGAGCCGCAA,0,2
ACACGAGCGCCAG,0,1
ACACGCAACAACG,0,1
ACACGCAACACAC,1,1
ACACGCAAGAACA,0,1
ACACGCAAGACGA,0,1
ACACGCAAGCGAG,0,1
ACACGCACAAGAG,0,2
ACACGCACAGCAC,0,2
ACACGCACGCAAC,0,1
ACACGCACGGGGA,1,1
ACACGCAGGAAGA,0,2
ACACGCAGGCAGA,0,1
ACACGCAGGCGAA,0,1
ACACGCAGGCGAG,0,2
ACACGCAGGCGGA,1,1
ACACGCCAAAGGA,0,13
ACACGCCAAAGGG,0,1
ACACGCCAGCAAC,0,1
ACACGCCAGCCGA,0,1
ACACGCCCGCACG,0,2
ACACGCCCGCGCA,0,1
ACACGCCCGGCCC,0,1
ACACGCCGAAAAC,0,1
ACACGCCGACACA,0,1
ACACGCCGCAGAC,0,1
ACACGCCGGAGCA,0,1
ACACGCCGGCCGG,0,1
ACACGCGCCGACA,0,1
ACACGCGCGCCCA,0,1
ACACGCGGAACGA,0,1
ACACGCGGAAGAC,0,1
ACACGCGGCCCGG,1,1
ACACGGAAAAACC,0,1
ACACGGAAACCGA,0,1
ACACGGAAAGCAG,0,1
ACACGGAACCGGA,0,1
ACACGGACACCAA,0,1
ACACGGACACCGA,0,1
ACACGGACACCGG,0,1
ACACGGACACGGA,0,1
ACACGGAGACCGC,0,1
ACACGGAGAGGCA,0,1
ACACGGAGGAAGG,0,1
ACACGGCAGAGAG,0,1
ACACGGCAGGAGC,0,1
ACACGGCCAAAAC,0,1
ACACGGCCACGGA,0,1
ACACGGCCGGCGG,0,1
ACACGGCCGGGCA,0,1
ACACGGCCGGGCG,0,8
ACACGGCGCGACG,0,2
ACACGGCGCGGCG,0,1
ACACGGCGGACGC,1,1
ACACGGGAAAGAG,0,1
ACACGGGACAAGG,0,1
ACACGGGACCAGG,0,1
ACACGGGACCCGG,2,6
ACACGGGACGAAG,0,1
ACACGGGCAAAGA,0,3
ACACGGGCCACAC,1,1
ACACGGGCGACAG,2,2
ACACGGGGAGAGC,0,1
ACACGGGGCCCCG,0,1
ACACGGGGCGCGG,0,2
ACAGAAAAAAACC,0,1
ACAGAAAAAAGAC,0,1
ACAGAAAAAAGCG,0,1
ACAGAAAAACACG,0,1
ACAGAAAAACCAG,0,2
ACAGAAAAACCCA,0,1
ACAGAAAAACCCG,0,2
ACAGAAAAACCGA,0,1
ACAGAAAAAGAGA,0,1
ACAGAAAAAGGCG,0,1
ACAGAAAACAAGA,0,1
ACAGAAAACACGC,4,4
ACAGAAAACCCAA,0,1
ACAGAAAACGCAA,0,1
ACAGAAAAGAACG,0,1
ACAGAAAAGACAA,0,1
ACAGAAAAGCAGA,0,1
ACAGAAAAGCCCA,0,1
ACAGAAAAGGAGG,0,1
ACAGAAACAAAGC,1,1
ACAGAAACAAAGG,0,1
ACAGAAACAACAG,0,3
ACAGAAACACACG,0,1
ACAGAAACAGACA,0,2
ACAGAAACCAAGA,0,3
ACAGAAACCCAAA,0,1
ACAGAAACGGCCC,0,1
ACAGAAAGAACCA,0,1
ACAGAAAGAAGCA,0,1
ACAGAAAGAAGGA,0,1
ACAGAAAGACAGG,0,1
ACAGAAAGCAACA,0,1
ACAGAAAGCACAA,0,1
ACAGAAAGGAAAA,0,1
ACAGAAAGGACCA,0,5
ACAGAAAGGCAAA,0,1
ACAGAAAGGGCAC,0,1
ACAGAAAGGGGAA,0,1
ACAGAACAACAGC,0,1
ACAGAACAAGAAC,0,1
ACAGAACAGAAGC,1,1
ACAGAACAGACGA,0,1
ACAGAACAGCAAC,0,1
ACAGAACAGCCAC,0,1
ACAGAACAGGAAC,0,1
ACAGAACAGGAAG,0,1
ACAGAACCAACAG,0,1
ACAGAACCACAGG,0,1
ACAGAACCAGAGG,0,1
ACAGAACCGCGGC,1,1
ACAGAACGAACCC,0,1
ACAGAACGAGCAC,0,1
ACAGAACGGGAAG,0,1
ACAGAACGGGCCA,0,1
ACAGAAGAAAGAG,7,8
ACAGAAGAAAGGG,2,2
ACAGAAGAAGCAG,0,1
ACAGAAGACAACA,0,1
ACAGAAGACAGGG,1,1
ACAGAAGACGCAC,0,1
ACAGAAGAGAGAG,26,29
ACAGAAGAGAGCG,2,2
ACAGAAGAGAGGG,8,8
ACAGAAGAGCAGA,0,1
ACAGAAGAGGAAC,1,1
ACAGAAGCAAAAG,1,1
ACAGAAGCAAAGC,0,1
ACAGAAGCAGAGC,1,1
ACAGAAGCAGCAC,0,1
ACAGAAGCCAAGA,0,1
ACAGAAGCGGGAA,0,1
ACAGAAGGAAAAC,1,1
ACAGAAGGAACCA,0,1
ACAGAAGGACCCA,0,1
ACAGAAGGCCAGG,0,1
ACAGAAGGCGACG,0,1
ACAGAAGGGACCA,0,3
ACAGAAGGGAGAG,0,1
ACAGAAGGGCACG,0,1
ACAGAAGGGCAGA,1,1
ACAGAAGGGGCAG,0,1
ACAGACAAAACGA,0,1
ACAGACAAACAGG,1,1
ACAGACAAAGGCG,0,1
ACAGACAACAAAA,0,1
ACAGACAACACCA,0,1
ACAGACAACAGCA,0,1
ACAGACAAGAACA,0,1
ACAGACAAGAGCC,4,4
ACAGACAAGGCAG,0,1
ACAGACACAAAAC,1,1
ACAGACACACAAA,0,1
ACAGACACACACA,0,1
ACAGACACACGGA,0,1
ACAGACACCACAG,1,1
ACAGACACGACCA,0,1
ACAGACACGCCGA,0,1
ACAGACAGACACC,0,1
ACAGACAGACAGA,0,2
ACAGACAGACCCG,0,1
ACAGACAGACGGC,0,1
ACAGACAGCAGAG,0,1
ACAGACAGCAGCC,0,1
ACAGACAGCGAAC,0,1
ACAGACAGGAGCG,0,1
ACAGACAGGCAGA,7,20
ACAGACAGGGAGC,0,1
ACAGACCAAGGCA,0,1
ACAGACCACCCGC,0,1
ACAGACCAGGCAA,0,1
ACAGACCCCACAG,0,1
ACAGACCCCGACC,0,1
ACAGACCGCAACC,1,1
ACAGACGACACGA,0,1
ACAGACGAGACGA,0,1
ACAGACGAGGACA,0,1
ACAGACGAGGAGA,0,1
ACAGACGCAAGAG,0,1
ACAGACGGACGGG,0,2
ACAGACGGCACGA,0,1
ACAGACGGCAGGA,0,1
ACAGAGAAAAAGG,0,1
ACAGAGAAACCGC,1,1
ACAGAGAAAGAAG,0,1
ACAGAGAAAGAGA,0,1
ACAGAGAACGCGA,0,1
ACAGAGAAGAGAA,0,1
ACAGAGAAGCACA,0,2
ACAGAGAAGCCAG,0,5
ACAGAGAAGGAAG,0,2
ACAGAGAAGGCAC,0,4
ACAGAGACAAACG,0,1
ACAGAGACAAGAA,0,1
ACAGAGACAGGGA,0,1
ACAGAGACCAGAC,0,1
ACAGAGACCCGGG,0,2
ACAGAGACGGAAG,0,1
ACAGAGAGACAGG,0,1
ACAGAGAGACCAG,0,1
ACAGAGAGAGAAC,0,1
ACAGAGAGAGAGA,1,1
ACAGAGAGAGAGG,0,1
ACAGAGAGCAAGG,0,2
ACAGAGAGCAGGG,0,1
ACAGAGAGCCAAG,0,1
ACAGAGAGCCAGG,0,1
ACAGAGAGCGGCG,0,2
ACAGAGAGGAAGA,0,2
ACAGAGAGGAGCA,0,1
ACAGAGAGGCCAG,0,2
ACAGAGAGGGACA,1,2
ACAGAGAGGGAGA,0,1
ACAGAGAGGGGAG,0,1
ACAGAGCAAAGAA,0,1
ACAGAGCAAGAAC,0,1
ACAGAGCAAGCGC,0,1
ACAGAGCACAGCG,1,2
ACAGAGCAGAAAC,1,2
ACAGAGCAGAGAA,0,9
ACAGAGCAGAGAC,0,11
ACAGAGCAGGGAA,0,1
ACAGAGCAGGGGA,0,1
ACAGAGCAGGGGC,0,1
ACAGAGCCAAGAC,0,1
ACAGAGCCAAGCC,0,1
ACAGAGCCACCCA,0,2
ACAGAGCCACGGG,0,1
ACAGAGCCAGCCC,0,1
ACAGAGCCAGCGC,0,1
ACAGAGCCCGAAA,0,1
ACAGAGCCGCGAC,1,1
ACAGAGCCGGAGC,0,1
ACAGAGCCGGCGC,0,4
ACAGAGCGAGAAC,1,1
ACAGAGCGCACGA,1,1
ACAGAGCGCCAGC,1,1
ACAGAGCGGACCG,0,2
ACAGAGGAAAGAG,0,1
ACAGAGGAACGGA,1,1
ACAGAGGAAGGGA,0,1
ACAGAGGACACAG,1,1
ACAGAGGACCAAA,0,1
ACAGAGGACCCCC,0,1
ACAGAGGACGAGA,0,1
ACAGAGGAGAGCG,0,1
ACAGAGGAGCCCG,0,1
ACAGAGGAGGAGA,1,1
ACAGAGGAGGCGG,0,2
ACAGAGGAGGGAC,0,1
ACAGAGGCAAAAC,0,1
ACAGAGGCACAGG,1,1
ACAGAGGCACCGC,0,1
ACAGAGGCACGAA,0,1
ACAGAGGCAGAGA,0,1
ACAGAGGCAGGAG,1,1
ACAGAGGCCCAGA,1,3
ACAGAGGCCCAGG,0,1
ACAGAGGGACCAC,0,1
ACAGAGGGACGAA,0,1
ACAGAGGGAGAAG,1,2
ACAGAGGGCACAG,0,2
ACAGAGGGCCAGA,0,1
ACAGAGGGGGAGA,0,1
ACAGCAAAACAAA,0,2
ACAGCAAAACACA,1,1
ACAGCAAAAGGAA,0,2
ACAGCAAACAGAA,0,1
ACAGCAAACCAAG,0,1
ACAGCAAACCACA,0,1
ACAGCAAACCGAA,0,1
ACAGCAAACGGGC,0,1
ACAGCAAAGACCA,0,1
ACAGCAAAGAGAA,1,1
ACAGCAAAGAGGC,0,1
ACAGCAAAGCGAA,1,1
ACAGCAAAGGGAG,2,4
ACAGCAAAGGGGA,2,7
ACAGCAAAGGGGG,2,3
ACAGCAACAACCC,0,1
ACAGCAACAAGGA,0,1
ACAGCAACAGCAC,0,1
ACAGCAACAGCCA,0,2
ACAGCAACAGGGC,0,1
ACAGCAACCCGGC,0,1
ACAGCAAGAAAAA,0,11
ACAGCAAGAACCA,0,1
ACAGCAAGCCCAG,0,2
ACAGCAAGCGGAC,0,1
ACAGCAAGGAACG,0,1
ACAGCAAGGCAGA,0,1
ACAGCACAACCAG,0,1
ACAGCACACAACA,0,2
ACAGCACACACAG,0,1
ACAGCACACAGCA,0,1
ACAGCACACGGCG,0,1
ACAGCACAGCCAG,0,1
ACAGCACAGGCCC,0,2
ACAGCACCACAAC,0,1
ACAGCACCAGCCC,0,1
ACAGCACCGCAGG,0,1
ACAGCACCGGCAC,0,1
ACAGCACGACGGG,0,1
ACAGCACGCCAGC,0,1
ACAGCACGGACCA,0,1
ACAGCACGGAGAG,0,1
ACAGCACGGGAGG,0,1
ACAGCACGGGGGG,0,1
ACAGCAGAAAAAG,0,1
ACAGCAGAAACCA,0,1
ACAGCAGAACCCA,0,1
ACAGCAGAAGAAG,0,1
ACAGCAGAAGGGC,1,1
ACAGCAGACAAAG,0,1
ACAGCAGACGCCC,0,1
ACAGCAGACGGCA,1,1
ACAGCAGAGAAAC,0,1
ACAGCAGAGAAGC,1,1
ACAGCAGAGAAGG,0,1
ACAGCAGAGCAGC,0,2
ACAGCAGAGGAAC,0,4
ACAGCAGAGGGCA,0,1
ACAGCAGCAAACA,0,1
ACAGCAGCAACAA,0,1
ACAGCAGCACCAG,0,1
ACAGCAGCACGCA,0,1
ACAGCAGCAGAAA,0,1
ACAGCAGCAGCAA,1,1
ACAGCAGCAGCAG,1,1
ACAGCAGCAGCCA,0,5
ACAGCAGCAGGAC,0,1
ACAGCAGCCAAAC,0,1
ACAGCAGCCCACC,0,1
ACAGCAGCCCCAC,0,1
ACAGCAGCGACGG,0,1
ACAGCAGCGCCGG,0,1
ACAGCAGGAACCG,0,1
ACAGCAGGCAACG,0,1
ACAGCAGGCACAG,54,63
ACAGCAGGCAGAC,0,1
ACAGCAGGCAGGG,0,1
ACAGCAGGGAAAA,0,1
ACAGCAGGGACAG,0,1
ACAGCAGGGACGG,0,1
ACAGCAGGGCCGG,1,1
ACAGCAGGGGGCC,0,1
ACAGCCAAACAGA,0,1
ACAGCCAAAGCAC,0,1
ACAGCCAAGAAGC,0,2
ACAGCCACAACAG,0,2
ACAGCCACACAAC,0,1
ACAGCCACACGCA,0,1
ACAGCCACAGCAC,0,3
ACAGCCACCACGC,1,1
ACAGCCACCCCCG,0,1
ACAGCCAGAAGCA,0,1
ACAGCCAGAGAGA,0,1
ACAGCCAGAGCCA,0,1
ACAGCCAGCACGC,0,1
ACAGCCAGCAGAA,0,1
ACAGCCAGCCAGA,0,1
ACAGCCAGCCCCC,0,1
ACAGCCAGCGCCA,0,1
ACAGCCAGGCAGA,0,1
ACAGCCCAAAAAC,0,1
ACAGCCCAACAGC,0,1
ACAGCCCAACGGC,0,1
ACAGCCCAAGAGC,0,1
ACAGCCCACCAGC,1,1
ACAGCCCAGCAAC,0,1
ACAGCCCAGGGCC,0,1
ACAGCCCCAGACA,0,1
ACAGCCCCAGGAC,0,1
ACAGCCCCAGGGC,0,1
ACAGCCCCCGCCA,0,1
ACAGCCCCGCCAG,0,1
ACAGCCCCGGCCC,0,1
ACAGCCCCGGGGG,0,1
ACAGCCCGACACC,0,1
ACAGCCCGAGCCC,0,1
ACAGCCCGCACCA,0,1
ACAGCCCGCCCGG,0,1
ACAGCCGAGAAAA,0,1
ACAGCCGCACAGG,0,1
ACAGCCGCACCGC,0,1
ACAGCCGCCGCCG,0,1
ACAGCCGCGCGGC,0,1
ACAGCCGGAACCC,0,1
ACAGCCGGAAGGG,0,1
ACAGCCGGACGGA,0,1
ACAGCCGGAGGGC,1,1
ACAGCCGGCCACA,1,1
ACAGCCGGCCCCG,0,1
ACAGCCGGGGGCC,0,1
ACAGCGAAACGGC,0,1
ACAGCGAAAGAAC,0,1
ACAGCGACAGCCA,0,2
ACAGCGACGAAGA,1,1
ACAGCGACGGACA,0,1
ACAGCGACGGAGA,0,1
ACAGCGACGGCAG,0,1
ACAGCGAGAAGGC,1,1
ACAGCGAGACAAC,0,1
ACAGCGAGACGCG,0,1
ACAGCGAGGCCGA,0,1
ACAGCGCACAACG,1,1
ACAGCGCACAGCA,0,1
ACAGCGCAGACAA,0,1
ACAGCGCCACGGA,0,5
ACAGCGCCAGCCC,0,1
ACAGCGCCAGGGC,0,2
ACAGCGCCCCCAG,0,1
ACAGCGCCCCCCC,0,1
ACAGCGCCCGAAA,0,1
ACAGCGCGCCGGC,0,2
ACAGCGGAAGAAC,1,1
ACAGCGGAAGGAA,0,2
ACAGCGGACAAGC,0,1
ACAGCGGAGGAAC,0,1
ACAGCGGAGGAGA,0,1
ACAGCGGCAAAGC,0,1
ACAGCGGCACCCA,0,1
ACAGCGGCAGGGC,0,1
ACAGCGGCCAGAC,0,3
ACAGCGGCCCCGC,0,1
ACAGCGGGAAGGC,0,1
ACAGCGGGAGCGG,1,1
ACAGCGGGAGGAG,0,1
ACAGCGGGCAACG,0,16
ACAGCGGGCAGAC,0,3
ACAGCGGGGAGAA,0,1
ACAGCGGGGCCAG,0,1
ACAGCGGGGCCGA,0,1
ACAGGAAAAAAAA,0,1
ACAGGAAAAAACG,0,1
ACAGGAAAACGCA,0,1
ACAGGAAAAGACA,0,1
ACAGGAAAAGCGG,1,1
ACAGGAAACAACA,0,1
ACAGGAAACAGGG,0,1
ACAGGAAACCCGA,0,1
ACAGGAAAGACGG,1,1
ACAGGAAAGAGCG,0,1
ACAGGAAAGGGAA,2,11
ACAGGAAAGGGGA,0,1
ACAGGAACAAAAA,0,1
ACAGGAACAAAAC,0,1
ACAGGAACAACAA,0,1
ACAGGAACACGAG,0,1
ACAGGAACCCAGG,0,1
ACAGGAACGAAAG,0,1
ACAGGAAGAAAAG,0,1
ACAGGAAGACAAA,0,1
ACAGGAAGACGCG,0,1
ACAGGAAGGCCAC,0,2
ACAGGAAGGCCCA,0,1
ACAGGAAGGCGAA,0,1
ACAGGAAGGCGAC,0,6
ACAGGAAGGCGGC,0,1
ACAGGAAGGGAGC,0,1
ACAGGAAGGGAGG,0,2
ACAGGACAAAAAC,0,1
ACAGGACAAAGAC,0,1
ACAGGACAAAGCA,0,1
ACAGGACAACAAC,0,1
ACAGGACACGGAC,0,1
ACAGGACACGGGA,1,1
ACAGGACAGAGCA,1,2
ACAGGACAGCGAG,1,1
ACAGGACAGGACA,1,1
ACAGGACAGGCCC,1,1
ACAGGACAGGGGA,1,1
ACAGGACCACCAG,0,1
ACAGGACCCAGAC,0,1
ACAGGACCCGCGC,0,1
ACAGGACCCGGGC,3,10
ACAGGACCGAGGA,0,1
ACAGGAGAAAAAA,0,1
ACAGGAGAAAGCC,0,3
ACAGGAGAAGCCC,0,1
ACAGGAGAAGCGG,0,1
ACAGGAGAAGGCC,0,1
ACAGGAGAAGGGG,1,1
ACAGGAGAGGAAC,0,1
ACAGGAGAGGCAC,0,1
ACAGGAGAGGGAG,1,1
ACAGGAGCAAGAC,2,2
ACAGGAGCACCCC,0,1
ACAGGAGCAGAAG,0,1
ACAGGAGCAGGAG,0,1
ACAGGAGCCCAAG,0,3
ACAGGAGCCCAGG,0,1
ACAGGAGCCGGCG,0,1
ACAGGAGCGGAGA,0,1
ACAGGAGCGGCCC,0,1
ACAGGAGGAAGGG,0,2
ACAGGAGGAGAAA,0,1
ACAGGAGGAGCAA,0,1
ACAGGAGGAGGAG,1,1
ACAGGAGGCAACA,0,1
ACAGGAGGCACAG,0,1
ACAGGAGGCACGA,0,1
ACAGGAGGCCACC,0,1
ACAGGAGGCCGAG,0,1
ACAGGAGGCGGAG,0,1
ACAGGAGGCGGCC,0,1
ACAGGAGGGAGAG,0,1
ACAGGAGGGAGGC,0,1
ACAGGAGGGCCCG,1,1
ACAGGAGGGCGAG,0,1
ACAGGAGGGGCAC,0,1
ACAGGAGGGGCCC,0,1
ACAGGCAAAAAAG,0,1
ACAGGCAAAAACC,0,1
ACAGGCAAAGACA,1,1
ACAGGCAACAAAG,0,1
ACAGGCAACCACA,1,1
ACAGGCAACCCAG,0,1
ACAGGCAAGCCAA,0,1
ACAGGCAAGGGAA,0,1
ACAGGCAAGGGGA,1,1
ACAGGCAAGGGGG,0,3
ACAGGCACAAAGA,0,1
ACAGGCACAGCCG,0,1
ACAGGCACAGGCA,0,1
ACAGGCACCACAG,1,1
ACAGGCACCAGCC,0,1
ACAGGCACCCAGC,0,1
ACAGGCACCCAGG,0,2
ACAGGCACCGACA,0,1
ACAGGCACGGCCA,1,1
ACAGGCACGGGAG,0,1
ACAGGCAGAAACG,0,1
ACAGGCAGAACAA,0,1
ACAGGCAGACACA,0,6
ACAGGCAGACAGA,0,3
ACAGGCAGACGAG,0,1
ACAGGCAGAGACA,0,2
ACAGGCAGAGCAC,0,1
ACAGGCAGGAAAA,0,1
ACAGGCAGGACAA,0,2
ACAGGCAGGCCAG,1,1
ACAGGCAGGGAAA,0,1
ACAGGCAGGGAGA,0,1
ACAGGCAGGGCAC,1,1
ACAGGCCAAGCCG,1,1
ACAGGCCACAAAC,0,1
ACAGGCCACCCAA,0,1
ACAGGCCACCCAC,0,1
ACAGGCCACCCGA,0,1
ACAGGCCACCGAA,0,1
ACAGGCCAGACCC,0,1
ACAGGCCAGCCCC,0,1
ACAGGCCAGGGCA,1,1
ACAGGCCCGCCAC,0,1
ACAGGCCGAACCC,0,1
ACAGGCCGGCAAC,0,1
ACAGGCCGGGCGC,1,1
ACAGGCGAGAAAC,0,1
ACAGGCGAGAAGA,0,2
ACAGGCGCCAAGG,0,1
ACAGGCGCGGGGG,0,1
ACAGGCGGAGACG,0,3
ACAGGCGGCAGGG,0,1
ACAGGGAAAAAAG,0,1
ACAGGGAAAAGCA,0,1
ACAGGGAAAGGAC,0,1
ACAGGGAACAAGC,1,3
ACAGGGAAGAAAA,0,1
ACAGGGAAGAGCA,0,1
ACAGGGAAGCAAG,0,1
ACAGGGAAGCCAG,0,1
ACAGGGAAGCGAG,0,6
ACAGGGAAGGGAG,0,1
ACAGGGACAAACC,0,1
ACAGGGACAAAGG,0,1
ACAGGGACAACGG,1,1
ACAGGGACCAAGC,0,1
ACAGGGACCCAGG,0,1
ACAGGGACCGGCG,0,1
ACAGGGACGAGGC,1,5
ACAGGGAGACAAA,0,1
ACAGGGAGACACA,0,1
ACAGGGAGAGAAC,1,1
ACAGGGAGAGGGG,1,1
ACAGGGAGCACCA,0,1
ACAGGGAGCCAAG,0,1
ACAGGGAGCCAGG,1,1
ACAGGGAGGAGAC,0,1
ACAGGGAGGAGGC,0,4
ACAGGGAGGGACA,0,2
ACAGGGAGGGACG,0,1
ACAGGGAGGGGAG,0,1
ACAGGGCAAAACA,0,1
ACAGGGCAAAACC,0,1
ACAGGGCAAGACC,0,1
ACAGGGCAAGGAC,0,1
ACAGGGCACCACC,1,1
ACAGGGCAGAACA,1,1
ACAGGGCAGAGGG,0,7
ACAGGGCAGCACC,0,1
ACAGGGCAGCCAA,0,1
ACAGGGCAGCCCA,0,1
ACAGGGCAGGGAG,0,1
ACAGGGCAGGGCA,0,2
ACAGGGCAGGGCG,0,1
ACAGGGCCAAAGG,0,1
ACAGGGCCACCAG,0,1
ACAGGGCCACCCA,0,1
ACAGGGCCCAGAG,0,1
ACAGGGCCCAGGG,0,1
ACAGGGCCGACCC,0,1
ACAGGGCCGCAGA,1,1
ACAGGGCGACCCA,0,1
ACAGGGCGACGCG,0,1
ACAGGGCGACGGC,0,1
ACAGGGCGAGGCA,0,1
ACAGGGCGGCAGC,0,1
ACAGGGCGGCAGG,0,1
ACAGGGCGGCCGC,0,1
ACAGGGGAAACCC,0,1
ACAGGGGACAAAA,1,2
ACAGGGGACAGAA,0,2
ACAGGGGACGAGA,0,1
ACAGGGGAGAAAC,0,1
ACAGGGGAGCAAA,0,1
ACAGGGGAGCAGG,0,1
ACAGGGGAGCGCG,0,1
ACAGGGGAGCGGA,0,1
ACAGGGGCAAAAC,0,1
ACAGGGGCAAGCA,0,1
ACAGGGGCACCAA,0,1
ACAGGGGCAGACA,0,3
ACAGGGGCAGGGG,0,1
ACAGGGGCCACGA,0,1
ACAGGGGCCAGGC,0,1
ACAGGGGCCCAAC,0,2
ACAGGGGCCCAGC,0,1
ACAGGGGCCCAGG,0,1
ACAGGGGCGACCG,0,1
ACAGGGGGAGAGG,0,1
ACAGGGGGGAGGC,0,1
ACAGGGGGGGAGA,0,1
ACAGGGGGGGCCG,1,1
ACAGGGGGGGCGG,0,1
ACCAAAAAAAAAA,0,3
ACCAAAAAAAAAG,0,1
ACCAAAAAAACGA,0,1
ACCAAAAAAAGAA,0,2
ACCAAAAAACAAC,0,1
ACCAAAAAACAAG,0,1
ACCAAAAAACACA,0,1
ACCAAAAAACCCC,0,1
ACCAAAAAAGAAA,0,1
ACCAAAAAAGACA,0,1
ACCAAAAAAGCAA,0,1
ACCAAAAACCAAA,0,11
ACCAAAAACCCAA,0,1
ACCAAAAAGAAAA,0,2
ACCAAAAAGAAAC,0,1
ACCAAAAAGAGGA,0,1
ACCAAAAAGCAAC,2,2
ACCAAAAAGCGCA,0,1
ACCAAAAAGGAGA,0,1
ACCAAAACAAAAC,0,4
ACCAAAACAACAA,0,3
ACCAAAACACAAA,0,1
ACCAAAACACGGG,0,1
ACCAAAACAGACA,0,1
ACCAAAACCAAAA,0,1
ACCAAAACCCAAA,0,2
ACCAAAACCGCCG,0,1
ACCAAAACGAAAC,0,24
ACCAAAACGAACC,0,1
ACCAAAACGAAGC,0,2
ACCAAAACGAGGC,0,1
ACCAAAACGCGAC,0,1
ACCAAAAGACAAC,0,1
ACCAAAAGACAAG,0,1
ACCAAAAGAGCAA,0,1
ACCAAAAGCAAAA,0,1
ACCAAAAGCAGGG,0,1
ACCAAAAGCGCCA,0,1
ACCAAAAGGAAGG,1,1
ACCAAACAAAGAG,0,1
ACCAAACAACCAC,0,1
ACCAAACACACAC,0,1
ACCAAACACAGAA,1,1
ACCAAACAGGGCC,0,1
ACCAAACCAAACC,0,2
ACCAAACCAACCA,0,1
ACCAAACCAAGGC,0,1
ACCAAACCACAAG,0,1
ACCAAACCAGCCG,0,1
ACCAAACCCAAAG,0,1
ACCAAACCGACAC,0,1
ACCAAACCGCACC,0,1
ACCAAACCGGCCC,0,1
ACCAAACGAAGCC,0,1
ACCAAACGAGAAG,1,1
ACCAAACGCACCG,0,1
ACCAAACGGCCAG,0,1
ACCAAACGGGGGC,0,1
ACCAAAGAAAACA,0,1
ACCAAAGAAACAA,0,1
ACCAAAGAACGAA,0,1
ACCAAAGAAGGAA,0,1
ACCAAAGACAAAA,0,1
ACCAAAGACAGAA,0,1
ACCAAAGACAGGG,0,1
ACCAAAGACCAAA,0,1
ACCAAAGAGAAAA,0,1
ACCAAAGAGAGAA,0,1
ACCAAAGAGAGCA,0,1
ACCAAAGAGCAAA,0,1
ACCAAAGAGCAAC,0,1
ACCAAAGAGGAAG,0,4
ACCAAAGCAAAGA,0,1
ACCAAAGCACCGA,0,1
ACCAAAGCACCGC,0,1
ACCAAAGCAGAAC,0,1
ACCAAAGCCCACC,0,1
ACCAAAGCCCGAC,3,5
ACCAAAGCCCGAG,0,1
ACCAAAGCCGGGA,0,1
ACCAAAGCGAAAC,1,1
ACCAAAGCGCACC,0,1
ACCAAAGGACCAC,0,1
ACCAAAGGAGACA,0,1
ACCAAAGGAGCAA,0,1
ACCAAAGGCAAAA,0,1
ACCAACAAACACG,0,4
ACCAACAAAGAAG,0,1
ACCAACAAAGACG,0,1
ACCAACAACAAAC,0,2
ACCAACAAGAGAA,0,1
ACCAACAAGAGAG,0,1
ACCAACAAGCGAA,0,1
ACCAACACAAAGG,0,1
ACCAACACAAGCA,0,1
ACCAACACACACA,0,1
ACCAACACCAAAC,0,1
ACCAACACCACAC,0,1
ACCAACACCCAGA,0,1
ACCAACACGACCA,0,1
ACCAACAGAAACC,0,1
ACCAACAGACAAC,0,1
ACCAACAGCCACG,1,2
ACCAACAGCCCCG,0,1
ACCAACAGCGCAG,0,1
ACCAACAGGAACG,0,1
ACCAACAGGGGCC,0,2
ACCAACCAAAAAG,0,1
ACCAACCAACAAA,0,1
ACCAACCAAGCCG,0,1
ACCAACCAAGGCG,0,1
ACCAACCAGCCAA,0,1
ACCAACCCAAAAA,0,1
ACCAACCCAAACC,0,1
ACCAACCCAGAGA,0,1
ACCAACCCCACCG,1,1
ACCAACCCCAGGG,0,1
ACCAACCCCCAAC,0,1
ACCAACCCCCAGC,0,1
ACCAACCCCCGGG,0,1
ACCAACCCGGACC,0,1
ACCAACGAGACCA,1,1
ACCAACGCCAGCG,0,1
ACCAACGCCCGGA,0,1
ACCAACGCCGGAC,0,1
ACCAACGCGGCGG,0,1
ACCAACGGCCACG,0,1
ACCAACGGGACGG,0,1
ACCAACGGGAGGA,0,1
ACCAAGAAAAAAA,0,1
ACCAAGAAAAAGG,0,1
ACCAAGAAACACC,0,1
ACCAAGAAAGAAG,0,1
ACCAAGAAAGCCC,0,1
ACCAAGAACAAAG,0,1
ACCAAGAACAGAG,0,1
ACCAAGAACCAAC,0,1
ACCAAGAACCAAG,0,1
ACCAAGAACCGAC,0,1
ACCAAGAACGACC,0,1
ACCAAGAAGAAAA,0,1
ACCAAGAAGCGAC,0,1
ACCAAGACAAAGA,0,1
ACCAAGACAAGCA,0,2
ACCAAGACAAGGA,0,1
ACCAAGACCCACA,1,1
ACCAAGAGACAAA,1,1
ACCAAGAGAGGAA,0,1
ACCAAGAGCCCCC,0,1
ACCAAGAGGGGGC,0,1
ACCAAGCAACAAG,0,1
ACCAAGCAAGCCA,0,1
ACCAAGCACAGGC,0,1
ACCAAGCACGAGG,0,2
ACCAAGCAGCACA,0,1
ACCAAGCCCAAAA,0,1
ACCAAGCCCCCCA,0,1
ACCAAGCCGAGCC,0,1
ACCAAGGACAACA,0,1
ACCAAGGACAGGC,1,5
ACCAAGGACCAAA,0,14
ACCAAGGAGAACA,0,1
ACCAAGGAGCAAG,0,1
ACCAAGGAGCCGA,0,1
ACCAAGGCAAGCA,0,1
ACCAAGGCAGGAA,0,1
ACCAAGGCAGGGC,0,1
ACCAAGGCCAAAC,0,1
ACCAAGGCCAGAC,0,1
ACCAAGGCGAACA,0,3
ACCAAGGCGACAA,0,1
ACCAAGGCGGAGC,0,1
ACCAAGGGAAAGG,0,1
ACCAAGGGAACGC,0,1
ACCAAGGGAGCCC,0,1
ACCAAGGGCAGCA,0,1
ACCAAGGGGCAAG,1,1
ACCACAAAAAAAG,0,1
ACCACAAAAGCAA,0,1
ACCACAAAAGGAC,0,1
ACCACAAACACAC,0,1
ACCACAAACAGGC,0,1
ACCACAAACGGGC,0,1
ACCACAAAGAACG,1,1
ACCACAAAGGAAC,0,1
ACCACAACACAGA,0,1
ACCACAACAGACA,0,1
ACCACAACAGCCC,0,1
ACCACAAGAAAGC,0,2
ACCACAAGAGCAA,0,1
ACCACAAGCAAAG,0,1
ACCACAAGCGGGA,0,1
ACCACAAGGCCAG,0,1
ACCACAAGGCCGG,0,2
ACCACACAACCGC,0,1
ACCACACAGCCAA,1,1
ACCACACAGCCAG,4,5
ACCACACAGCGCC,0,5
ACCACACAGGCCG,1,1
ACCACACCCGGGC,0,1
ACCACACCGCAGG,0,1
ACCACACCGGACG,0,1
ACCACACGAGAGC,0,1
ACCACACGGCCAG,10,22
ACCACACGGGGAG,0,1
ACCACAGAAAAGA,0,1
ACCACAGAAAAGC,0,1
ACCACAGAAAGCA,0,1
ACCACAGAAGGAA,0,1
ACCACAGACACCA,1,1
ACCACAGACAGCA,0,1
ACCACAGAGACGG,0,1
ACCACAGAGAGCA,0,1
ACCACAGAGCAGG,0,1
ACCACAGCAACAG,0,1
ACCACAGCACAAC,0,1
ACCACAGCCACCA,1,1
ACCACAGCCGAGC,0,1
ACCACAGCGACGG,0,1
ACCACAGGCAACC,0,1
ACCACAGGCAGGA,0,1
ACCACAGGGACCA,1,4
ACCACAGGGCACC,1,1
ACCACAGGGGGGG,0,1
ACCACCAAAAGAA,0,1
ACCACCAAACCCA,0,1
ACCACCAAAGAGC,0,1
ACCACCAACACGA,0,1
ACCACCAACAGAA,0,1
ACCACCAACCAAG,0,1
ACCACCAACCCCA,1,1
ACCACCAAGCAGC,0,2
ACCACCAAGCCCC,0,1
ACCACCAAGGCCG,0,1
ACCACCACAGCAA,0,1
ACCACCACCAACC,0,1
ACCACCACCACAG,0,1
ACCACCACCACCA,0,3
ACCACCACCACCG,0,1
ACCACCACCACGC,0,2
ACCACCACCGCGC,0,1
ACCACCACCGGCC,1,1
ACCACCACGCCCG,0,1
ACCACCACGGGCA,0,1
ACCACCAGAGCAG,0,1
ACCACCAGCAGCG,0,1
ACCACCAGCCCCA,1,2
ACCACCAGCGAAG,0,1
ACCACCAGGACCA,0,1
ACCACCAGGCCGG,0,1
ACCACCAGGGAAA,0,1
ACCACCAGGGGCA,0,1
ACCACCCAACCCG,0,1
ACCACCCACCCCA,3,3
ACCACCCAGCAGC,0,1
ACCACCCCCAGGA,1,1
ACCACCCCCGACG,0,1
ACCACCCCCGGCG,0,1
ACCACCCCCGGGC,0,1
ACCACCCCGAAAC,0,1
ACCACCCCGCCGA,0,1
ACCACCCGAGCCG,0,1
ACCACCCGGGCCC,0,1
ACCACCGAACCCC,0,1
ACCACCGACAAAA,0,1
ACCACCGAGAAAA,0,1
ACCACCGCCACCG,0,1
ACCACCGCCCACA,0,1
ACCACCGCCGGCC,0,1
ACCACCGGACAGA,0,1
ACCACCGGCAAAA,0,1
ACCACCGGCAGAA,1,1
ACCACCGGCAGGA,0,1
ACCACCGGCCGCC,0,1
ACCACCGGCCGGG,0,1
ACCACGAAAGAAA,0,1
ACCACGAACAGCC,1,1
ACCACGAAGCCCG,0,1
ACCACGACACAAG,1,2
ACCACGACGACGA,0,1
ACCACGAGCGGGA,0,1
ACCACGAGGAACA,0,1
ACCACGCAAAAGC,0,1
ACCACGCAACCAC,0,8
ACCACGCAAGCAA,0,1
ACCACGCACACAG,0,1
ACCACGCAGAGAC,0,1
ACCACGCAGCCAC,0,1
ACCACGCAGCCGA,0,1
ACCACGCCAAGCA,0,1
ACCACGCCAGCCA,0,1
ACCACGCCCGGCG,0,1
ACCACGCCGACGG,0,1
ACCACGCCGCGCC,0,1
ACCACGCCGGAGG,0,1
ACCACGCCGGCCG,0,1
ACCACGCGCAAGG,0,1
ACCACGCGCACGC,0,1
ACCACGCGCAGCC,0,1
ACCACGCGGCAGC,0,1
ACCACGGACAGGA,0,16
ACCACGGACCGGA,0,1
ACCACGGACGGGA,0,7
ACCACGGACGGGC,0,1
ACCACGGAGCACC,0,1
ACCACGGCAACAG,0,1
ACCACGGCCAAGA,0,1
ACCACGGCCCAGG,0,1
ACCACGGCCGCGG,0,1
ACCACGGGACGCC,0,1
ACCAGAAAAGGAG,0,1
ACCAGAAACAGGA,0,1
ACCAGAACAACGA,0,1
ACCAGAACACCAC,0,1
ACCAGAACAGAAA,0,1
ACCAGAAGAAAGC,0,1
ACCAGAAGACAAA,0,1
ACCAGAAGAGAGA,0,8
ACCAGAAGAGCAA,1,1
ACCAGAAGCAAGC,0,1
ACCAGAAGCCAAG,0,1
ACCAGAAGCGAGG,0,1
ACCAGAAGGCCAC,0,1
ACCAGAAGGGCAA,0,1
ACCAGACAACAAG,0,1
ACCAGACACGAAC,0,1
ACCAGACAGGGAC,0,1
ACCAGACCCACCG,0,3
ACCAGACCCCAAG,0,1
ACCAGACGAAACA,0,1
ACCAGACGCAGAG,1,1
ACCAGAGAACAAC,0,1
ACCAGAGAAGAAA,0,1
ACCAGAGAAGAGA,0,1
ACCAGAGAAGAGG,0,1
ACCAGAGACAAAG,0,1
ACCAGAGACACCC,0,1
ACCAGAGACCCGA,0,1
ACCAGAGAGCACA,9,17
ACCAGAGAGCAGA,0,2
ACCAGAGAGGAGA,0,1
ACCAGAGAGGGCA,0,6
ACCAGAGCAAAAC,0,1
ACCAGAGCACGGG,0,1
ACCAGAGCAGCAA,0,1
ACCAGAGCAGCCG,0,1
ACCAGAGCCCGGA,3,14
ACCAGAGGAAAGC,0,1
ACCAGAGGACAAA,0,1
ACCAGAGGACGAG,0,1
ACCAGAGGAGAAC,0,1
ACCAGAGGCAGCC,0,1
ACCAGAGGCCACC,0,1
ACCAGAGGCCAGG,0,1
ACCAGAGGGAGGA,0,1
ACCAGAGGGCAAA,0,6
ACCAGAGGGGAAA,0,1
ACCAGAGGGGCAA,0,4
ACCAGAGGGGGAA,0,1
ACCAGCAAAAAGA,0,1
ACCAGCAAAACGG,0,1
ACCAGCAAGAAGA,0,1
ACCAGCAAGAAGG,1,1
ACCAGCAAGAGAC,0,1
ACCAGCAAGCCAG,0,1
ACCAGCACAACAG,0,1
ACCAGCACAGAAG,0,1
ACCAGCACCAGCC,0,1
ACCAGCACCAGGA,1,1
ACCAGCACCCAAA,0,1
ACCAGCACCCAAC,0,1
ACCAGCACCCCAA,2,2
ACCAGCACCCGGC,0,1
ACCAGCACCGCGC,0,1
ACCAGCAGAGAAA,0,1
ACCAGCAGAGCAC,0,1
ACCAGCAGCACAA,0,1
ACCAGCAGCCACC,0,1
ACCAGCAGCCCAG,0,1
ACCAGCAGGAGGA,0,1
ACCAGCAGGGCGC,0,1
ACCAGCCAAGACG,0,1
ACCAGCCACAGAA,0,1
ACCAGCCACAGCA,0,1
ACCAGCCAGCAAA,0,2
ACCAGCCCAAAGG,0,1
ACCAGCCCAAGGA,0,1
ACCAGCCCAGAAA,0,1
ACCAGCCCAGGAC,0,1
ACCAGCCCAGGCA,0,1
ACCAGCCCCACCA,1,1
ACCAGCCCCCGGC,0,1
ACCAGCCGACCAA,0,1
ACCAGCCGCCACC,0,1
ACCAGCCGCGGCA,0,1
ACCAGCCGGGCCG,0,1
ACCAGCCGGGGCG,0,1
ACCAGCGAAGAGA,0,1
ACCAGCGAGGAAA,0,1
ACCAGCGAGGACA,0,1
ACCAGCGAGGAGA,0,1
ACCAGCGAGGCCC,0,1
ACCAGCGCCGCAC,0,1
ACCAGCGGCAGGC,0,1
ACCAGGAACAGGG,0,1
ACCAGGAAGCACC,0,1
ACCAGGAAGCGGC,0,1
ACCAGGAAGGCCC,0,1
ACCAGGACAAGAG,0,1
ACCAGGACCCAAC,0,1
ACCAGGAGAGCCA,0,1
ACCAGGAGCAGCA,0,1
ACCAGGAGCAGCG,0,1
ACCAGGAGGGCAA,0,1
ACCAGGCAACACG,0,2
ACCAGGCAAGAAA,1,1
ACCAGGCAAGACA,1,1
ACCAGGCACGACA,0,1
ACCAGGCAGAAAA,0,1
ACCAGGCAGCACG,0,1
ACCAGGCAGCAGG,0,1
ACCAGGCAGCCCC,0,1
ACCAGGCCAAGAG,0,1
ACCAGGCCACCAG,0,1
ACCAGGCCCCCCA,0,1
ACCAGGCCGCAAA,0,1
ACCAGGCCGCCCG,0,1
ACCAGGCGGCGCC,0,1
ACCAGGGAAGACA,0,1
ACCAGGGAAGCCA,0,1
ACCAGGGAAGGCC,0,1
ACCAGGGAGCCCG,0,1
ACCAGGGAGGCCA,0,1
ACCAGGGCAAGCA,0,1
ACCAGGGCACGGA,0,1
ACCAGGGCACGGC,0,1
ACCAGGGCAGAGC,1,1
ACCAGGGCCACAC,0,2
ACCAGGGCCAGCA,1,2
ACCAGGGCCAGGG,0,1
ACCAGGGCCCAAA,0,1
ACCAGGGCCCACC,0,1
ACCAGGGCGACAC,0,1
ACCAGGGGAAGAC,1,1
ACCAGGGGAAGGC,0,1
ACCAGGGGACACA,0,1
ACCAGGGGCACAC,0,1
ACCAGGGGCAGAC,0,1
ACCAGGGGGAAGG,0,1
ACCAGGGGGCAGA,1,1
ACCAGGGGGGACC,0,1
ACCCAAAAAAAAA,0,1
ACCCAAAAAAAGG,0,1
ACCCAAAAAAGAA,0,1
ACCCAAAAACCCA,0,1
ACCCAAAACAACA,0,1
ACCCAAAACAGGG,1,1
ACCCAAAACCAGA,0,1
ACCCAAAACGGGG,0,4
ACCCAAACAAACA,0,1
ACCCAAACAACAC,0,1
ACCCAAACCAAGA,0,1
ACCCAAACCCAGG,0,2
ACCCAAACGGCCG,0,1
ACCCAAAGACACG,1,1
ACCCAAAGCCCAG,1,1
ACCCAAAGGACCC,0,1
ACCCAACAAAAAA,0,1
ACCCAACAAAAGA,0,1
ACCCAACAAACGC,1,1
ACCCAACACCCCC,0,1
ACCCAACAGAAGA,1,1
ACCCAACAGACAG,0,1
ACCCAACAGCCAG,0,1
ACCCAACCAAACA,0,1
ACCCAACCAAACG,0,1
ACCCAACCCAACC,0,2
ACCCAACCCCACG,0,3
ACCCAACCCCAGG,0,1
ACCCAACCCCCAC,0,2
ACCCAACCCCCAG,0,1
ACCCAACCGAAAG,0,1
ACCCAACGACAGA,0,1
ACCCAACGCAGCA,6,8
ACCCAACGCCGGG,0,1
ACCCAACGCGAAA,0,1
ACCCAAGAAAAAG,0,1
ACCCAAGAAAAGC,0,4
ACCCAAGAACCCC,0,1
ACCCAAGAAGCCA,0,11
ACCCAAGACCAGG,0,1
ACCCAAGAGACAG,0,1
ACCCAAGAGAGCG,0,1
ACCCAAGAGCACA,0,1
ACCCAAGAGGGCC,0,1
ACCCAAGCAAAAC,1,1
ACCCAAGCCGGGA,0,1
ACCCAAGGAGAGA,0,1
ACCCAAGGCGGCG,0,1
ACCCACAAAGGCA,0,1
ACCCACAACCAAG,0,1
ACCCACAAGACGC,0,1
ACCCACAAGCAAG,1,1
ACCCACAAGCACA,0,2
ACCCACAAGGCAG,0,1
ACCCACACCAAGA,0,1
ACCCACACCACCG,0,1
ACCCACACCGAGA,0,1
ACCCACACGCCCA,0,3
ACCCACACGCCCG,0,4
ACCCACAGAGACC,0,2
ACCCACAGAGGAC,0,1
ACCCACAGCCCCG,0,1
ACCCACAGCGGCG,0,1
ACCCACCAGAAGG,0,1
ACCCACCAGCCCA,0,1
ACCCACCAGGGAG,0,1
ACCCACCCAAGGA,0,1
ACCCACCCAGCCG,1,1
ACCCACCCAGCGG,0,1
ACCCACCCCACAG,0,2
ACCCACCCCAGCG,0,1
ACCCACCCCCAAA,0,1
ACCCACCCGAAGA,0,1
ACCCACCCGGCCG,2,4
ACCCACCGAGGGA,0,6
ACCCACCGGCCGC,0,1
ACCCACCGGGGGA,0,12
ACCCACGCACCGC,0,1
ACCCACGCAGACC,0,1
ACCCACGCCGCGC,0,1
ACCCACGCGACCC,0,1
ACCCACGCGGCCG,0,1
ACCCACGGCAAGC,1,1
ACCCACGGCGAAA,0,1
ACCCACGGGCAGG,0,1
ACCCAGAAAAAGG,0,1
ACCCAGAAAAGCG,1,1
ACCCAGAAAAGGC,0,1
ACCCAGAACACAA,0,1
ACCCAGAACCCAC,1,1
ACCCAGAAGCCCA,0,1
ACCCAGACAACAA,0,1
ACCCAGACAACGA,0,1
ACCCAGACAAGCC,0,1
ACCCAGACAAGGA,1,1
ACCCAGACAGGGA,0,1
ACCCAGACCCAGG,0,1
ACCCAGACCCGAG,0,1
ACCCAGACGAACC,1,1
ACCCAGAGAGCAG,0,1
ACCCAGAGAGGAG,0,1
ACCCAGAGCAGGC,0,1
ACCCAGAGGGAGG,0,1
ACCCAGAGGGCCA,0,1
ACCCAGCAAAAGG,0,1
ACCCAGCACCACG,0,1
ACCCAGCACCAGC,0,3
ACCCAGCACCGCA,0,3
ACCCAGCAGCAAA,0,1
ACCCAGCAGGCGC,0,1
ACCCAGCAGGGCC,0,2
ACCCAGCCAAGCC,0,1
ACCCAGCCACCAG,0,1
ACCCAGCCAGCCA,0,1
ACCCAGCCAGGGA,0,1
ACCCAGCCCAAGG,0,2
ACCCAGCCCACGC,0,1
ACCCAGCCCAGAC,0,1
ACCCAGCCCAGGG,0,1
ACCCAGCCCCAGA,0,1
ACCCAGCCCCCAC,0,1
ACCCAGCCCGGGA,0,1
ACCCAGCCGGGAA,1,2
ACCCAGCGCCCCA,0,1
ACCCAGCGCGCGA,0,1
ACCCAGGAAAGCC,0,1
ACCCAGGAAGCCA,0,1
ACCCAGGAAGCCC,0,1
ACCCAGGAAGGAG,1,1
ACCCAGGACAGGA,1,1
ACCCAGGACGGCC,1,1
ACCCAGGAGACCA,0,1
ACCCAGGAGCGGA,0,1
ACCCAGGCAAGGA,3,4
ACCCAGGCACAAC,0,1
ACCCAGGCACCAG,0,1
ACCCAGGCCGACC,0,1
ACCCAGGGACAAA,0,1
ACCCAGGGAGAGA,4,4
ACCCAGGGAGCAC,0,1
ACCCAGGGAGCCA,0,1
ACCCAGGGCACAC,0,1
ACCCAGGGCAGCG,0,1
ACCCAGGGGCACG,0,1
ACCCAGGGGGGAC,0,1
ACCCCAAAAAGCA,27,56
ACCCCAAAAAGGA,1,2
ACCCCAAAACCGA,0,1
ACCCCAAAACGCC,0,1
ACCCCAAACAGAG,0,1
ACCCCAAAGGAAC,0,1
ACCCCAAAGGCCA,0,1
ACCCCAACAGGAG,0,1
ACCCCAACCACCA,0,1
ACCCCAACCCCAA,0,7
ACCCCAACCCCCC,0,1
ACCCCAACGCAGC,0,1
ACCCCAACGCCAC,0,1
ACCCCAAGAAAGC,0,1
ACCCCAAGACACA,0,1
ACCCCAAGAGAGG,0,1
ACCCCAAGCACAA,0,1
ACCCCAAGCCCCC,0,1
ACCCCAAGCGAGG,0,1
ACCCCAAGGCCCC,0,1
ACCCCACACCACG,0,1
ACCCCACAGAAGC,0,1
ACCCCACAGAGGG,0,1
ACCCCACAGCAAG,0,1
ACCCCACAGGCAC,0,1
ACCCCACCACAGC,0,1
ACCCCACCACCAC,0,1
ACCCCACCCAAGC,0,1
ACCCCACCCACCA,0,1
ACCCCACCCACGG,0,1
ACCCCACCCCAGG,0,1
ACCCCACCGACCC,0,1
ACCCCACGGAGCG,0,1
ACCCCACGGGAGG,0,1
ACCCCAGAACGCG,0,1
ACCCCAGAAGGAG,0,1
ACCCCAGACAAGC,0,1
ACCCCAGACGCAC,0,1
ACCCCAGAGACAA,0,1
ACCCCAGAGGCGG,0,2
ACCCCAGCACAAA,0,1
ACCCCAGCAGGAG,0,2
ACCCCAGCCCCAG,0,1
ACCCCAGCCGGCC,0,1
ACCCCAGCGCCCG,1,1
ACCCCAGGCCCAC,0,1
ACCCCAGGCCCAG,0,1
ACCCCAGGGAAAG,0,1
ACCCCAGGGAACC,0,1
ACCCCCAACACGA,0,1
ACCCCCAACCCCC,0,2
ACCCCCAACCGAA,0,1
ACCCCCACAAAGC,0,1
ACCCCCACAGAGG,1,1
ACCCCCACCCCCA,0,1
ACCCCCAGAAGAA,0,1
ACCCCCAGCCCGC,0,1
ACCCCCAGGGCGC,0,1
ACCCCCCACCCCA,0,1
ACCCCCCAGCACA,0,2
ACCCCCCAGCAGC,0,1
ACCCCCCAGCAGG,0,1
ACCCCCCAGGCGC,0,1
ACCCCCCCAGCAG,0,1
ACCCCCCCCAAGC,0,1
ACCCCCCCCCCCC,0,2
ACCCCCCCGCCCC,0,1
ACCCCCCGCGGGC,0,1
ACCCCCCGGCCCG,1,1
ACCCCCGACGGCC,0,1
ACCCCCGAGGCAG,0,1
ACCCCCGCAGAGG,0,1
ACCCCCGCCACCA,0,1
ACCCCCGCCGCCG,0,1
ACCCCCGCGGGGC,0,1
ACCCCCGGAGCCC,0,2
ACCCCCGGCACCA,0,1
ACCCCCGGCCGGC,0,1
ACCCCCGGCGGCG,0,1
ACCCCCGGGAGAG,1,1
ACCCCCGGGCAAA,1,1
ACCCCCGGGCGCG,0,1
ACCCCGACAGGCA,1,1
ACCCCGACCACCC,1,1
ACCCCGACCAGCG,0,1
ACCCCGACCCCAA,0,1
ACCCCGAGAGCGG,0,3
ACCCCGAGGAGAG,0,1
ACCCCGAGGGAGG,2,3
ACCCCGCAGCCCG,0,2
ACCCCGCCAACCG,1,1
ACCCCGCCCAAGA,0,1
ACCCCGCCCCCCG,0,1
ACCCCGCCCCGCC,0,2
ACCCCGCCCGGAC,0,2
ACCCCGCGAAGCA,0,1
ACCCCGCGGCCGC,0,1
ACCCCGCGGGACG,0,1
ACCCCGGAAGAGA,0,1
ACCCCGGCAACAC,0,1
ACCCCGGCACCGG,0,1
ACCCCGGCCCGAC,0,1
ACCCCGGGAAACA,0,1
ACCCCGGGAGCAC,0,1
ACCCCGGGCACAG,0,1
ACCCCGGGCCGGA,0,1
ACCCCGGGGCAGG,0,1
ACCCCGGGGCGAG,0,1
ACCCGAAAAAGAA,0,1
ACCCGAAACCACA,0,1
ACCCGAAGAGAGA,0,1
ACCCGAAGAGGCG,0,1
ACCCGACAAGCAA,0,1
ACCCGACACACCA,0,1
ACCCGACAGAACA,0,1
ACCCGACAGCAGC,0,1
ACCCGACCCGGCA,0,1
ACCCGAGAACACA,0,1
ACCCGAGAACCGC,0,2
ACCCGAGAAGAAC,0,1
ACCCGAGAAGCCA,0,3
ACCCGAGACCACA,0,1
ACCCGAGCCAGCA,0,1
ACCCGAGCCGCAA,0,1
ACCCGAGCCGGAG,0,3
ACCCGAGCGGACG,1,1
ACCCGAGCGGGGC,0,1
ACCCGAGGACGAG,0,1
ACCCGAGGCGACG,1,1
ACCCGAGGGAGGA,0,1
ACCCGCAAAGCCA,0,1
ACCCGCAAGGAGC,0,1
ACCCGCAGAAAGC,0,1
ACCCGCAGACACA,0,1
ACCCGCAGGGACG,0,1
ACCCGCCAAAGGA,0,3
ACCCGCCAGGGGC,0,1
ACCCGCCCGAAGC,0,1
ACCCGCCCGGCCC,0,1
ACCCGCCGCCCGG,0,5
ACCCGCCGCCGCC,0,1
ACCCGCCGGGAGA,0,1
ACCCGCGAACCCA,0,1
ACCCGCGAGGCGC,0,1
ACCCGCGCAAAGC,0,1
ACCCGCGCAACCA,0,1
ACCCGCGCCAGGA,0,1
ACCCGCGCCGCGC,0,1
ACCCGCGCGGAGA,0,1
ACCCGCGCGGAGG,0,1
ACCCGGACACGGG,0,1
ACCCGGACAGGCC,1,1
ACCCGGAGCAAAG,0,1
ACCCGGAGCCGCC,0,1
ACCCGGCAGCAGC,0,1
ACCCGGCCAGAAG,0,1
ACCCGGCCCCGCG,0,1
ACCCGGCCCGGCC,0,1
ACCCGGCCGGGAA,2,4
ACCCGGCGAGCCA,0,1
ACCCGGCGAGGAC,0,1
ACCCGGCGCCGGA,0,1
ACCCGGCGCGCAC,0,1
ACCCGGCGCGCGG,0,1
ACCCGGCGCGGCG,0,1
ACCCGGCGGCGCG,0,1
ACCCGGCGGCGGG,0,1
ACCCGGCGGGCAC,0,2
ACCCGGCGGGCGC,0,1
ACCCGGGAAGCCC,0,2
ACCCGGGAGACGA,0,1
ACCCGGGCAAGGA,7,7
ACCCGGGCACGGG,0,1
ACCCGGGCAGAGG,0,1
ACCCGGGCCAAAA,2,2
ACCCGGGCCCACA,0,1
ACCCGGGCCGCCC,0,1
ACCCGGGCCGCGG,0,1
ACCCGGGCGAACA,0,1
ACCCGGGCGCCGC,0,1
ACCCGGGCGGGGG,0,1
ACCCGGGGAGAGA,1,1
ACCCGGGGCGCGG,0,1
ACCCGGGGCGGGC,1,2
ACCCGGGGGAAGG,0,1
ACCCGGGGGGAAC,0,2
ACCCGGGGGGCGC,0,1
ACCGAAAAAAAAA,0,1
ACCGAAAAAGGCG,0,1
ACCGAAAAGAGAA,0,1
ACCGAAACAGAAA,0,1
ACCGAAAGCGAAC,1,1
ACCGAAAGGAAAC,0,1
ACCGAACACGACA,1,1
ACCGAACAGGAAC,0,2
ACCGAACCAGGAC,1,1
ACCGAACCGAAAA,0,1
ACCGAACCGAACC,1,3
ACCGAACGAGAGA,0,1
ACCGAAGAACAGA,0,1
ACCGAAGAACCAA,0,1
ACCGAAGAGAGCC,0,1
ACCGAAGAGCCCC,0,1
ACCGAAGCACACG,1,1
ACCGAAGCGGAGG,1,1
ACCGAAGGCACAG,0,1
ACCGAAGGCGAGA,2,2
ACCGAAGGGAGCC,1,1
ACCGACAAAACCG,0,1
ACCGACAAGGGAG,0,1
ACCGACACCAAGA,0,1
ACCGACACCCCCG,0,1
ACCGACAGCGGAG,0,1
ACCGACAGGCGCG,1,2
ACCGACCCCCACG,0,1
ACCGACCCCCAGC,1,1
ACCGACCCGGCCC,0,1
ACCGACCGAGAGA,0,1
ACCGACCGGCCCG,0,1
ACCGACCGGCCGG,0,1
ACCGACGAGCGAA,0,1
ACCGACGAGCGAG,0,1
ACCGACGCCAGAC,0,1
ACCGACGGAGACG,0,1
ACCGACGGCGACG,0,1
ACCGAGAAAAAAG,0,1
ACCGAGAAAAACA,0,1
ACCGAGAACGAGG,0,2
ACCGAGAAGCGCC,0,1
ACCGAGAAGCGCG,0,1
ACCGAGACGACGC,0,1
ACCGAGAGAGACA,0,1
ACCGAGAGCCCAG,0,1
ACCGAGAGCGAAG,0,1
ACCGAGCAAAAGC,0,1
ACCGAGCAAAGCA,0,16
ACCGAGCACACAA,0,1
ACCGAGCACGAAC,0,1
ACCGAGCAGCAAC,1,1
ACCGAGCAGCCGA,0,1
ACCGAGCAGCCGG,1,1
ACCGAGCCAGCGG,0,1
ACCGAGCCAGGGG,0,1
ACCGAGCCCACAC,0,1
ACCGAGCCCGGCC,0,1
ACCGAGCCGAGGA,1,1
ACCGAGCCGCCCC,0,1
ACCGAGCGAAAAG,1,1
ACCGAGCGACGGG,0,1
ACCGAGCGCGGCC,0,1
ACCGAGCGGACGG,0,1
ACCGAGCGGCGGA,0,1
ACCGAGGAAAGGA,0,1
ACCGAGGAAGGAA,1,1
ACCGAGGACCAAA,0,2
ACCGAGGACGGAG,0,1
ACCGAGGAGCCGC,1,3
ACCGAGGAGGACG,0,2
ACCGAGGAGGGAG,0,1
ACCGAGGCAAACC,0,1
ACCGAGGCAGACC,0,2
ACCGAGGCCAGAC,0,7
ACCGAGGCCCCCA,0,1
ACCGAGGCCGGAG,0,1
ACCGAGGGACGAG,0,1
ACCGAGGGAGAGA,0,1
ACCGAGGGAGGGA,0,1
ACCGAGGGCAAAC,0,1
ACCGAGGGCAGAA,0,1
ACCGAGGGCCCCG,0,1
ACCGCAAAAACCG,0,1
ACCGCAAAAGCGC,0,1
ACCGCAAAAGGGG,0,1
ACCGCAAAGAAGC,0,1
ACCGCAACAGCCC,0,1
ACCGCAACCCAAC,0,1
ACCGCAAGAGGGG,0,1
ACCGCACACAGAG,0,1
ACCGCACCAAGAG,0,1
ACCGCACCCGCCC,0,1
ACCGCACCGAAGG,1,1
ACCGCACGACAAC,0,2
ACCGCACGGCCGG,0,1
ACCGCACGGCGAG,0,1
ACCGCAGACAACG,0,1
ACCGCAGACCACG,1,1
ACCGCAGAGCAAA,0,1
ACCGCAGCCGGAG,0,2
ACCGCAGCGGAGC,0,1
ACCGCAGGAAGAA,0,1
ACCGCAGGCCACG,0,2
ACCGCAGGCCCCG,1,1
ACCGCAGGGAAAA,0,12
ACCGCAGGGAACC,0,3
ACCGCCAAAGAAG,0,1
ACCGCCAACGGGG,0,1
ACCGCCACAAGCA,0,1
ACCGCCACCAGGA,0,1
ACCGCCACCGCCG,0,1
ACCGCCACGGAAG,0,1
ACCGCCACGGACA,0,1
ACCGCCACGGACC,0,1
ACCGCCAGCGGGG,0,1
ACCGCCAGGCAGG,0,1
ACCGCCAGGCCCC,0,1
ACCGCCCAAACAC,0,1
ACCGCCCACAGGC,0,1
ACCGCCCACCGCC,0,1
ACCGCCCAGCCCC,0,1
ACCGCCCCAACAG,0,1
ACCGCCCCCCGCC,0,1
ACCGCCCCCCGGG,0,1
ACCGCCCGAGAGG,0,1
ACCGCCCGAGGGC,0,1
ACCGCCCGCCCAA,0,1
ACCGCCCGCGCCG,0,1
ACCGCCCGGCGCA,0,1
ACCGCCGAACAGG,1,1
ACCGCCGCACCGC,0,1
ACCGCCGCACGCC,0,1
ACCGCCGCCACCA,0,1
ACCGCCGCCCGGC,0,1
ACCGCCGCCGCCG,0,1
ACCGCCGCGCACA,1,1
ACCGCCGCGCCGA,0,2
ACCGCCGGAAGAA,0,1
ACCGCCGGAGGAG,0,1
ACCGCCGGGGGCC,0,1
ACCGCGACCACGA,0,1
ACCGCGACGGCGA,0,1
ACCGCGCAGCCCC,0,1
ACCGCGCCAGAAC,0,1
ACCGCGCCGCAAA,1,3
ACCGCGCCGCCGC,0,1
ACCGCGCCGGCCC,0,1
ACCGCGCGGAAAG,0,1
ACCGCGCGGCCAG,0,1
ACCGCGCGGCGGC,0,1
ACCGCGGAAACGC,0,1
ACCGCGGAAAGCA,0,11
ACCGCGGAGGAAG,0,1
ACCGCGGCAAGGG,0,1
ACCGCGGCACACG,0,1
ACCGCGGCCCACG,0,1
ACCGCGGCCGGCA,0,1
ACCGCGGGACCCG,0,1
ACCGCGGGACCGG,0,1
ACCGCGGGAGAAA,0,1
ACCGCGGGCGGGC,1,1
ACCGCGGGCGGGG,0,1
ACCGCGGGGCCGG,0,1
ACCGCGGGGGAGG,0,1
ACCGGAAAAGAAC,0,1
ACCGGAAACCAGG,1,1
ACCGGAAAGAGGA,0,1
ACCGGAAAGGGGA,1,2
ACCGGAACCGGAA,0,1
ACCGGAACGGGCC,0,1
ACCGGAAGAAGCG,0,1
ACCGGAAGAGAGG,0,2
ACCGGACAAGGGA,0,1
ACCGGACACCGCC,0,1
ACCGGACACGACA,0,1
ACCGGACACGACG,1,1
ACCGGACAGAAAA,0,1
ACCGGACAGGAAA,0,1
ACCGGACAGGGCC,0,1
ACCGGACCGCCAG,0,1
ACCGGACGAGACA,0,2
ACCGGAGACAGAA,0,1
ACCGGAGCCGCCG,0,1
ACCGGAGGAAGAG,0,1
ACCGGAGGAGCCG,0,1
ACCGGAGGAGCGG,0,1
ACCGGAGGGACAG,0,1
ACCGGAGGGAGCA,0,1
ACCGGAGGGCGGG,0,6
ACCGGCAAAAGGA,0,1
ACCGGCAAAGACA,0,1
ACCGGCAAGAACA,0,1
ACCGGCAAGGGAC,0,1
ACCGGCACGGCAC,0,2
ACCGGCAGCAGGG,0,1
ACCGGCAGCCAAC,0,1
ACCGGCAGCCGGC,1,2
ACCGGCAGCGCCA,0,1
ACCGGCAGGCCCC,0,1
ACCGGCCAAAAAG,0,1
ACCGGCCAAAACC,0,1
ACCGGCCAAAACG,0,1
ACCGGCCAAGAGA,0,1
ACCGGCCACCGAG,0,1
ACCGGCCACGGCA,0,1
ACCGGCCAGCCAG,0,1
ACCGGCCAGCGGG,0,1
ACCGGCCCCACGC,0,1
ACCGGCCCGAGAG,0,1
ACCGGCCCGGGGC,0,1
ACCGGCCGCACGC,0,1
ACCGGCCGCAGGC,0,1
ACCGGCCGCCGGC,0,2
ACCGGCCGCGGCG,0,1
ACCGGCCGGACAG,0,2
ACCGGCCGGAGCG,0,1
ACCGGCCGGCCGG,0,1
ACCGGCCGGGCCG,0,1
ACCGGCGAAAAGG,0,1
ACCGGCGAGAGAG,0,1
ACCGGCGAGCAGG,0,1
ACCGGCGAGGAGA,0,1
ACCGGCGCAACGC,0,1
ACCGGCGCAGCCG,0,1
ACCGGCGCAGCGG,1,1
ACCGGCGGAGGAC,0,1
ACCGGCGGCCGGC,0,1
ACCGGCGGCGAGC,0,1
ACCGGCGGCGAGG,0,1
ACCGGCGGGCAGG,0,1
ACCGGCGGGGACA,0,1
ACCGGGAAAACAC,0,1
ACCGGGAAGGCGC,0,1
ACCGGGACCCACA,0,1
ACCGGGACCGGCG,0,1
ACCGGGACGGACA,1,1
ACCGGGACGGCAG,0,1
ACCGGGACGGGAA,0,1
ACCGGGACGGGGA,0,1
ACCGGGAGAAAAA,2,3
ACCGGGAGACAAC,1,1
ACCGGGAGCAGAG,2,2
ACCGGGAGCAGCA,0,1
ACCGGGAGCCGGG,0,1
ACCGGGAGCGCCG,0,2
ACCGGGAGGAAGG,0,1
ACCGGGAGGACCG,0,1
ACCGGGAGGCGAG,0,1
ACCGGGAGGGCCA,0,1
ACCGGGCAACAAC,1,1
ACCGGGCACGCAG,1,1
ACCGGGCACGCCG,0,1
ACCGGGCAGAGAG,0,1
ACCGGGCAGCGAA,0,1
ACCGGGCAGGGAA,0,1
ACCGGGCCCAAAG,0,1
ACCGGGCCCGAGC,0,1
ACCGGGCCCGGAG,0,1
ACCGGGCGAAAAG,1,1
ACCGGGCGCGGAG,0,1
ACCGGGCGGAGAG,0,1
ACCGGGCGGAGGA,0,1
ACCGGGGAAGCCG,0,2
ACCGGGGACGAAC,0,1
ACCGGGGACGGAC,0,1
ACCGGGGAGCAAA,0,1
ACCGGGGAGGAGG,0,1
ACCGGGGAGGGGG,0,1
ACCGGGGCGACGA,0,1
ACGAAAAAAAAGA,0,1
ACGAAAAAAACAC,0,1
ACGAAAAAAACGG,0,1
ACGAAAAAAAGAA,1,1
ACGAAAAACCAAA,0,1
ACGAAAAACCAGA,0,1
ACGAAAAAGACGA,0,1
ACGAAAAAGAGGC,0,1
ACGAAAACAGACG,0,1
ACGAAAACGAAAA,0,1
ACGAAACACCAAA,0,1
ACGAAACAGAGAG,0,3
ACGAAACCAAAAA,0,11
ACGAAACCACGGC,0,1
ACGAAACCCAAAC,0,1
ACGAAACCCACCG,0,1
ACGAAACCCCAAG,0,1
ACGAAACCGAAAA,0,1
ACGAAACGAAAAA,0,1
ACGAAACGAAGCA,0,1
ACGAAACGAGACA,0,1
ACGAAACGGAACA,0,1
ACGAAACGGAACG,0,1
ACGAAACGGAGGG,0,1
ACGAAAGAAAGAC,0,1
ACGAAAGAAAGCA,0,1
ACGAAAGACAAAA,1,1
ACGAAAGACCGCG,1,1
ACGAAAGAGAAAA,0,1
ACGAAAGAGAAAC,0,1
ACGAAAGCAAAAA,0,1
ACGAAAGCACACA,0,1
ACGAAAGCAGGAA,0,1
ACGAAAGGAAGCC,0,1
ACGAAAGGACGCA,1,1
ACGAAAGGCGCGC,0,1
ACGAACAAAAAAA,0,1
ACGAACAAAAAAC,1,1
ACGAACAAAACCA,0,1
ACGAACAAAAGAA,0,1
ACGAACAAACAAG,0,1
ACGAACAAACCCA,0,1
ACGAACAAACCGA,0,1
ACGAACAAAGCCG,0,1
ACGAACAACACGA,0,1
ACGAACAACCGCC,1,1
ACGAACAAGAAAC,1,1
ACGAACACCCAAG,0,1
ACGAACACCCGAG,0,1
ACGAACCAACACA,0,1
ACGAACCACGGAA,1,1
ACGAACCGAGGAA,1,1
ACGAACCGGCCCG,0,1
ACGAACGACGGCG,0,1
ACGAACGAGGGAG,0,1
ACGAACGCGAGCA,0,1
ACGAAGAAAGAAG,1,1
ACGAAGAAGAAGA,0,2
ACGAAGAAGACGA,0,1
ACGAAGAAGAGCA,0,1
ACGAAGACAACAA,0,1
ACGAAGACACAGC,0,1
ACGAAGAGAGAGC,0,1
ACGAAGAGCGCCA,0,1
ACGAAGAGGAAGG,0,1
ACGAAGAGGACAA,0,2
ACGAAGAGGCAGA,0,1
ACGAAGCAAAAAA,0,1
ACGAAGCAAAGCC,0,1
ACGAAGCAACCGA,0,1
ACGAAGCAACGAA,0,1
ACGAAGCAGCAGC,0,1
ACGAAGCAGGAGC,2,4
ACGAAGCCAAAGC,0,1
ACGAAGCCCAAAA,0,2
ACGAAGCGGCAAC,0,1
ACGAAGGACCAAA,0,1
ACGAAGGCAGGCA,0,1
ACGAAGGCAGGCG,0,1
ACGAAGGCGAACG,1,1
ACGAAGGCGACAG,0,1
ACGAAGGCGGAAC,1,1
ACGAAGGCGGCGG,0,1
ACGACAAACGCCA,0,1
ACGACAAAGAGAG,0,1
ACGACAAAGGGAC,0,1
ACGACAACAACAA,0,1
ACGACAACGCGGG,0,1
ACGACACAACAAA,1,1
ACGACACAGACAC,0,1
ACGACACAGAGAC,0,1
ACGACACAGGGAC,0,1
ACGACACCCCGGA,0,3
ACGACACCCCGGG,0,2
ACGACACCGGCCG,0,1
ACGACACGACGGA,0,1
ACGACACGAGCAC,0,2
ACGACACGAGCGC,0,1
ACGACACGGACAC,0,1
ACGACACGGACAG,0,1
ACGACAGAACCGG,0,1
ACGACAGACCAAA,0,1
ACGACAGACCAGG,0,1
ACGACAGACCGCG,0,1
ACGACAGAGCCAG,0,2
ACGACAGAGCCGG,0,4
ACGACAGAGCGAC,0,1
ACGACAGCGACGA,0,1
ACGACAGCGGGCA,0,1
ACGACAGGAAAGG,0,12
ACGACAGGAAGGG,0,1
ACGACAGGAGCCG,0,1
ACGACAGGGGCAC,1,1
ACGACCAAAAACG,0,1
ACGACCACGAGCC,0,2
ACGACCCAAGAGA,0,1
ACGACCCAAGCAG,0,1
ACGACCCAGACAA,0,1
ACGACCCCGGCGC,0,1
ACGACCGACGAGC,0,1
ACGACCGGCGCCC,0,1
ACGACCGGGCCCG,0,1
ACGACGAAAACGA,0,1
ACGACGAACGAAC,0,2
ACGACGAAGAAGA,0,1
ACGACGAAGAGCG,0,1
ACGACGAAGGAAG,0,1
ACGACGACAAAGG,0,1
ACGACGACACAGA,0,1
ACGACGACAGCAA,0,1
ACGACGACCGAGC,1,1
ACGACGACCGCCG,0,1
ACGACGACGAAGA,0,1
ACGACGACGACGA,0,2
ACGACGACGACGC,0,1
ACGACGACGAGCA,1,1
ACGACGACGAGGA,1,2
ACGACGACGCACG,0,1
ACGACGACGCAGC,1,1
ACGACGACGGGGA,1,1
ACGACGAGAGAGA,4,4
ACGACGAGCACGA,1,1
ACGACGAGCCGAA,0,1
ACGACGAGGACCC,0,1
ACGACGAGGACGA,0,1
ACGACGAGGAGCA,1,1
ACGACGCAGCAGC,1,1
ACGACGCAGGACG,0,1
ACGACGCCAAGAC,0,1
ACGACGCCGCCGC,0,1
ACGACGCGAGAAC,1,1
ACGACGGACGCAG,0,1
ACGACGGACGGCG,0,1
ACGACGGAGACGA,0,1
ACGACGGCGCCGC,0,1
ACGACGGCGGAAC,0,1
ACGACGGCGGGAC,0,1
ACGACGGGAACAG,0,1
ACGACGGGAACCG,0,1
ACGACGGGCAAGG,0,1
ACGACGGGCCAGC,0,1
ACGACGGGGAGGA,1,1
ACGAGAAAAAAAG,0,1
ACGAGAAAAACCC,0,1
ACGAGAAACAGAC,0,1
ACGAGAAACCAAG,0,2
ACGAGAAAGAACC,0,1
ACGAGAACAGAAA,0,1
ACGAGAACCCAAC,0,1
ACGAGAACCGGCC,0,1
ACGAGAACGAAAA,0,1
ACGAGAACGAAAC,0,1
ACGAGAAGAACCG,0,1
ACGAGAAGAAGAA,0,1
ACGAGAAGACAAA,0,1
ACGAGAAGAGCAC,0,3
ACGAGAAGCCCAC,0,1
ACGAGACAAAGAG,0,1
ACGAGACAGACAA,0,1
ACGAGACAGAGCA,1,2
ACGAGACAGAGCC,0,1
ACGAGACCAACAA,0,1
ACGAGACCCCAGG,0,1
ACGAGACCGCACC,0,1
ACGAGACGACAAC,0,2
ACGAGAGAAAAAG,0,1
ACGAGAGAACGAA,1,1
ACGAGAGACGGCG,1,1
ACGAGAGAGAACC,0,1
ACGAGAGAGAGCA,27,27
ACGAGAGAGCACG,0,1
ACGAGAGCACCAA,0,1
ACGAGAGCCCACC,0,1
ACGAGAGCGAGCG,0,2
ACGAGAGCGCAGG,0,1
ACGAGAGGCAGCG,0,2
ACGAGAGGCAGGG,0,1
ACGAGAGGGAAAA,0,1
ACGAGAGGGGGAG,1,2
ACGAGCAAAAAAA,0,1
ACGAGCAAAAAGC,19,22
ACGAGCAAAGCAC,0,3
ACGAGCAACAAAA,1,1
ACGAGCAACAGAC,0,1
ACGAGCAACCGCC,1,1
ACGAGCACCAGCC,1,1
ACGAGCACGACAA,0,1
ACGAGCACGCGGC,0,1
ACGAGCAGAACAC,0,1
ACGAGCAGACACC,0,1
ACGAGCAGAGCAG,1,2
ACGAGCAGCGGAC,0,1
ACGAGCAGGAGGC,0,1
ACGAGCAGGCCAC,0,1
ACGAGCCAGAGCA,1,1
ACGAGCCCGGAGC,0,4
ACGAGCCCGGCGA,1,1
ACGAGCCGAACCA,0,3
ACGAGCGAAAAGC,1,1
ACGAGCGAAAAGG,1,1
ACGAGCGACCAGG,0,1
ACGAGCGAGCGAG,0,1
ACGAGCGCAGAGA,0,1
ACGAGCGCCAGAC,0,1
ACGAGCGGCAACC,0,1
ACGAGCGGGAGGA,0,1
ACGAGGAAAAGAG,0,1
ACGAGGAACACGC,0,1
ACGAGGAAGAAAA,0,1
ACGAGGAAGGAGC,1,1
ACGAGGAAGGCGC,0,1
ACGAGGACAAGGG,0,1
ACGAGGACACCAC,0,1
ACGAGGACCCACG,0,1
ACGAGGACGACGC,0,2
ACGAGGAGAACAG,0,1
ACGAGGAGAAGGA,0,1
ACGAGGAGCCAAG,1,3
ACGAGGAGCCGCA,0,1
ACGAGGAGCGGCA,1,2
ACGAGGAGCGGCG,0,1
ACGAGGAGGACAA,0,1
ACGAGGAGGAGGA,0,1
ACGAGGAGGAGGC,1,1
ACGAGGAGGCCGG,1,1
ACGAGGAGGCGGC,0,1
ACGAGGAGGGAGG,1,1
ACGAGGCACAGAG,0,1
ACGAGGCACAGCG,1,1
ACGAGGCAGAGCA,1,4
ACGAGGCAGCGAC,0,1
ACGAGGCAGCGCA,1,1
ACGAGGCAGGCCG,0,1
ACGAGGCAGGGGC,1,1
ACGAGGCCACCAA,0,2
ACGAGGCCACGGC,0,1
ACGAGGCCGCAAG,0,1
ACGAGGCGGAGGG,0,1
ACGAGGCGGCGAA,0,6
ACGAGGGAAAAGC,0,1
ACGAGGGACCACA,0,1
ACGAGGGAGACAA,0,1
ACGAGGGAGCAGC,1,2
ACGAGGGAGGAGC,0,1
ACGAGGGCAAAGC,0,1
ACGAGGGCAGACC,0,1
ACGAGGGCCGAGC,0,1
ACGAGGGGAACCG,0,1
ACGAGGGGAACGG,1,1
ACGCAAAAAAACA,2,5
ACGCAAAAAACAA,1,1
ACGCAAAAACCAA,0,1
ACGCAAAACAAGC,0,1
ACGCAAAAGCCAC,0,1
ACGCAAAAGGAAA,0,1
ACGCAAAGAAGAA,0,1
ACGCAAAGCAAGA,0,1
ACGCAAAGGCAAC,1,1
ACGCAACAACAGA,0,1
ACGCAACAACGAC,0,1
ACGCAACAAGGAG,0,1
ACGCAACACACAC,0,1
ACGCAACAGGCAA,0,1
ACGCAACCAACAG,0,1
ACGCAACCACGAC,0,8
ACGCAACCCAACC,0,1
ACGCAACCGCAAA,0,1
ACGCAACCGGGAA,0,5
ACGCAACGCAACC,0,1
ACGCAAGAAAGAG,0,2
ACGCAAGACGAGG,0,1
ACGCAAGCACAAA,0,1
ACGCAAGCACACA,0,3
ACGCAAGCCCAGA,0,1
ACGCAAGCCGCAA,0,1
ACGCAAGCGAGAC,0,1
ACGCAAGGACAAA,0,1
ACGCAAGGCCGAA,0,1
ACGCAAGGGCACC,0,1
ACGCAAGGGCCAC,0,1
ACGCACAAAGAAG,0,1
ACGCACAACAGGA,0,1
ACGCACACACACA,1,2
ACGCACACCAGGC,1,1
ACGCACAGCAAGA,0,1
ACGCACAGCCGCG,0,1
ACGCACAGGAAGG,0,1
ACGCACCAAGCCC,0,1
ACGCACCCACAAG,0,1
ACGCACCCACCCC,0,1
ACGCACCCCGAAC,0,1
ACGCACCCCGGAA,1,1
ACGCACCGCCCCG,0,1
ACGCACCGCCCGC,0,1
ACGCACGAACGCC,0,1
ACGCACGAGCGGC,0,1
ACGCACGCAACAC,0,1
ACGCACGCACACA,1,2
ACGCACGCACGCC,0,1
ACGCACGCGGCGG,0,1
ACGCACGGCCGAC,0,1
ACGCAGAAAGACG,0,1
ACGCAGAAGGGAG,0,1
ACGCAGACCAGCC,0,1
ACGCAGACGACAA,0,1
ACGCAGAGACCGA,0,1
ACGCAGAGCCACG,0,1
ACGCAGAGCCGCG,0,2
ACGCAGAGGACAC,0,1
ACGCAGCAACAGC,1,1
ACGCAGCAAGGAG,0,1
ACGCAGCACAGCG,1,1
ACGCAGCACGCAC,0,1
ACGCAGCACGCAG,1,1
ACGCAGCAGCAGA,0,1
ACGCAGCAGGCCG,1,1
ACGCAGCCAAAGA,0,1
ACGCAGCCAAGGA,0,1
ACGCAGCGACCAC,0,1
ACGCAGCGAGAAC,0,1
ACGCAGCGCGCGA,0,1
ACGCAGCGGACAG,0,1
ACGCAGGAAGAAG,0,2
ACGCAGGAGAGCC,1,1
ACGCAGGAGCCCG,0,1
ACGCAGGCAGAGC,0,1
ACGCAGGCAGCCA,0,1
ACGCAGGCCCAAC,0,1
ACGCAGGCGAGGG,0,1
ACGCAGGCGCGCC,0,1
ACGCAGGCGGAGA,1,1
ACGCAGGCGGAGC,0,1
ACGCAGGCGGCGG,0,1
ACGCAGGCGGGGG,0,1
ACGCAGGGACACG,0,1
ACGCAGGGCAGGG,0,1
ACGCCAAAAGCCG,0,1
ACGCCAAAGGAGA,0,14
ACGCCAAAGGGGA,0,1
ACGCCAACAGAGG,0,1
ACGCCAAGACCAG,0,1
ACGCCAAGCCAGA,0,1
ACGCCACAGACAC,0,1
ACGCCACCAGCAG,0,1
ACGCCACCCACCC,1,1
ACGCCACCGAGAG,0,1
ACGCCAGACAAAA,0,1
ACGCCAGACGGAC,0,1
ACGCCAGCAGCGA,0,1
ACGCCAGCCAGAG,0,1
ACGCCAGCCGAGG,0,1
ACGCCAGCGCCGC,0,1
ACGCCAGCGCGGG,0,1
ACGCCAGGCAGCC,0,1
ACGCCAGGCCACA,0,1
ACGCCAGGCGGGG,0,1
ACGCCAGGGAGAG,0,1
ACGCCAGGGCAAG,0,1
ACGCCAGGGCGAG,0,1
ACGCCCACAGAAC,0,1
ACGCCCACCAACC,0,1
ACGCCCACCAAGA,0,1
ACGCCCACGCCAG,0,1
ACGCCCACGCGAA,0,1
ACGCCCAGAGAAA,0,1
ACGCCCAGCGCCA,0,1
ACGCCCCAAACGC,0,1
ACGCCCCCACCAG,0,1
ACGCCCCCCAAAG,0,1
ACGCCCCCCGCCC,0,1
ACGCCCCCCGGAG,0,1
ACGCCCCCGCAAG,1,1
ACGCCCCCGGAAC,0,1
ACGCCCCGCAGGA,0,1
ACGCCCCGCGCCG,0,1
ACGCCCGACAGCC,0,1
ACGCCCGCAAACA,0,1
ACGCCCGCACGCC,0,1
ACGCCCGCGCAGC,0,1
ACGCCCGGACGAA,0,3
ACGCCCGGCCCCA,0,1
ACGCCCGGCCGGA,0,1
ACGCCCGGCCGGC,0,1
ACGCCCGGCGAGA,0,1
ACGCCGAAGGCCA,0,1
ACGCCGACAACAC,0,1
ACGCCGACACAAC,0,1
ACGCCGACGGGGG,0,1
ACGCCGAGACGGC,0,1
ACGCCGAGCCCGA,2,2
ACGCCGAGCGCAC,0,2
ACGCCGAGGCAAA,0,1
ACGCCGCAAAAGA,0,1
ACGCCGCAAAGGC,0,1
ACGCCGCAGACCA,0,1
ACGCCGCCCACCC,0,1
ACGCCGCCCGGGC,0,1
ACGCCGCCGCCGC,0,1
ACGCCGCCGCGCC,0,1
ACGCCGCCGCGGA,0,1
ACGCCGCCGGAAC,0,1
ACGCCGCGCCGCC,0,1
ACGCCGCGCGGGG,0,2
ACGCCGCGGCAAC,0,1
ACGCCGCGGCCGG,0,1
ACGCCGCGGGCCA,0,1
ACGCCGGAAGAAG,0,1
ACGCCGGACCAGG,0,1
ACGCCGGACGAGA,0,1
ACGCCGGAGCACG,0,1
ACGCCGGAGGGAG,0,1
ACGCCGGCAACAG,0,1
ACGCCGGCCGGAG,0,1
ACGCCGGCCGGCC,0,1
ACGCCGGCGACGC,1,2
ACGCCGGCGGAGG,0,1
ACGCCGGCGGGCG,0,1
ACGCCGGGACCAA,0,1
ACGCGAACACAAC,0,1
ACGCGAACGGCAG,0,1
ACGCGAAGAGCAC,0,1
ACGCGACAAGCGG,0,1
ACGCGACAGGAAA,0,2
ACGCGAGAAAGAC,0,1
ACGCGAGAACGGA,1,1
ACGCGAGCAAAGA,1,1
ACGCGAGCACCGA,0,1
ACGCGAGCACGGA,1,1
ACGCGAGCACGGC,0,1
ACGCGAGCCGGGC,0,1
ACGCGAGGAGAAC,0,1
ACGCGAGGCGGCG,0,1
ACGCGCAAAGCGG,1,1
ACGCGCAAGCGCA,0,1
ACGCGCACACGCC,0,1
ACGCGCACGCGAG,0,1
ACGCGCACGCGCG,0,1
ACGCGCACGGCAA,0,1
ACGCGCAGACCAC,1,1
ACGCGCAGCCCCC,0,1
ACGCGCAGCCCCG,0,1
ACGCGCAGCGGAG,0,1
ACGCGCAGGAGAG,2,2
ACGCGCCAACAAA,0,1
ACGCGCCCAGAAC,0,1
ACGCGCCCCGCCG,0,1
ACGCGCCCGAGCG,0,1
ACGCGCCCGGCAC,1,1
ACGCGCCGACAAG,0,1
ACGCGCCGACAGC,0,1
ACGCGCCGGAGGC,0,1
ACGCGCCGGGGGC,0,1
ACGCGCGAGGAGA,0,1
ACGCGCGCAGCCC,0,2
ACGCGCGCCACCG,0,1
ACGCGCGCCCAGG,0,1
ACGCGCGCCGGCG,0,1
ACGCGCGCGCACG,0,1
ACGCGCGCGGCCG,0,1
ACGCGCGGGACGG,0,1
ACGCGGAAAAAGC,0,1
ACGCGGAAAACCA,0,1
ACGCGGAAAACGA,0,2
ACGCGGAAGAACC,0,1
ACGCGGAAGGAGG,0,1
ACGCGGACGCGGG,0,2
ACGCGGAGAGCGG,0,1
ACGCGGAGAGGAA,0,1
ACGCGGCAACAAG,0,1
ACGCGGCACAAGA,0,2
ACGCGGCACGAGC,0,1
ACGCGGCAGCAGC,0,1
ACGCGGCAGCCGA,0,1
ACGCGGCCCCGGG,0,1
ACGCGGCCCGCAG,0,6
ACGCGGCCCGGCA,1,1
ACGCGGCCGCCAC,0,1
ACGCGGCCGCCGC,0,1
ACGCGGCCGGCGC,0,1
ACGCGGCGCAAAG,0,1
ACGCGGCGGCGGC,0,1
ACGCGGCGGCGGG,0,1
ACGCGGCGGGGGC,0,2
ACGCGGGAAAGAC,1,1
ACGCGGGAACCGA,1,1
ACGCGGGACGACG,0,1
ACGCGGGAGGGGC,0,1
ACGCGGGCACAGG,1,2
ACGCGGGCGGAGG,0,1
ACGCGGGGAGAGG,0,4
ACGCGGGGCAGAG,0,1
ACGCGGGGCGAAA,0,1
ACGCGGGGGAACG,1,1
ACGCGGGGGCGGA,0,1
ACGGAAAAAAAGA,0,1
ACGGAAAAAAGAA,0,1
ACGGAAAAAAGGG,0,1
ACGGAAAAACCAG,0,1
ACGGAAAAACCCA,0,1
ACGGAAAAACCCC,0,1
ACGGAAAAACCCG,0,3
ACGGAAAACGAGG,1,1
ACGGAAAACGGAG,0,2
ACGGAAAAGAAAA,0,1
ACGGAAAAGGGCC,1,1
ACGGAAACCCGAA,0,1
ACGGAAACCGAGC,0,1
ACGGAAAGAAAGG,0,1
ACGGAAAGAAGAG,0,1
ACGGAAAGCCCAG,0,1
ACGGAAAGCCGCA,0,1
ACGGAAAGGCCAC,0,1
ACGGAAAGGGAGA,0,1
ACGGAACAACGCG,0,1
ACGGAACAAGGCC,0,1
ACGGAACACGAAG,0,3
ACGGAACACGGGA,1,3
ACGGAACCAAGCC,1,3
ACGGAACCACAAA,0,1
ACGGAACCCAAGC,0,1
ACGGAACGGCAGC,0,2
ACGGAACGGGCCG,0,1
ACGGAAGAAGGAA,0,1
ACGGAAGACGGAA,0,2
ACGGAAGAGAGCG,1,1
ACGGAAGAGCAAA,0,1
ACGGAAGAGGACG,0,5
ACGGAAGCGAACA,0,1
ACGGAAGCGCGAC,0,3
ACGGAAGGAGAGG,0,1
ACGGAAGGCAAAC,0,1
ACGGAAGGCGAAG,1,1
ACGGAAGGGAGAA,1,1
ACGGAAGGGCAAA,0,1
ACGGAAGGGCGCC,0,2
ACGGAAGGGGGAA,0,1
ACGGACAAAACCA,0,1
ACGGACAAGCAAG,1,1
ACGGACACCAACA,0,1
ACGGACACCCGGC,0,1
ACGGACACCGAAC,1,1
ACGGACACCGGAC,0,1
ACGGACACGAGCG,0,1
ACGGACACGGACA,0,2
ACGGACAGAACCC,1,1
ACGGACAGACAGA,0,1
ACGGACAGACAGC,0,1
ACGGACAGCAAGC,0,1
ACGGACAGGGAAG,0,1
ACGGACAGGGCGA,0,1
ACGGACAGGGGAC,0,1
ACGGACAGGGGCA,1,2
ACGGACCAAAACG,0,2
ACGGACCACAGCC,0,1
ACGGACCCAAAGG,0,1
ACGGACCCAGACC,0,1
ACGGACGACACGC,0,1
ACGGACGAGAAAC,0,1
ACGGACGGCGAAC,0,1
ACGGACGGCGGCG,0,1
ACGGACGGGGAAC,1,1
ACGGAGAAAGCCA,0,1
ACGGAGAACCAGG,0,1
ACGGAGACCAGAC,0,1
ACGGAGACCGCGC,0,1
ACGGAGACGAAGA,0,1
ACGGAGACGACAA,1,1
ACGGAGACGACGA,0,1
ACGGAGACGGACC,0,1
ACGGAGAGAAAGA,0,1
ACGGAGAGACCAG,0,1
ACGGAGAGCACCA,0,1
ACGGAGAGCCGAG,0,1
ACGGAGAGGAGAA,1,1
ACGGAGAGGCAGA,0,1
ACGGAGCAAAAAG,1,1
ACGGAGCACCCAG,0,1
ACGGAGCAGAGAA,0,1
ACGGAGCCAAGCA,2,2
ACGGAGCCAGGAC,1,1
ACGGAGCCCAGAC,0,1
ACGGAGCCCCGAG,1,1
ACGGAGCCGAAGC,0,1
ACGGAGCCGAGCG,0,1
ACGGAGCCGCAGC,0,1
ACGGAGCCGCGAG,0,1
ACGGAGCGAAAAG,1,1
ACGGAGCGACGCC,0,1
ACGGAGCGAGACG,0,1
ACGGAGCGCAACA,0,1
ACGGAGGAAAACA,0,1
ACGGAGGAAGAAG,0,1
ACGGAGGAAGCGC,1,1
ACGGAGGAAGGCC,0,1
ACGGAGGAGGAAA,0,1
ACGGAGGCAAGGC,0,1
ACGGAGGCCAGAC,0,3
ACGGAGGCGCGAC,1,1
ACGGAGGCGGCCC,1,1
ACGGAGGCGGCGC,0,1
ACGGAGGCGGGCG,0,1
ACGGAGGGACGAA,0,1
ACGGAGGGAGAGA,0,1
ACGGAGGGAGAGG,0,1
ACGGAGGGAGCAC,0,1
ACGGAGGGAGGAA,0,1
ACGGAGGGAGGGA,0,1
ACGGAGGGCAGGA,0,1
ACGGAGGGCGAGG,0,1
ACGGAGGGGAGAG,0,1
ACGGAGGGGCCGG,0,1
ACGGAGGGGGCGG,0,1
ACGGCAAAAAAAA,0,1
ACGGCAAAAACAG,0,1
ACGGCAAAAACCA,0,1
ACGGCAAAAGAAA,1,1
ACGGCAAAAGACA,0,1
ACGGCAAACAACG,0,1
ACGGCAAAGCACA,0,1
ACGGCAACAAAAA,0,1
ACGGCAACAACGG,0,2
ACGGCAACGCAGG,0,1
ACGGCAAGAGAGG,0,1
ACGGCAAGCGAGA,0,1
ACGGCACCCGCCG,0,1
ACGGCACCCGGCG,0,1
ACGGCACCGACCA,0,1
ACGGCACCGAGGG,0,1
ACGGCACCGCAGA,1,1
ACGGCACCGCAGG,1,1
ACGGCACCGGCGC,0,1
ACGGCACCGGCGG,0,5
ACGGCACGCAGCG,0,2
ACGGCACGCGCCA,0,1
ACGGCAGAAAAGC,1,1
ACGGCAGAAACGG,1,2
ACGGCAGAAGGGA,0,1
ACGGCAGACCCGC,0,1
ACGGCAGAGAGGA,0,1
ACGGCAGCCAGCC,0,1
ACGGCAGCCGCCG,0,1
ACGGCAGCCGGAA,1,1
ACGGCAGCGCCCG,0,1
ACGGCAGCGCCGC,0,3
ACGGCAGCGCCGG,0,1
ACGGCAGCGGCGA,0,1
ACGGCAGGAAGGG,0,1
ACGGCAGGAGCAA,0,1
ACGGCAGGCGGCG,0,1
ACGGCAGGGAAGG,0,1
ACGGCAGGGAGCA,0,1
ACGGCAGGGCCAG,0,1
ACGGCAGGGGGAG,0,5
ACGGCCAAAACAG,0,1
ACGGCCAAAAGCA,0,1
ACGGCCAAAGAAA,0,1
ACGGCCAACAAGA,0,1
ACGGCCAACAGCG,0,2
ACGGCCAAGGCCA,0,1
ACGGCCAAGGCCC,0,1
ACGGCCAAGGGAG,0,3
ACGGCCACACAAC,0,3
ACGGCCACAGGGA,0,1
ACGGCCACCAACA,0,1
ACGGCCACCAAGA,2,3
ACGGCCACCGACG,0,6
ACGGCCACGGGGA,0,1
ACGGCCAGAGAGG,0,1
ACGGCCAGCAGCG,0,1
ACGGCCAGCGGCG,0,1
ACGGCCAGGAAAC,0,1
ACGGCCAGGCGAC,3,4
ACGGCCCAGGCGG,1,1
ACGGCCCAGGGGG,0,1
ACGGCCCCGAAAC,0,3
ACGGCCCCGCCGC,0,2
ACGGCCCGCACGA,0,1
ACGGCCCGGCAAA,0,1
ACGGCCCGGCGGA,0,1
ACGGCCCGGGACG,1,2
ACGGCCGACCCGC,0,1
ACGGCCGAGAAAA,0,1
ACGGCCGAGCGGG,1,1
ACGGCCGCAACGC,0,1
ACGGCCGCCCGCC,0,1
ACGGCCGCCGCCG,1,3
ACGGCCGCGGAGG,0,1
ACGGCCGGACACC,1,1
ACGGCCGGCAAGG,0,1
ACGGCCGGCCGGC,0,1
ACGGCCGGCCGGG,0,1
ACGGCCGGCGGAA,0,1
ACGGCCGGCGGCG,0,1
ACGGCCGGCGGGG,0,1
ACGGCCGGGAACG,0,1
ACGGCCGGGAGGG,0,1
ACGGCCGGGCGGA,0,3
ACGGCCGGGCGGG,0,2
ACGGCGAACCGAG,0,1
ACGGCGAAGACAG,0,1
ACGGCGACAGACG,0,1
ACGGCGACAGCGA,0,2
ACGGCGACCAGGA,0,1
ACGGCGACCGGAA,0,1
ACGGCGACGAACG,0,1
ACGGCGACGACAA,0,1
ACGGCGACGGCAG,0,1
ACGGCGAGCCGGA,0,1
ACGGCGAGGCAGG,0,1
ACGGCGAGGGGAG,0,1
ACGGCGCACCAGG,0,1
ACGGCGCAGAGAG,0,1
ACGGCGCAGGAGC,0,1
ACGGCGCCAAAAC,0,1
ACGGCGCCACCGA,0,1
ACGGCGCCCGCCC,0,1
ACGGCGCCGGAGC,0,1
ACGGCGCGAAACG,0,1
ACGGCGCGACGAA,0,3
ACGGCGCGACGCG,0,1
ACGGCGCGAGCAG,0,1
ACGGCGCGAGCCG,0,1
ACGGCGCGGCGAG,0,1
ACGGCGCGGCGGC,0,1
ACGGCGGCAGCCA,0,1
ACGGCGGCAGCGC,0,2
ACGGCGGCCAGGG,0,1
ACGGCGGCCGCGG,0,1
ACGGCGGCGCGGC,0,1
ACGGCGGCGGCCG,0,4
ACGGCGGCGGCGG,0,2
ACGGCGGGACACG,0,1
ACGGCGGGCGGCC,0,1
ACGGCGGGGAGAA,0,2
ACGGGAAAACCCG,0,1
ACGGGAAAAGGAA,0,2
ACGGGAAACCAGG,0,1
ACGGGAAACCCAA,0,1
ACGGGAAAGAAGA,0,1
ACGGGAAAGAGCC,0,1
ACGGGAAAGCCAC,0,1
ACGGGAACACGGG,0,1
ACGGGAACGGACG,1,1
ACGGGAAGAGGCA,0,1
ACGGGAAGCAGCA,0,1
ACGGGAAGCCGGG,0,1
ACGGGAAGGCGAC,0,6
ACGGGACAACACC,0,1
ACGGGACAAGGCA,0,1
ACGGGACCAAAAG,0,1
ACGGGACCAGGGA,0,1
ACGGGACCCGGGC,1,6
ACGGGACCGGCCA,0,1
ACGGGACCGGGAC,1,1
ACGGGACGAGGAG,0,2
ACGGGACGCCGCA,0,1
ACGGGACGGCGCC,0,1
ACGGGACGGCGGG,0,1
ACGGGACGGGGCG,1,1
ACGGGAGAACACG,0,1
ACGGGAGAAGAGA,3,4
ACGGGAGACAACA,0,1
ACGGGAGCAAGGC,1,2
ACGGGAGCAGAGC,0,1
ACGGGAGCGAACA,0,1
ACGGGAGCGCGGC,0,1
ACGGGAGGAAAGA,2,3
ACGGGAGGAAAGG,0,1
ACGGGAGGAAGGA,0,1
ACGGGAGGACACA,1,1
ACGGGAGGAGAGG,0,1
ACGGGAGGAGCGG,0,1
ACGGGAGGCAGAG,0,1
ACGGGAGGCCCAG,0,1
ACGGGAGGCGGAG,0,6
ACGGGAGGGAGGA,1,1
ACGGGAGGGGAGG,0,1
ACGGGCAAGAAAC,0,1
ACGGGCACCGGGA,0,1
ACGGGCACGGGCG,0,1
ACGGGCAGAAACG,0,1
ACGGGCAGCCAAG,0,2
ACGGGCAGCCACA,0,2
ACGGGCAGCGCGG,0,1
ACGGGCAGCGGAG,0,1
ACGGGCAGGAGGA,1,1
ACGGGCAGGCCGC,1,1
ACGGGCAGGGAAG,1,1
ACGGGCAGGGAGG,0,1
ACGGGCAGGGCAG,1,1
ACGGGCCAACCGC,0,1
ACGGGCCAGCGAC,0,1
ACGGGCCAGGGAG,0,1
ACGGGCCCAGGAC,0,1
ACGGGCCCCGCGC,0,1
ACGGGCCGAACGA,0,1
ACGGGCCGAGGAG,0,2
ACGGGCCGCAGAG,0,1
ACGGGCCGCCGCC,0,1
ACGGGCCGGGCCG,0,1
ACGGGCGACGGAC,0,1
ACGGGCGCGGGGC,0,1
ACGGGCGGACAGA,0,2
ACGGGCGGAGGGC,0,1
ACGGGCGGCAGAG,1,2
ACGGGCGGCGGGC,0,1
ACGGGGAAAAAAA,0,1
ACGGGGAACAAGC,0,1
ACGGGGAACACGA,1,1
ACGGGGAACAGGC,1,2
ACGGGGAACCACC,0,1
ACGGGGAACCGAG,0,1
ACGGGGAAGCGGA,0,1
ACGGGGACCGAGG,0,1
ACGGGGACGAACC,3,3
ACGGGGACGAGAC,1,3
ACGGGGACGAGCC,1,1
ACGGGGACGAGGC,0,1
ACGGGGACGCGGG,0,4
ACGGGGAGAGAGA,0,1
ACGGGGAGAGCAG,0,1
ACGGGGAGCCACG,0,1
ACGGGGAGCGCGG,0,1
ACGGGGAGCGGGG,0,1
ACGGGGAGGACGC,1,1
ACGGGGAGGCAGG,0,3
ACGGGGAGGCGGG,0,1
ACGGGGAGGGAGG,0,1
ACGGGGAGGGGGG,0,1
ACGGGGCAAAACA,0,1
ACGGGGCAAGAAG,0,1
ACGGGGCCACGCC,1,6
ACGGGGCCCACAC,0,1
ACGGGGCCCGCCG,0,1
ACGGGGCCGGGAC,0,2
ACGGGGCGACCCG,0,1
ACGGGGCGAGGGC,0,1
ACGGGGCGCAGAA,0,1
ACGGGGCGCCCGC,0,1
ACGGGGCGCGCGC,0,3
ACGGGGCGCGGCC,0,2
ACGGGGCGGACCA,1,1
ACGGGGCGGGACG,1,1
ACGGGGGAAGGAG,1,1
ACGGGGGACCCGG,0,1
ACGGGGGCAAGCG,0,1
ACGGGGGCCAAAG,0,1
ACGGGGGCCGGCC,0,1
ACGGGGGCGAGAG,0,1
ACGGGGGCGCGGC,0,1
ACGGGGGCGGGCC,0,1
AGAAAAAAAAAAA,0,4
AGAAAAAAAAAAC,0,1
AGAAAAAAAAAAG,0,2
AGAAAAAAAAACA,0,1
AGAAAAAAAAACG,0,1
AGAAAAAAAAAGA,0,3
AGAAAAAAAAAGG,0,2
AGAAAAAAAACCA,0,2
AGAAAAAAAAGAA,0,1
AGAAAAAAAAGGA,0,1
AGAAAAAAACCAA,0,1
AGAAAAAAAGAAC,0,2
AGAAAAAAAGAAG,0,1
AGAAAAAAAGAGC,0,1
AGAAAAAAAGAGG,0,1
AGAAAAAAAGGCG,0,2
AGAAAAAACAAAC,0,2
AGAAAAAACAAAG,1,6
AGAAAAAACAACG,0,1
AGAAAAAACACCG,0,1
AGAAAAAACAGGA,0,1
AGAAAAAACCCCA,0,1
AGAAAAAACCGGC,0,2
AGAAAAAACGGAA,0,1
AGAAAAAAGAAAA,0,1
AGAAAAAAGAAGA,0,1
AGAAAAAAGAAGG,0,1
AGAAAAAAGAGAA,0,1
AGAAAAAAGAGGA,0,1
AGAAAAAAGCGGA,0,1
AGAAAAAAGCGGG,0,1
AGAAAAAAGGAAA,0,1
AGAAAAACAAAAC,0,2
AGAAAAACAAAAG,0,1
AGAAAAACAACGG,0,1
AGAAAAACAAGCA,0,1
AGAAAAACAAGGA,0,3
AGAAAAACACACA,0,1
AGAAAAACACGAA,0,1
AGAAAAACAGAAA,0,1
AGAAAAACAGAGA,0,1
AGAAAAACAGGAA,0,1
AGAAAAACAGGAC,0,5
AGAAAAACCAGAA,0,3
AGAAAAACCAGAG,0,1
AGAAAAACCCAAA,0,2
AGAAAAACCCAGA,0,1
AGAAAAACCCGAA,0,2
AGAAAAACCCGCA,0,1
AGAAAAACCGAAA,1,1
AGAAAAACCGGAA,0,1
AGAAAAACCGGCC,0,1
AGAAAAACGAAAG,0,1
AGAAAAACGCAAA,0,2
AGAAAAACGGGGC,0,1
AGAAAAAGAAAAG,0,2
AGAAAAAGAAAGC,0,1
AGAAAAAGAAAGG,0,1
AGAAAAAGAAGAA,0,2
AGAAAAAGAAGAG,0,4
AGAAAAAGACAAA,0,1
AGAAAAAGAGAAG,0,1
AGAAAAAGAGAGA,0,1
AGAAAAAGAGGCC,0,1
AGAAAAAGCAAAA,0,1
AGAAAAAGCAAGG,0,1
AGAAAAAGCCAAA,0,1
AGAAAAAGGACCG,0,1
AGAAAAAGGAGAA,0,1
AGAAAAAGGAGAC,0,1
AGAAAAAGGCGCC,0,1
AGAAAAAGGGGAA,0,1
AGAAAAAGGGGCA,0,1
AGAAAACAAAAAC,0,1
AGAAAACAAAAGG,0,1
AGAAAACAAACAA,0,1
AGAAAACAAAGCG,0,8
AGAAAACAACAAG,0,1
AGAAAACAACCAA,1,2
AGAAAACAACCAC,0,1
AGAAAACAAGAAG,0,1
AGAAAACAAGAGG,0,1
AGAAAACACAAGG,0,1
AGAAAACACAGCC,0,1
AGAAAACACCCAA,0,1
AGAAAACACGAAA,0,1
AGAAAACACGACC,0,1
AGAAAACACGCAG,4,4
AGAAAACACGGAA,0,2
AGAAAACAGCGGA,0,1
AGAAAACAGGGGG,0,1
AGAAAACCAAGGC,1,2
AGAAAACCACAGA,0,1
AGAAAACCACCGC,0,1
AGAAAACCCACAA,0,1
AGAAAACCCAGAC,0,1
AGAAAACCCCAAC,0,1
AGAAAACCCCACG,1,1
AGAAAACCCCCCA,0,1
AGAAAACCCCCCG,0,1
AGAAAACCCGACG,0,1
AGAAAACCCGGCA,0,1
AGAAAACCGAGGA,0,1
AGAAAACCGCACC,0,1
AGAAAACCGGAAA,0,1
AGAAAACGACGCC,0,1
AGAAAACGGCACA,0,1
AGAAAACGGCGAC,0,1
AGAAAACGGGGCC,0,1
AGAAAAGAAAAAC,0,1
AGAAAAGAAAAAG,0,2
AGAAAAGAAAACA,0,1
AGAAAAGAAAACC,0,1
AGAAAAGAAAAGA,0,3
AGAAAAGAAAGAA,0,2
AGAAAAGAAAGCG,0,14
AGAAAAGAAAGGC,0,1
AGAAAAGAACAAA,0,1
AGAAAAGAACAAG,0,1
AGAAAAGAACAGA,0,3
AGAAAAGAACGAC,0,1
AGAAAAGAACGCA,0,9
AGAAAAGAACGCG,0,4
AGAAAAGAAGAAA,0,1
AGAAAAGAAGAGA,0,3
AGAAAAGAAGGAC,0,1
AGAAAAGACAAAC,0,1
AGAAAAGACAAAG,0,1
AGAAAAGACACAA,0,1
AGAAAAGACACCA,0,1
AGAAAAGACAGGA,1,1
AGAAAAGACCCAG,0,1
AGAAAAGAGAACG,1,1
AGAAAAGAGACAG,1,4
AGAAAAGAGCACC,0,1
AGAAAAGAGGAAA,0,1
AGAAAAGAGGAGG,0,3
AGAAAAGAGGGCC,0,1
AGAAAAGCAACGC,0,1
AGAAAAGCAACGG,0,1
AGAAAAGCACACA,0,1
AGAAAAGCAGAAA,0,1
AGAAAAGCAGAGA,0,1
AGAAAAGCAGCCA,0,1
AGAAAAGCCAAAA,0,1
AGAAAAGCCACCG,0,2
AGAAAAGCCCAAA,0,1
AGAAAAGCGAACA,0,1
AGAAAAGCGACAA,0,1
AGAAAAGCGACGG,3,3
AGAAAAGCGCAAC,0,1
AGAAAAGGAAGAA,0,1
AGAAAAGGAAGGA,0,1
AGAAAAGGACAAA,1,1
AGAAAAGGACAGG,0,1
AGAAAAGGACGGC,1,1
AGAAAAGGAGAAG,0,1
AGAAAAGGAGAGA,0,1
AGAAAAGGAGCAG,0,1
AGAAAAGGAGGAG,0,1
AGAAAAGGAGGCG,0,1
AGAAAAGGCAAGA,0,3
AGAAAAGGGAGAG,0,1
AGAAAAGGGAGCA,0,1
AGAAAAGGGCCAA,1,1
AGAAAAGGGGAAA,0,1
AGAAACAAAAAGC,0,1
AGAAACAAAAGAA,0,1
AGAAACAAAGAAA,0,2
AGAAACAAAGACA,0,1
AGAAACAAAGCAC,1,1
AGAAACAACAAAA,0,1
AGAAACAACAACC,0,2
AGAAACAACACCA,0,1
AGAAACAACCCCA,0,1
AGAAACAAGCAGA,1,1
AGAAACAAGGAGA,0,3
AGAAACAAGGAGC,0,1
AGAAACAAGGCCG,0,1
AGAAACAAGGGAA,0,1
AGAAACACAAAAA,0,1
AGAAACACAAACA,0,1
AGAAACACAAAGC,2,2
AGAAACACAAGCA,0,3
AGAAACACACAGA,0,1
AGAAACACACGGC,0,1
AGAAACACAGAAC,0,1
AGAAACACAGCGA,0,1
AGAAACACCAACC,0,3
AGAAACACCACAC,0,1
AGAAACACCCAAA,0,1
AGAAACACCCCAG,1,1
AGAAACACGCAGA,0,1
AGAAACAGAACAG,0,1
AGAAACAGAAGAG,1,1
AGAAACAGACAAA,0,1
AGAAACAGACACC,0,2
AGAAACAGAGAAG,0,1
AGAAACAGAGGAC,0,1
AGAAACAGCACCA,0,1
AGAAACAGCAGAG,1,1
AGAAACAGCCACC,0,1
AGAAACAGCGGAG,0,1
AGAAACAGGAAAG,0,1
AGAAACAGGACAG,0,1
AGAAACAGGCAAA,0,1
AGAAACAGGCGAG,0,1
AGAAACCAAAGCG,0,3
AGAAACCAACAGC,0,1
AGAAACCAAGAAA,0,1
AGAAACCAAGCAC,0,2
AGAAACCACACAC,0,1
AGAAACCCAAAGA,0,1
AGAAACCCAGACA,0,1
AGAAACCCAGACG,0,2
AGAAACCCCCAAA,0,1
AGAAACCGCGCCA,0,1
AGAAACCGGCCAA,0,1
AGAAACGAAAGAA,1,1
AGAAACGAAGAGG,0,1
AGAAACGAAGCAA,0,1
AGAAACGAGCAAA,0,1
AGAAACGCAAAGA,0,2
AGAAACGCAAGCC,0,1
AGAAACGCAGGCC,0,1
AGAAACGCCAGAC,0,1
AGAAACGCGGAGA,0,1
AGAAACGCGGCGG,0,1
AGAAACGGAAAGA,0,1
AGAAACGGACGAA,0,1
AGAAACGGAGCAC,0,1
AGAAACGGAGCCA,0,1
AGAAACGGCAGAA,0,2
AGAAACGGGCAGA,1,1
AGAAACGGGCCCG,0,1
AGAAAGAAAAAAA,0,6
AGAAAGAAAAAAG,0,1
AGAAAGAAAAAGA,0,1
AGAAAGAAAACAA,0,1
AGAAAGAAAACCC,0,1
AGAAAGAAAAGAA,0,2
AGAAAGAAAAGAC,0,1
AGAAAGAAAAGCA,0,4
AGAAAGAAAAGCG,0,1
AGAAAGAAACAAC,0,2
AGAAAGAAACGAG,0,1
AGAAAGAAAGAAA,1,1
AGAAAGAAAGAGA,0,4
AGAAAGAAAGAGC,0,1
AGAAAGAAAGAGG,0,1
AGAAAGAAAGGAA,0,2
AGAAAGAAAGGAC,0,2
AGAAAGAACAAAG,0,5
AGAAAGAACCACA,0,1
AGAAAGAACCACG,0,1
AGAAAGAAGAAAG,0,1
AGAAAGAAGAAGA,1,1
AGAAAGAAGACAA,0,1
AGAAAGAAGAGAA,0,2
AGAAAGAAGCAAG,0,1
AGAAAGAAGGAAA,0,2
AGAAAGAAGGAAG,0,3
AGAAAGAAGGAGA,0,1
AGAAAGAAGGAGG,0,1
AGAAAGAAGGGGG,0,1
AGAAAGACAACAA,0,1
AGAAAGACAGGCC,0,1
AGAAAGACCAAAC,0,1
AGAAAGACCCAAC,0,3
AGAAAGACCCACC,0,1
AGAAAGACCCGCG,0,1
AGAAAGACCGCAA,0,1
AGAAAGACCGCAG,0,1
AGAAAGACCGCGA,0,1
AGAAAGACGCAGA,0,1
AGAAAGAGAAAAA,0,1
AGAAAGAGAAAGA,0,1
AGAAAGAGAAGAG,1,1
AGAAAGAGACAGA,0,2
AGAAAGAGACGGA,0,1
AGAAAGAGAGAAA,0,2
AGAAAGAGAGAGA,0,6
AGAAAGAGAGAGC,0,1
AGAAAGAGAGAGG,0,1
AGAAAGAGAGCAC,8,8
AGAAAGAGAGGAA,0,1
AGAAAGAGAGGCC,0,2
AGAAAGAGAGGGA,0,2
AGAAAGAGCAAGC,0,2
AGAAAGAGCAGGG,0,2
AGAAAGAGCCAAG,0,1
AGAAAGAGCCACC,0,1
AGAAAGAGGAAAA,1,1
AGAAAGAGGAAAC,0,1
AGAAAGAGGAGAG,0,3
AGAAAGAGGAGCA,0,1
AGAAAGAGGAGGG,0,1
AGAAAGAGGGCGG,0,1
AGAAAGAGGGGGG,0,1
AGAAAGCAAAGCG,0,1
AGAAAGCAAAGGG,0,1
AGAAAGCAACAGG,0,1
AGAAAGCAAGACC,0,1
AGAAAGCAAGAGG,0,1
AGAAAGCACCACA,0,1
AGAAAGCACGACC,0,3
AGAAAGCAGAAAG,0,1
AGAAAGCAGCCGC,1,1
AGAAAGCCAGAGG,0,1
AGAAAGCCAGGCC,0,1
AGAAAGCCCAGGG,0,2
AGAAAGCCCGAGA,2,2
AGAAAGCCCGCCA,1,1
AGAAAGCCGAAAG,0,1
AGAAAGCCGAGGG,0,1
AGAAAGCGCGGGA,0,1
AGAAAGGAAAAAA,0,1
AGAAAGGAAAAGC,0,1
AGAAAGGAAAAGG,0,1
AGAAAGGAAAGAC,0,1
AGAAAGGAAAGGA,0,1
AGAAAGGAACAAG,0,1
AGAAAGGAACGAG,0,2
AGAAAGGAAGAAA,0,2
AGAAAGGACAGCG,0,1
AGAAAGGACCAAA,0,6
AGAAAGGAGACAA,0,1
AGAAAGGAGCAGA,1,1
AGAAAGGAGCCAC,0,1
AGAAAGGAGGACA,0,1
AGAAAGGAGGAGG,0,1
AGAAAGGAGGCAA,0,1
AGAAAGGAGGCAG,0,2
AGAAAGGAGGGCG,0,2
AGAAAGGCAAAAG,0,1
AGAAAGGCACAAA,0,1
AGAAAGGCAGAGA,0,1
AGAAAGGCAGCAG,0,1
AGAAAGGCGAGAG,0,1
AGAAAGGGAAAGG,0,1
AGAAAGGGAAGAA,0,1
AGAAAGGGAAGAG,0,1
AGAAAGGGAAGGC,0,1
AGAAAGGGAGAGA,0,1
AGAAAGGGAGCAC,2,2
AGAAAGGGAGCCA,0,1
AGAAAGGGCGAGA,0,2
AGAAAGGGCGCAC,0,1
AGAAAGGGGAAGG,0,1
AGAAAGGGGACCC,0,1
AGAAAGGGGAGAG,0,1
AGAAAGGGGCAGC,0,1
AGAAAGGGGCCGG,0,1
AGAACAAAAAAAC,0,1
AGAACAAAAAAGG,0,1
AGAACAAAACAAC,0,3
AGAACAAACACCG,0,1
AGAACAAACGCCG,0,2
AGAACAAAGAAGA,0,1
AGAACAAAGAAGG,0,5
AGAACAAAGCCAA,0,1
AGAACAAAGGACA,0,1
AGAACAAAGGAGG,0,3
AGAACAAAGGCGC,1,1
AGAACAACAGAAG,0,1
AGAACAACAGGAG,0,1
AGAACAACCAAAC,0,1
AGAACAACCACAA,0,1
AGAACAACCAGAC,0,1
AGAACAACCAGAG,0,1
AGAACAACGAAAA,0,1
AGAACAAGAAACG,1,1
AGAACAAGAACAG,0,1
AGAACAAGAACCA,0,1
AGAACAAGGAAGA,0,1
AGAACAAGGACAA,0,1
AGAACAAGGACAG,1,1
AGAACAAGGAGGC,0,1
AGAACAAGGCAGC,0,4
AGAACACAAACAC,0,2
AGAACACAAAGAA,0,5
AGAACACAAAGCA,0,3
AGAACACAAAGCC,0,1
AGAACACAACACA,0,1
AGAACACAAGCAC,0,1
AGAACACACAAAG,0,1
AGAACACACCCAC,0,1
AGAACACACGAAG,0,2
AGAACACACGAGC,0,1
AGAACACAGACGA,0,1
AGAACACAGGCAG,1,1
AGAACACAGGGGG,0,1
AGAACACCAGGAA,0,1
AGAACACCCAAAA,1,1
AGAACACGAGGAG,0,1
AGAACACGCAAAA,0,1
AGAACAGAAACAA,1,1
AGAACAGAAAGAA,1,2
AGAACAGAAGCAG,1,1
AGAACAGAAGCCA,0,1
AGAACAGACACCG,0,1
AGAACAGACAGCA,0,1
AGAACAGAGAAAG,0,1
AGAACAGAGAGAG,0,1
AGAACAGAGCAGA,0,1
AGAACAGAGCCGC,1,1
AGAACAGAGGCCC,1,1
AGAACAGCAACAA,0,1
AGAACAGCAGAAC,0,1
AGAACAGCCACAC,0,14
AGAACAGCCACAG,0,1
AGAACAGCCACGG,1,1
AGAACAGCGGAAC,0,1
AGAACAGCGGGGA,0,1
AGAACAGGAACAG,0,1
AGAACAGGAACGA,0,1
AGAACAGGAAGGC,0,6
AGAACAGGAGAAG,1,1
AGAACAGGAGCAG,0,1
AGAACAGGAGGAA,0,1
AGAACAGGCCAGC,1,2
AGAACAGGGAAGC,0,1
AGAACAGGGAGAC,0,1
AGAACAGGGAGCC,0,5
AGAACAGGGCAAG,0,1
AGAACAGGGCCAA,0,2
AGAACAGGGGGAG,0,1
AGAACCAAACAAA,0,1
AGAACCAAACACA,1,1
AGAACCAAACAGG,0,1
AGAACCAAAGGCA,0,1
AGAACCAACGCCG,0,1
AGAACCAAGCGGA,1,1
AGAACCAAGGCGG,0,1
AGAACCACAAGAC,0,1
AGAACCACAAGAG,0,1
AGAACCACAGCAG,0,2
AGAACCACAGGGG,0,1
AGAACCACGGACA,0,20
AGAACCACGGACC,0,1
AGAACCACGGACG,3,12
AGAACCAGAACAA,0,1
AGAACCAGAGAGG,0,1
AGAACCAGAGGGG,0,1
AGAACCAGCCCCC,0,1
AGAACCAGGAACG,0,1
AGAACCAGGGCAC,0,1
AGAACCCAACCCG,0,2
AGAACCCAAGAAA,0,4
AGAACCCAAGAGG,0,1
AGAACCCAAGGAA,0,1
AGAACCCACAAGC,1,1
AGAACCCACCGAG,0,1
AGAACCCAGGCGG,0,1
AGAACCCCAACCA,0,1
AGAACCCCCAGCG,0,1
AGAACCCCCAGGG,0,1
AGAACCCCCGCCA,0,1
AGAACCCGCAAAG,0,1
AGAACCGACGCGA,0,1
AGAACCGAGCCCG,0,1
AGAACCGCGCGGA,0,1
AGAACCGCGGCCG,1,1
AGAACCGGAAACG,0,1
AGAACCGGAACGA,1,1
AGAACCGGCCGCA,0,1
AGAACGAAAAACA,0,1
AGAACGAAACGAC,0,1
AGAACGAAACGCG,0,1
AGAACGAAAGAGA,0,1
AGAACGAACAAAG,0,1
AGAACGAACAAGA,1,1
AGAACGACCCAAG,0,1
AGAACGAGACGAC,0,1
AGAACGAGAGACA,0,1
AGAACGAGAGCAA,1,1
AGAACGAGCCACA,0,1
AGAACGAGGCGAC,0,1
AGAACGCAAGACG,0,1
AGAACGCAGCGGG,1,1
AGAACGCCCCCAC,0,1
AGAACGCGAAGCG,0,2
AGAACGCGAGAAA,0,1
AGAACGCGAGCAC,1,1
AGAACGCGGCACG,1,1
AGAACGCGGGAGA,0,1
AGAACGGAAAGGG,0,1
AGAACGGAAGGAG,0,1
AGAACGGAGCAAA,1,1
AGAACGGAGCGAA,1,1
AGAACGGAGGGGG,0,1
AGAACGGCAAAGG,0,1
AGAACGGCAAGCA,1,1
AGAACGGCGACGA,0,1
AGAACGGGAAGCG,0,1
AGAACGGGAAGGC,0,6
AGAACGGGAGGAG,0,2
AGAACGGGGAACA,1,1
AGAACGGGGCCGC,0,1
AGAAGAAAAAAAA,0,4
AGAAGAAAAAACA,0,2
AGAAGAAAAAAGA,0,1
AGAAGAAAAAGAG,0,1
AGAAGAAAACACG,0,1
AGAAGAAAACAGC,0,1
AGAAGAAAAGAAA,0,1
AGAAGAAAAGAAC,0,2
AGAAGAAAAGAAG,0,1
AGAAGAAAAGAGG,0,2
AGAAGAAACAAAA,0,1
AGAAGAAACAACA,0,2
AGAAGAAACACAG,0,1
AGAAGAAACACGC,1,1
AGAAGAAACGCGG,0,1
AGAAGAAAGAAGG,0,1
AGAAGAAAGAGAG,8,8
AGAAGAAAGCGAA,0,1
AGAAGAAAGGAAA,0,1
AGAAGAAAGGGAG,2,2
AGAAGAACAAAGC,0,1
AGAAGAACAACAG,0,1
AGAAGAACACAGG,0,1
AGAAGAACACCCA,0,1
AGAAGAACAGAAA,0,1
AGAAGAACAGAGA,0,1
AGAAGAACAGGGG,0,1
AGAAGAACCAAAC,0,1
AGAAGAACCCACC,0,1
AGAAGAACCCAGA,0,1
AGAAGAACCGGAA,0,1
AGAAGAACGAAAC,1,1
AGAAGAACGAAAG,0,1
AGAAGAAGAAAAA,0,2
AGAAGAAGAAAAC,0,1
AGAAGAAGAAAAG,0,1
AGAAGAAGAACAA,0,1
AGAAGAAGAACAG,0,1
AGAAGAAGAAGAA,2,5
AGAAGAAGAAGAG,0,1
AGAAGAAGAAGCA,0,1
AGAAGAAGAAGCG,0,1
AGAAGAAGAAGGA,0,1
AGAAGAAGAAGGG,0,2
AGAAGAAGACGAC,0,2
AGAAGAAGACGAG,0,1
AGAAGAAGAGAAG,0,1
AGAAGAAGAGACG,1,1
AGAAGAAGAGAGA,0,2
AGAAGAAGAGCAC,0,2
AGAAGAAGAGCAG,0,1
AGAAGAAGAGCCA,0,1
AGAAGAAGAGGAA,1,5
AGAAGAAGAGGAC,0,1
AGAAGAAGAGGGC,0,1
AGAAGAAGAGGGG,0,1
AGAAGAAGCAAAA,0,2
AGAAGAAGCAAGA,0,1
AGAAGAAGCAGAC,0,1
AGAAGAAGCAGAG,0,1
AGAAGAAGCAGCG,0,1
AGAAGAAGCAGGA,0,1
AGAAGAAGGAAAC,0,1
AGAAGAAGGAAGA,0,1
AGAAGAAGGAGAA,0,2
AGAAGAAGGCAGA,0,1
AGAAGAAGGGCAC,1,2
AGAAGACAAAAGA,0,1
AGAAGACAAACGA,0,1
AGAAGACAAAGCG,0,1
AGAAGACAACAAG,1,1
AGAAGACACAGAG,0,1
AGAAGACAGCGGC,0,1
AGAAGACAGGAAG,0,1
AGAAGACAGGAGA,0,1
AGAAGACAGGGAG,1,1
AGAAGACCAACAG,0,1
AGAAGACCAGACC,0,1
AGAAGACGAAAAG,0,1
AGAAGACGACACG,0,1
AGAAGACGACGAC,1,2
AGAAGACGACGAG,0,1
AGAAGACGACGGA,0,1
AGAAGACGCAAAG,0,1
AGAAGACGGCAAC,0,1
AGAAGACGGCACC,0,1
AGAAGAGAAAAGA,0,1
AGAAGAGAAAGAA,0,2
AGAAGAGAAAGCG,0,6
AGAAGAGAAAGGA,0,1
AGAAGAGAACACC,0,1
AGAAGAGAAGAGA,0,1
AGAAGAGAAGAGG,0,2
AGAAGAGAAGGCA,0,1
AGAAGAGAAGGGA,3,3
AGAAGAGACAAAA,0,1
AGAAGAGACAGCG,0,2
AGAAGAGACCAAG,0,1
AGAAGAGACCCCA,0,1
AGAAGAGACCGAG,0,1
AGAAGAGAGACAG,1,1
AGAAGAGAGAGAA,0,3
AGAAGAGAGAGAG,46,48
AGAAGAGAGCACA,0,1
AGAAGAGAGCCAA,0,1
AGAAGAGAGCGAG,2,2
AGAAGAGAGCGGC,0,1
AGAAGAGAGGGAG,7,7
AGAAGAGCAAAGA,1,1
AGAAGAGCAAGAA,0,1
AGAAGAGCAAGGA,0,1
AGAAGAGCACAAC,0,1
AGAAGAGCACAGG,1,1
AGAAGAGCAGAAC,0,1
AGAAGAGCAGAAG,0,1
AGAAGAGCAGGGA,0,1
AGAAGAGCAGGGC,0,1
AGAAGAGCCAAAC,0,1
AGAAGAGCCAGAG,0,1
AGAAGAGCCAGGC,0,1
AGAAGAGCCAGGG,0,1
AGAAGAGCCGGAG,0,1
AGAAGAGCGAGCC,0,4
AGAAGAGCGCGCC,0,1
AGAAGAGCGGAAA,0,1
AGAAGAGGAACAA,1,1
AGAAGAGGAACCC,0,2
AGAAGAGGAAGAA,0,3
AGAAGAGGAAGAG,1,2
AGAAGAGGAAGCC,0,1
AGAAGAGGAAGCG,0,1
AGAAGAGGACAAA,0,4
AGAAGAGGAGAGG,0,1
AGAAGAGGAGGAA,0,1
AGAAGAGGAGGAG,0,1
AGAAGAGGAGGCA,0,1
AGAAGAGGCAAGA,0,2
AGAAGAGGCGGGA,0,1
AGAAGAGGGAAAG,0,1
AGAAGAGGGAAGA,0,1
AGAAGAGGGAGAG,0,2
AGAAGAGGGAGCC,0,1
AGAAGAGGGCCAG,0,1
AGAAGAGGGCGAC,0,1
AGAAGAGGGCGGA,0,1
AGAAGAGGGGAAA,0,1
AGAAGAGGGGAGG,1,1
AGAAGAGGGGGAG,0,1
AGAAGCAAAAGAA,0,1
AGAAGCAAAAGAC,0,1
AGAAGCAAAGCCC,0,1
AGAAGCAAAGGAA,0,1
AGAAGCAACAGCA,0,1
AGAAGCAACAGCC,0,1
AGAAGCAAGAACA,0,1
AGAAGCAAGACAA,1,1
AGAAGCAAGAGAC,0,1
AGAAGCAAGAGCC,0,1
AGAAGCAAGCCAG,0,1
AGAAGCAAGCGAA,0,1
AGAAGCAAGGCAG,0,1
AGAAGCACAAAGG,1,1
AGAAGCACACCAC,0,1
AGAAGCACACGCA,0,1
AGAAGCACAGAAA,0,1
AGAAGCACCACCC,0,1
AGAAGCACGCCCC,0,1
AGAAGCACGGACC,0,1
AGAAGCAGAAAAA,0,1
AGAAGCAGAAAGA,0,1
AGAAGCAGAAGAG,1,2
AGAAGCAGAAGCC,1,2
AGAAGCAGACAGG,0,1
AGAAGCAGAGAGA,0,1
AGAAGCAGAGCAG,1,1
AGAAGCAGAGGAA,0,1
AGAAGCAGCAGAG,0,5
AGAAGCAGCCACG,0,1
AGAAGCAGCCGGG,0,1
AGAAGCAGCGAGC,0,1
AGAAGCAGCGCCG,0,1
AGAAGCAGCGGCG,0,1
AGAAGCAGGAAAA,1,1
AGAAGCAGGACAC,2,2
AGAAGCAGGAGGC,0,1
AGAAGCAGGCGAA,0,1
AGAAGCAGGGAGG,2,2
AGAAGCAGGGCAC,122,125
AGAAGCAGGGCGG,1,1
AGAAGCAGGGGAG,0,1
AGAAGCCAAAACA,0,1
AGAAGCCAAAGAA,0,1
AGAAGCCAAGAAG,0,1
AGAAGCCAAGCAA,0,1
AGAAGCCACCCGG,0,1
AGAAGCCCAAAAA,0,1
AGAAGCCCAAAAC,0,1
AGAAGCCCAAAAG,0,1
AGAAGCCCACCGA,0,1
AGAAGCCCAGGAC,0,1
AGAAGCCCCACAG,0,1
AGAAGCCCCAGAG,0,1
AGAAGCCCCAGCA,0,1
AGAAGCCCCGGCA,0,1
AGAAGCCGAGAGG,0,1
AGAAGCCGAGGGC,0,1
AGAAGCGAAACAA,1,1
AGAAGCGAAAGAA,0,1
AGAAGCGAGGAGG,0,1
AGAAGCGAGGCCG,0,1
AGAAGCGCAAACG,0,1
AGAAGCGCAGCGA,0,1
AGAAGCGCGCGCG,0,1
AGAAGCGGAGGAG,0,1
AGAAGCGGCAAAG,0,1
AGAAGCGGCAAGC,0,1
AGAAGCGGGAAAA,0,1
AGAAGCGGGCCGA,0,1
AGAAGGAAAAAAG,0,1
AGAAGGAAAAAGC,0,1
AGAAGGAAAGAGA,0,1
AGAAGGAAAGCGC,0,1
AGAAGGAAAGGAG,0,1
AGAAGGAACAGGC,0,1
AGAAGGAACCAAG,0,1
AGAAGGAACCAGA,0,2
AGAAGGAACCGCG,0,1
AGAAGGAACGAAG,0,1
AGAAGGAAGAAAG,0,1
AGAAGGAAGAAGA,0,1
AGAAGGAAGAAGG,0,1
AGAAGGAAGACAA,0,1
AGAAGGAAGACGA,0,1
AGAAGGAAGAGAG,0,2
AGAAGGAAGAGCA,0,3
AGAAGGAAGAGGA,0,1
AGAAGGAAGAGGC,1,2
AGAAGGAAGCAGA,0,1
AGAAGGAAGGACA,0,1
AGAAGGAAGGCAG,0,1
AGAAGGACAAAAC,0,1
AGAAGGACACCCA,0,1
AGAAGGACCAAAC,0,1
AGAAGGACCACGC,0,1
AGAAGGACCAGGA,0,1
AGAAGGACCCAGA,0,1
AGAAGGAGAAAAA,0,1
AGAAGGAGAACCC,0,4
AGAAGGAGAAGAA,0,1
AGAAGGAGAAGCA,0,1
AGAAGGAGAAGCC,0,1
AGAAGGAGAAGCG,0,1
AGAAGGAGAAGGG,0,1
AGAAGGAGAGAGA,0,2
AGAAGGAGCAGAG,0,1
AGAAGGAGGAGCC,0,1
AGAAGGAGGAGGA,0,2
AGAAGGAGGGGGA,0,1
AGAAGGCACCCAA,0,1
AGAAGGCAGACGA,0,1
AGAAGGCCGCAGG,0,1
AGAAGGCGAAGAA,0,1
AGAAGGCGACCCA,0,2
AGAAGGCGAGCCG,0,1
AGAAGGCGAGCGA,0,1
AGAAGGCGCACAA,2,4
AGAAGGCGCGCGA,0,1
AGAAGGCGGAAAA,0,1
AGAAGGGAAAAAC,0,2
AGAAGGGAAACCA,0,1
AGAAGGGAAAGAG,0,1
AGAAGGGAAAGGG,0,2
AGAAGGGAACGCA,0,2
AGAAGGGAAGAAG,0,2
AGAAGGGAAGGGG,1,1
AGAAGGGACCAAA,0,4
AGAAGGGAGAAAA,0,1
AGAAGGGAGACAA,0,1
AGAAGGGAGAGCA,0,1
AGAAGGGAGGAGG,0,1
AGAAGGGAGGCCA,0,1
AGAAGGGAGGGAG,0,1
AGAAGGGCAAACC,0,3
AGAAGGGCAAGGC,0,1
AGAAGGGCACAAC,0,1
AGAAGGGCACGCA,0,1
AGAAGGGCACGCC,0,1
AGAAGGGCAGAAC,0,1
AGAAGGGCAGGGC,0,1
AGAAGGGCAGGGG,0,1
AGAAGGGCCAAAA,0,1
AGAAGGGCCACAG,0,1
AGAAGGGCCCCCC,0,1
AGAAGGGCGGCCA,0,1
AGAAGGGCGGGGG,0,1
AGAAGGGGAAAAG,0,1
AGAAGGGGAAGCG,0,1
AGAAGGGGACACC,0,1
AGAAGGGGACGGA,0,1
AGAAGGGGAGCAC,3,3
AGAAGGGGAGCAG,0,1
AGAAGGGGCAGCA,0,1
AGAAGGGGCAGGG,0,2
AGAAGGGGCCAGG,2,3
AGAAGGGGCCCAG,0,1
AGAAGGGGGAAAA,0,1
AGAAGGGGGAAAC,1,1
AGAAGGGGGAAAG,0,1
AGAAGGGGGAGAG,0,1
AGAAGGGGGCACG,0,1
AGAAGGGGGCGCA,0,1
AGAAGGGGGCGGG,0,1
AGACAAAAAAAAA,0,1
AGACAAAAAAAGC,0,1
AGACAAAAAACCG,0,1
AGACAAAAACAAA,0,2
AGACAAAAACAAC,0,3
AGACAAAAACAGA,0,4
AGACAAAAACCCA,0,1
AGACAAAAAGAAG,1,1
AGACAAAACAAAA,0,1
AGACAAAACAACG,0,3
AGACAAAACACGG,0,1
AGACAAAACCCAG,0,1
AGACAAAACCCGG,1,1
AGACAAAACGACA,0,1
AGACAAAACGACG,0,2
AGACAAAAGAAAC,1,1
AGACAAAAGACGG,0,1
AGACAAACAAAAA,0,2
AGACAAACAAACC,0,1
AGACAAACAAAGG,1,1
AGACAAACAGGAA,1,1
AGACAAACCACCG,0,1
AGACAAACGAAAA,0,1
AGACAAACGAACC,0,1
AGACAAACGCGCG,1,1
AGACAAAGAAGGA,0,2
AGACAAAGAGACA,0,1
AGACAAAGAGCCG,0,1
AGACAAAGCAAAA,0,1
AGACAAAGGGAGG,0,1
AGACAACAAAGAA,0,1
AGACAACAACAAA,0,1
AGACAACAACACC,0,1
AGACAACAAGAAA,0,2
AGACAACAAGAAG,0,1
AGACAACAAGCAG,0,1
AGACAACAAGGAG,0,1
AGACAACACCAAA,0,1
AGACAACACGACA,0,1
AGACAACACGGGG,0,1
AGACAACAGAGGA,0,1
AGACAACAGCACA,0,1
AGACAACCCACGC,0,1
AGACAACCCGAGC,0,1
AGACAACCGAACG,1,1
AGACAACCGGAAC,0,1
AGACAACGGCACG,0,1
AGACAACGGGGAA,0,1
AGACAAGAAAAGA,0,1
AGACAAGAAAGAG,0,1
AGACAAGAAGAAG,0,1
AGACAAGAAGGGG,0,1
AGACAAGACAACA,0,1
AGACAAGAGAGCG,0,1
AGACAAGAGGCAA,1,1
AGACAAGAGGGCG,0,1
AGACAAGCAACAA,0,1
AGACAAGCAACAG,0,1
AGACAAGCAACCC,0,1
AGACAAGCACAGC,0,5
AGACAAGGAAAAG,0,1
AGACAAGGAAGCA,0,1
AGACAAGGCACCC,0,1
AGACAAGGCAGGA,0,1
AGACACAAAACAA,0,1
AGACACAAAACCG,1,1
AGACACAAACACC,0,1
AGACACACAAAGG,0,1
AGACACACAAGCC,1,6
AGACACACGCCCG,0,1
AGACACACGCGGC,12,12
AGACACACGGACA,0,1
AGACACAGAAACA,0,2
AGACACAGACAAA,1,1
AGACACAGAGACA,0,1
AGACACAGAGAGG,0,1
AGACACAGAGGAG,0,1
AGACACAGCCAAG,0,2
AGACACAGGAGAA,0,1
AGACACAGGGAGA,0,1
AGACACAGGGGGA,0,1
AGACACCAAAGGA,0,1
AGACACCAAGAGA,0,1
AGACACCACAGAA,0,1
AGACACCAGAAAG,0,1
AGACACCAGAAGG,0,1
AGACACCAGACAC,0,1
AGACACCCAAGGA,0,1
AGACACCCCACCG,0,1
AGACACCCGAGGA,0,3
AGACACCCGGGCA,0,1
AGACACCGCGCGC,0,2
AGACACGAACAAA,0,1
AGACACGAAGAAG,0,1
AGACACGCCCGGC,0,1
AGACACGCCGACA,0,1
AGACACGCCGGAG,0,1
AGACACGCCGGCC,0,1
AGACACGGCCACG,0,1
AGACAGAAAAAAG,0,2
AGACAGAAAAGAG,0,1
AGACAGAAAAGGA,0,1
AGACAGAAACAAA,0,1
AGACAGAAACGGC,0,1
AGACAGAAGAAAG,0,1
AGACAGAAGAGCA,0,1
AGACAGAAGGAGC,1,1
AGACAGAAGGGCA,1,2
AGACAGACAAAAC,0,1
AGACAGACACACA,0,1
AGACAGACAGAAA,0,1
AGACAGACAGACA,0,2
AGACAGACCAAGA,0,1
AGACAGACCCAAC,0,1
AGACAGACCCGGC,0,1
AGACAGACGGCAG,0,1
AGACAGAGAACGC,0,1
AGACAGAGAAGCC,0,4
AGACAGAGAGACC,0,1
AGACAGAGAGGAG,0,1
AGACAGAGAGGCC,0,2
AGACAGAGCACAC,0,1
AGACAGAGCAGAA,0,1
AGACAGAGCAGGC,0,1
AGACAGAGCCCGA,0,1
AGACAGAGCCGGG,0,1
AGACAGAGCGCCC,0,1
AGACAGAGGAAGG,0,1
AGACAGAGGCAAA,0,1
AGACAGAGGCAGA,0,1
AGACAGCAAAGAG,0,1
AGACAGCAAGAAA,0,1
AGACAGCAAGAAC,0,1
AGACAGCAAGCAC,1,1
AGACAGCAAGGCA,0,1
AGACAGCAGAAAA,0,1
AGACAGCAGAAGG,1,1
AGACAGCAGAGCC,0,1
AGACAGCAGCAGA,0,1
AGACAGCAGCCAA,0,1
AGACAGCAGCCCA,0,1
AGACAGCAGCGCA,0,1
AGACAGCAGCGCC,0,1
AGACAGCAGGGAC,0,1
AGACAGCAGGGCC,0,1
AGACAGCCACACA,0,1
AGACAGCCAGCCA,0,1
AGACAGCCCCAAG,0,1
AGACAGCGACGAA,1,1
AGACAGCGGCAAA,0,1
AGACAGCGGGCGA,0,1
AGACAGCGGGGAG,0,1
AGACAGGAAACAG,0,1
AGACAGGAAAGAG,0,1
AGACAGGACAAAG,0,1
AGACAGGACAGGA,0,1
AGACAGGAGAAAG,0,3
AGACAGGAGAAGG,0,1
AGACAGGAGAGGA,0,1
AGACAGGAGAGGC,0,1
AGACAGGAGCAAC,0,2
AGACAGGAGCGGA,0,1
AGACAGGCAACCA,1,1
AGACAGGCACAAA,1,1
AGACAGGCAGACA,0,10
AGACAGGCAGCGG,1,1
AGACAGGCAGGGA,0,2
AGACAGGCCAGGA,0,1
AGACAGGCCCCCC,0,1
AGACAGGCCGAAA,0,1
AGACAGGCCGAGA,1,1
AGACAGGCCGAGC,0,1
AGACAGGCGGAGA,0,3
AGACAGGGAACAA,0,3
AGACAGGGAAGAG,0,3
AGACAGGGACACA,1,1
AGACAGGGACGAG,0,5
AGACAGGGAGAGA,1,1
AGACAGGGAGCAC,1,1
AGACAGGGCCACC,0,1
AGACAGGGGACAG,0,1
AGACCAAAAAACA,0,1
AGACCAAAAAAGA,0,1
AGACCAAAACCAA,0,1
AGACCAAAACGAA,0,2
AGACCAAAAGACA,0,1
AGACCAAAAGAGC,0,1
AGACCAAAAGGAA,1,1
AGACCAAACAAAG,0,1
AGACCAAACCAAG,0,1
AGACCAAACGAGA,1,1
AGACCAAAGAGCA,0,1
AGACCAAAGCCCG,0,1
AGACCAAGGACAA,0,1
AGACCAAGGCCAA,0,1
AGACCACAACAAG,0,1
AGACCACAAGAAA,0,2
AGACCACAAGCGG,0,1
AGACCACAAGGCC,0,2
AGACCACACGGGG,0,1
AGACCACAGCAGG,0,1
AGACCACCAAACC,0,1
AGACCACCAAAGA,0,1
AGACCACCAAGGG,0,1
AGACCACCAGCGA,0,1
AGACCACCGAACC,0,1
AGACCACCGCCGA,0,1
AGACCACGAAGCC,0,1
AGACCACGCCGGA,0,1
AGACCACGCCGGC,0,1
AGACCAGAAGAAA,0,1
AGACCAGAAGAGC,1,1
AGACCAGACAAAG,0,1
AGACCAGACAGGG,0,1
AGACCAGACCCAC,0,3
AGACCAGACCCCA,0,1
AGACCAGACGAAA,0,1
AGACCAGACGCAG,1,1
AGACCAGAGGGGA,0,1
AGACCAGAGGGGG,0,1
AGACCAGCACCAG,1,1
AGACCAGCAGCCC,0,1
AGACCAGCAGGAG,0,1
AGACCAGCAGGGC,0,1
AGACCAGGAGGGC,0,1
AGACCAGGCAAGA,0,1
AGACCAGGCCGCC,0,1
AGACCAGGGAAGC,0,1
AGACCAGGGCACG,0,1
AGACCAGGGGAAG,1,1
AGACCCAAACCCA,0,1
AGACCCAAACGGC,0,1
AGACCCAAGAACC,0,1
AGACCCACAGGCA,0,1
AGACCCACCGAGG,0,6
AGACCCACCGGGG,0,12
AGACCCACGGGCA,0,1
AGACCCAGAGAGA,0,1
AGACCCAGGAAAA,0,1
AGACCCAGGACGG,1,1
AGACCCAGGGCAG,0,1
AGACCCAGGGGCA,0,1
AGACCCCAACCCC,0,7
AGACCCCACAGCA,0,1
AGACCCCACCCAC,0,1
AGACCCCAGAAGG,0,1
AGACCCCCCAGCA,0,2
AGACCCCCCGCGG,0,1
AGACCCCCGAGGC,0,1
AGACCCCGACCCC,0,1
AGACCCCGCCAAA,0,1
AGACCCCGCGGCC,0,1
AGACCCCGCGGGA,0,1
AGACCCGAAAGAG,0,1
AGACCCGACGCGA,1,1
AGACCCGCCGGGA,0,1
AGACCCGGCGCGC,0,1
AGACCCGGCGGGC,0,3
AGACCGAAAAGGG,0,1
AGACCGAAAGCGA,1,1
AGACCGAACGGCG,0,1
AGACCGAAGAAAG,0,1
AGACCGAAGAGAG,0,1
AGACCGAAGGCGA,2,2
AGACCGACAGCGG,0,1
AGACCGACCGGCC,0,1
AGACCGAGCAGGG,1,1
AGACCGAGCGGAC,0,1
AGACCGAGCGGGC,1,1
AGACCGAGGGACG,0,1
AGACCGCAAAAAG,1,1
AGACCGCAAAGAA,0,1
AGACCGCAGCCGG,0,2
AGACCGCGCAACA,0,1
AGACCGCGCAACG,0,1
AGACCGCGCGGCG,0,1
AGACCGCGGACCA,0,1
AGACCGGACACCG,0,1
AGACCGGCACCAC,0,1
AGACCGGCAGCCA,0,1
AGACCGGCCGGAC,0,1
AGACCGGCGACGA,0,1
AGACCGGCGGCGG,0,1
AGACCGGGACGGC,0,1
AGACCGGGAGGGC,0,1
AGACGAAAAACCA,0,1
AGACGAAAACGAA,0,1
AGACGAAACGAGA,0,1
AGACGAAAGAACC,0,1
AGACGAAAGACAA,1,1
AGACGAAAGAGAA,0,1
AGACGAACAAAAA,5,6
AGACGAACAAAAG,17,17
AGACGAACCGACC,0,1
AGACGAAGACAGC,0,1
AGACGAAGCCCAA,0,1
AGACGACAAAGAG,0,1
AGACGACAACAAA,0,1
AGACGACAACAAC,0,2
AGACGACACCGGC,0,1
AGACGACACGAGC,0,2
AGACGACCCAAGC,0,1
AGACGACCGCCGC,0,1
AGACGACGACAGC,0,1
AGACGACGACGAA,0,1
AGACGACGACGAG,1,1
AGACGACGACGCA,1,1
AGACGACGACGGG,0,1
AGACGACGAGAAC,1,1
AGACGACGAGCCG,0,1
AGACGACGCGCCC,0,1
AGACGACGGACGC,0,1
AGACGACGGCCAG,0,2
AGACGACGGGAAA,0,1
AGACGAGAAAAAA,0,1
AGACGAGAAGAGC,0,1
AGACGAGACACAG,0,1
AGACGAGAGAGAG,0,1
AGACGAGAGAGCA,0,1
AGACGAGAGCGAG,0,2
AGACGAGCAAAAA,19,22
AGACGAGCCGAAC,0,2
AGACGAGCGAAAA,1,1
AGACGAGGAAACA,0,1
AGACGAGGAGAAG,0,1
AGACGAGGAGCCC,0,1
AGACGAGGCGGGC,0,1
AGACGAGGGAGCA,0,1
AGACGAGGGCCCC,0,1
AGACGCAAAGAAG,0,1
AGACGCACCAACC,0,1
AGACGCAGAGGAC,0,2
AGACGCAGCAGCA,0,1
AGACGCAGCGAGA,0,1
AGACGCCAGGCAG,0,1
AGACGCCAGGGAG,0,1
AGACGCCCAAAAC,0,1
AGACGCCCGACAG,0,1
AGACGCCGAGCGA,0,1
AGACGCCGCACGG,0,1
AGACGCCGCGCGG,0,2
AGACGCCGGAAGA,0,1
AGACGCCGGCGGG,0,1
AGACGCGACAAGC,0,1
AGACGCGACCCCG,0,1
AGACGCGGCGACA,0,1
AGACGCGGGACGA,0,1
AGACGGAACAAGG,0,1
AGACGGAACCACA,0,1
AGACGGAAGCCAG,0,2
AGACGGACAAAGA,0,1
AGACGGACACGAG,0,1
AGACGGACAGACA,1,1
AGACGGACAGCAA,0,1
AGACGGACAGGAA,0,1
AGACGGACCGAAG,0,1
AGACGGACGGGCC,0,2
AGACGGAGAAAGC,0,1
AGACGGAGAGACC,0,1
AGACGGAGAGAGC,0,1
AGACGGAGAGAGG,0,1
AGACGGAGCCAGG,1,1
AGACGGAGCGACG,0,1
AGACGGAGCGAGA,0,1
AGACGGAGGAGGA,0,1
AGACGGAGGCCAG,0,1
AGACGGAGGCGGG,0,1
AGACGGAGGGAGA,0,1
AGACGGCAACAAA,0,1
AGACGGCAAGAGC,0,1
AGACGGCAGAAAC,1,1
AGACGGCAGCGCC,0,2
AGACGGCAGGAAG,0,1
AGACGGCCAAGGC,0,1
AGACGGCCACACA,0,3
AGACGGCCACAGG,0,1
AGACGGCCAGAGA,1,1
AGACGGCCCACCG,0,1
AGACGGCCCGGGA,1,2
AGACGGCGAAGCA,0,1
AGACGGCGAGGGA,0,1
AGACGGCGGCGGC,0,1
AGACGGCGGGGAG,0,1
AGACGGGAGAAGA,3,3
AGACGGGAGGAAA,2,3
AGACGGGCACGGG,0,2
AGACGGGCAGCGC,0,1
AGACGGGCCAACC,0,1
AGACGGGCCCAGG,0,1
AGACGGGCCCCGC,0,1
AGACGGGCGCGGG,0,1
AGACGGGGAACAG,0,2
AGACGGGGAACCG,0,2
AGACGGGGACGAG,0,5
AGACGGGGCGGAC,1,1
AGAGAAAAAAAAA,0,4
AGAGAAAAAAAGA,0,1
AGAGAAAAAAAGG,0,1
AGAGAAAAAACCG,0,1
AGAGAAAAACCCG,0,1
AGAGAAAAACCGG,0,1
AGAGAAAAACGAC,0,1
AGAGAAAAACGGG,0,1
AGAGAAAAAGAAG,0,1
AGAGAAAAAGAGA,2,2
AGAGAAAACAAAG,0,3
AGAGAAAACAGGG,0,1
AGAGAAAACCAAA,0,1
AGAGAAAACCAGC,0,1
AGAGAAAACCGGA,0,1
AGAGAAAACGGGA,0,1
AGAGAAAACGGGG,0,1
AGAGAAAAGAAAA,0,2
AGAGAAAAGAAAG,0,4
AGAGAAAAGAAGA,0,3
AGAGAAAAGACAC,0,2
AGAGAAAAGAGAC,1,1
AGAGAAAAGCACA,0,1
AGAGAAAAGCAGG,0,1
AGAGAAACAAAAA,0,6
AGAGAAACACAAA,0,1
AGAGAAACACAAG,0,2
AGAGAAACACCAA,0,3
AGAGAAACAGAGA,0,1
AGAGAAACAGAGG,0,1
AGAGAAACAGGAA,0,1
AGAGAAACCACCG,0,1
AGAGAAACCCCCA,0,1
AGAGAAACGCAAA,0,2
AGAGAAACGGGCC,0,1
AGAGAAAGAAAAG,0,2
AGAGAAAGAAAGA,0,2
AGAGAAAGAAAGG,0,1
AGAGAAAGAACAA,1,1
AGAGAAAGAACCA,0,2
AGAGAAAGAAGAA,0,1
AGAGAAAGAAGAC,0,1
AGAGAAAGACCCG,0,1
AGAGAAAGACGAA,0,2
AGAGAAAGAGAAA,0,1
AGAGAAAGAGAAG,1,1
AGAGAAAGAGAGA,0,4
AGAGAAAGAGAGG,0,1
AGAGAAAGAGCAA,0,1
AGAGAAAGAGCAG,0,2
AGAGAAAGAGGAA,1,1
AGAGAAAGGAAAG,0,1
AGAGAAAGGAACG,0,2
AGAGAAAGGACCC,0,1
AGAGAAAGGAGGA,0,1
AGAGAAAGGCCAG,0,1
AGAGAAAGGGAAA,0,1
AGAGAAAGGGAGA,0,1
AGAGAAAGGGAGC,0,1
AGAGAAAGGGCGC,0,1
AGAGAAAGGGGAG,0,1
AGAGAAAGGGGCC,1,1
AGAGAACAAAAAA,0,1
AGAGAACAAAGGA,1,1
AGAGAACACAAAG,0,2
AGAGAACACACGA,0,2
AGAGAACACAGAC,1,1
AGAGAACACAGGG,0,1
AGAGAACAGAAAC,1,1
AGAGAACAGGAAC,0,1
AGAGAACAGGAGC,0,1
AGAGAACAGGAGG,0,1
AGAGAACAGGCCA,0,1
AGAGAACCAACAA,0,1
AGAGAACCGAAAG,5,10
AGAGAACCGAACG,2,2
AGAGAACCGAGCC,0,1
AGAGAACCGGCCA,0,1
AGAGAACGAAACC,2,2
AGAGAACGCGAGA,0,1
AGAGAAGAAACCA,0,1
AGAGAAGAAACGA,1,1
AGAGAAGAACAAC,0,1
AGAGAAGAACGAA,1,1
AGAGAAGAAGAAA,0,1
AGAGAAGAAGAAC,0,1
AGAGAAGAAGAGC,0,3
AGAGAAGAAGAGG,0,1
AGAGAAGAAGGAA,0,1
AGAGAAGACAAAC,0,1
AGAGAAGACAGGA,0,2
AGAGAAGAGAAAG,0,1
AGAGAAGAGAACG,0,1
AGAGAAGAGACAA,0,1
AGAGAAGAGAGAA,0,2
AGAGAAGAGAGAG,0,1
AGAGAAGAGAGCA,1,1
AGAGAAGAGAGGA,0,1
AGAGAAGAGCAGG,0,1
AGAGAAGAGGAGG,0,1
AGAGAAGAGGCGG,0,1
AGAGAAGAGGGAA,0,1
AGAGAAGAGGGAG,0,1
AGAGAAGAGGGCC,0,2
AGAGAAGAGGGGA,0,1
AGAGAAGCAGAAA,0,1
AGAGAAGCAGGAA,0,1
AGAGAAGCCAAGC,0,1
AGAGAAGCCGCAC,0,1
AGAGAAGCCGGAA,0,1
AGAGAAGCCGGAC,0,1
AGAGAAGCGAAGA,1,1
AGAGAAGCGAGGC,0,1
AGAGAAGGAAGAG,0,1
AGAGAAGGAAGCA,0,2
AGAGAAGGAAGGA,0,1
AGAGAAGGACGGG,0,1
AGAGAAGGAGAGA,0,2
AGAGAAGGCAAGA,0,1
AGAGAAGGCCGCA,0,1
AGAGAAGGGAAAA,0,2
AGAGAAGGGAAAG,0,2
AGAGAAGGGCAGG,0,1
AGAGAAGGGCGGG,0,1
AGAGAAGGGGACG,0,1
AGAGAAGGGGGAA,0,1
AGAGACAAAAAGG,0,1
AGAGACAAAACAA,0,2
AGAGACAAAACGA,0,2
AGAGACAAAACGC,1,1
AGAGACAAAAGAA,1,1
AGAGACAAAAGAC,0,1
AGAGACAAACGAC,0,1
AGAGACAAAGAAG,0,2
AGAGACAACACGA,0,1
AGAGACAAGAAAG,1,1
AGAGACAAGAGGC,0,1
AGAGACACACGAC,0,1
AGAGACACAGACA,1,1
AGAGACACAGCCA,0,1
AGAGACACAGGGA,0,1
AGAGACACCAGAG,0,1
AGAGACACCCCAC,0,1
AGAGACACGCCGG,0,2
AGAGACACGGCAG,0,1
AGAGACACGGCCA,0,1
AGAGACAGAAAAA,0,1
AGAGACAGAAAAG,0,1
AGAGACAGAAGGA,0,1
AGAGACAGACACA,0,1
AGAGACAGAGCAG,0,1
AGAGACAGAGGCA,0,1
AGAGACAGCACCA,0,1
AGAGACAGCAGAA,1,1
AGAGACAGCAGGA,0,3
AGAGACAGCGGGG,0,1
AGAGACAGGAAAA,0,1
AGAGACAGGAGAA,0,3
AGAGACAGGAGAG,1,1
AGAGACAGGAGCA,1,3
AGAGACAGGCCGA,1,1
AGAGACAGGGAAC,0,2
AGAGACAGGGAAG,0,1
AGAGACCAAAAAC,0,1
AGAGACCAAAACG,0,1
AGAGACCAAAAGA,0,1
AGAGACCAAGACA,0,1
AGAGACCACAAGC,0,1
AGAGACCACCAAA,1,1
AGAGACCACCGAA,0,1
AGAGACCAGACCC,0,2
AGAGACCAGACGC,1,1
AGAGACCCCACCC,0,1
AGAGACCCGGGCC,0,1
AGAGACCGAAGAG,0,1
AGAGACCGACCGG,0,1
AGAGACCGAGAGG,0,1
AGAGACCGGCGGC,0,1
AGAGACGAAAACG,0,1
AGAGACGAACACA,2,2
AGAGACGACAACA,1,1
AGAGACGACCCAA,0,1
AGAGACGCACCAA,0,1
AGAGACGCAGCGA,0,1
AGAGACGCCCAGG,0,1
AGAGACGCGACCC,0,1
AGAGACGCGCGCA,0,1
AGAGACGCGGCGA,0,1
AGAGACGGAACAA,0,1
AGAGACGGAACCA,1,1
AGAGACGGACAAA,0,1
AGAGACGGAGAGA,0,1
AGAGACGGCGGGC,0,1
AGAGACGGGAGAA,0,1
AGAGACGGGCCCA,0,1
AGAGACGGGCGCG,0,1
AGAGACGGGGACG,0,1
AGAGACGGGGCGG,1,1
AGAGAGAAAAAGA,0,1
AGAGAGAAAACCA,0,1
AGAGAGAAAACGA,0,1
AGAGAGAAAAGAA,0,1
AGAGAGAAAAGAG,1,1
AGAGAGAAACACA,0,3
AGAGAGAAACAGA,0,1
AGAGAGAAACGGG,0,1
AGAGAGAAAGAGA,0,2
AGAGAGAAAGAGC,0,2
AGAGAGAAAGGGA,0,1
AGAGAGAAAGGGC,0,2
AGAGAGAACACAG,1,1
AGAGAGAACAGGA,0,1
AGAGAGAACCGAG,0,1
AGAGAGAAGAAAG,0,1
AGAGAGAAGAGAG,0,1
AGAGAGAAGCAGG,0,1
AGAGAGAAGCCAA,0,1
AGAGAGAAGCCAC,0,1
AGAGAGAAGCCGG,0,1
AGAGAGAAGGAAC,0,1
AGAGAGACAAAAA,0,1
AGAGAGACAAAAG,0,1
AGAGAGACAAAGA,0,2
AGAGAGACACAGA,1,1
AGAGAGACACGGC,0,1
AGAGAGACAGAAA,0,1
AGAGAGACAGAGC,0,1
AGAGAGACAGAGG,0,1
AGAGAGACAGGGA,0,3
AGAGAGACCACAA,0,1
AGAGAGACGAGGA,0,1
AGAGAGACGCGCG,0,1
AGAGAGAGAAAAA,0,1
AGAGAGAGAAAAC,0,2
AGAGAGAGAAAAG,0,1
AGAGAGAGAAACA,0,5
AGAGAGAGAAAGG,0,1
AGAGAGAGAACAC,1,2
AGAGAGAGAAGCG,0,1
AGAGAGAGAAGGA,0,1
AGAGAGAGACACA,0,1
AGAGAGAGACACG,0,1
AGAGAGAGACAGA,0,2
AGAGAGAGACAGG,0,2
AGAGAGAGACCAA,0,1
AGAGAGAGACCAG,0,1
AGAGAGAGAGAAG,0,6
AGAGAGAGAGACA,0,3
AGAGAGAGAGACC,0,1
AGAGAGAGAGAGA,0,26
AGAGAGAGAGAGC,1,4
AGAGAGAGAGAGG,0,2
AGAGAGAGAGCAC,44,44
AGAGAGAGAGCAG,1,2
AGAGAGAGAGCCA,0,1
AGAGAGAGAGCGA,1,2
AGAGAGAGAGGCA,0,2
AGAGAGAGAGGGA,0,2
AGAGAGAGAGGGG,0,1
AGAGAGAGCAAAC,0,1
AGAGAGAGCACAA,2,17
AGAGAGAGCACAC,6,8
AGAGAGAGCACAG,9,16
AGAGAGAGCACCG,9,9
AGAGAGAGCACGC,29,30
AGAGAGAGCACGG,1,1
AGAGAGAGCAGAC,0,1
AGAGAGAGCCAAG,0,1
AGAGAGAGCCAGA,0,1
AGAGAGAGCGACG,1,1
AGAGAGAGCGAGA,0,1
AGAGAGAGGAGAG,0,1
AGAGAGAGGCAAG,0,1
AGAGAGAGGCAGC,0,1
AGAGAGAGGCAGG,0,5
AGAGAGAGGCCAA,0,3
AGAGAGAGGCCAC,0,1
AGAGAGAGGCCAG,0,1
AGAGAGAGGGAAA,0,1
AGAGAGAGGGAGA,0,2
AGAGAGAGGGAGG,0,1
AGAGAGAGGGGAA,0,1
AGAGAGAGGGGGA,0,1
AGAGAGAGGGGGG,0,1
AGAGAGCAACAAA,0,1
AGAGAGCAACACC,1,1
AGAGAGCAAGGAC,0,1
AGAGAGCAAGGAG,0,1
AGAGAGCACAAAA,0,2
AGAGAGCACAAAC,0,1
AGAGAGCACAACC,1,21
AGAGAGCACACAA,1,1
AGAGAGCACACCC,0,5
AGAGAGCACACGC,0,17
AGAGAGCACAGAA,0,1
AGAGAGCACAGAC,0,1
AGAGAGCACAGAG,0,1
AGAGAGCACAGCC,7,9
AGAGAGCACCAAG,1,1
AGAGAGCACCACA,0,1
AGAGAGCACCGCC,9,9
AGAGAGCACGCCG,0,2
AGAGAGCACGCGA,1,2
AGAGAGCACGGAG,1,1
AGAGAGCAGAAAG,0,2
AGAGAGCAGACAG,0,1
AGAGAGCAGCACG,0,1
AGAGAGCAGGAAG,1,1
AGAGAGCAGGCCA,0,1
AGAGAGCAGGGCA,0,1
AGAGAGCCAAGAA,0,1
AGAGAGCCAAGCA,0,1
AGAGAGCCAGAAC,1,1
AGAGAGCCAGAGC,0,1
AGAGAGCCAGGAG,0,1
AGAGAGCCAGGGC,0,1
AGAGAGCCCCGAC,0,1
AGAGAGCCCCGGG,0,1
AGAGAGCGACGAG,1,1
AGAGAGCGAGACA,0,1
AGAGAGCGAGAGA,0,5
AGAGAGCGAGCAC,3,3
AGAGAGCGAGGGG,0,1
AGAGAGCGGCGGA,0,1
AGAGAGCGGGAGC,0,1
AGAGAGCGGGCGG,0,1
AGAGAGCGGGGAG,0,1
AGAGAGGAAAAAA,0,1
AGAGAGGAAAACA,0,1
AGAGAGGAAACCA,0,1
AGAGAGGAAAGCA,0,1
AGAGAGGAAGAAA,0,2
AGAGAGGAAGCCC,1,2
AGAGAGGAAGGCA,0,3
AGAGAGGAAGGGG,1,1
AGAGAGGACGAGC,0,1
AGAGAGGAGAAAC,0,1
AGAGAGGAGAAAG,0,1
AGAGAGGAGAGAA,0,1
AGAGAGGAGAGAG,0,2
AGAGAGGAGCGGA,0,1
AGAGAGGAGGAGG,0,1
AGAGAGGAGGCAA,0,2
AGAGAGGCAAGAA,0,1
AGAGAGGCACAGA,0,1
AGAGAGGCAGAAA,1,1
AGAGAGGCAGCAG,0,1
AGAGAGGCAGCGA,0,1
AGAGAGGCAGCGC,0,10
AGAGAGGCAGGAC,0,2
AGAGAGGCAGGCA,0,1
AGAGAGGCAGGGA,0,1
AGAGAGGCCAGAA,0,1
AGAGAGGCCCGGC,0,1
AGAGAGGCGAGAA,0,1
AGAGAGGCGAGAG,0,4
AGAGAGGCGCCCA,0,1
AGAGAGGCGGAGA,0,1
AGAGAGGCGGCGG,0,1
AGAGAGGGAAAGC,0,1
AGAGAGGGAAAGG,0,1
AGAGAGGGAACAC,0,1
AGAGAGGGAACCC,0,1
AGAGAGGGAAGAG,0,1
AGAGAGGGAAGCA,0,1
AGAGAGGGACAAA,0,1
AGAGAGGGACAGA,1,1
AGAGAGGGAGAAA,0,1
AGAGAGGGAGACG,0,1
AGAGAGGGAGAGA,0,1
AGAGAGGGAGAGG,0,2
AGAGAGGGAGCAC,6,6
AGAGAGGGAGGCC,0,1
AGAGAGGGCAAAG,0,1
AGAGAGGGGAAAA,0,1
AGAGAGGGGAAAG,0,1
AGAGAGGGGAAGG,1,2
AGAGAGGGGACCA,0,3
AGAGAGGGGAGAG,0,2
AGAGAGGGGCCGC,0,1
AGAGAGGGGCGGG,0,1
AGAGAGGGGGAAG,0,1
AGAGAGGGGGAGA,0,1
AGAGAGGGGGAGC,0,5
AGAGAGGGGGCCG,0,1
AGAGCAAAAAAGA,0,1
AGAGCAAAAAGAA,0,2
AGAGCAAAACGCA,0,1
AGAGCAAAAGCAC,0,1
AGAGCAAACACAC,0,2
AGAGCAAACAGCA,0,1
AGAGCAAAGAAGA,1,1
AGAGCAAAGGAGG,0,1
AGAGCAACAACAA,0,1
AGAGCAACAAGAC,1,1
AGAGCAACACCAA,0,1
AGAGCAACACGCA,0,1
AGAGCAACCCAGC,0,1
AGAGCAACCGACA,0,5
AGAGCAACCGAGA,0,1
AGAGCAACGACAG,0,1
AGAGCAAGAAAAG,0,1
AGAGCAAGAAACC,0,1
AGAGCAAGAACAG,0,1
AGAGCAAGAAGCA,0,1
AGAGCAAGACAAG,0,1
AGAGCAAGCCAAA,0,1
AGAGCAAGCGCAG,0,1
AGAGCAAGGAGCC,0,1
AGAGCAAGGCACA,0,1
AGAGCAAGGCCAG,0,1
AGAGCACAAAACA,0,1
AGAGCACAAAACC,0,1
AGAGCACAAAAGA,0,1
AGAGCACAACCCA,0,4
AGAGCACAACCCG,0,12
AGAGCACAACCGC,0,1
AGAGCACACAAGG,0,1
AGAGCACACCAGA,0,1
AGAGCACACCCAC,0,1
AGAGCACAGAAGA,0,1
AGAGCACAGAGAA,0,1
AGAGCACAGAGGA,0,1
AGAGCACAGCCCC,0,3
AGAGCACAGCCCG,0,3
AGAGCACAGCGCA,0,1
AGAGCACAGCGGA,0,5
AGAGCACAGCGGG,0,1
AGAGCACCAAGGG,1,1
AGAGCACCAGGAA,0,1
AGAGCACCCCGGG,0,2
AGAGCACGCACCC,0,1
AGAGCACGCCGGA,0,1
AGAGCACGCGAGA,0,1
AGAGCACGGAGCC,1,1
AGAGCACGGCCCA,0,1
AGAGCAGAAACAG,1,2
AGAGCAGAACAAA,0,1
AGAGCAGAAGCAG,0,1
AGAGCAGAGAAAG,0,6
AGAGCAGAGACAG,0,10
AGAGCAGAGACGA,0,1
AGAGCAGAGAGCC,0,1
AGAGCAGAGCCCC,0,2
AGAGCAGAGGCAG,0,2
AGAGCAGCAAAAG,1,1
AGAGCAGCACGGG,0,1
AGAGCAGCAGAAC,1,1
AGAGCAGCAGAAG,0,1
AGAGCAGCAGCAA,0,1
AGAGCAGCAGGCA,0,1
AGAGCAGCCACGG,0,1
AGAGCAGCCAGAG,0,1
AGAGCAGCCCCAC,0,1
AGAGCAGCCGACA,0,1
AGAGCAGCCGGAG,1,1
AGAGCAGCGCCGC,0,1
AGAGCAGGAACAA,0,2
AGAGCAGGAAGAG,1,1
AGAGCAGGAAGCC,0,1
AGAGCAGGACGCC,0,1
AGAGCAGGAGCAA,0,1
AGAGCAGGAGGAC,0,1
AGAGCAGGAGGGC,0,1
AGAGCAGGCAAGA,0,1
AGAGCAGGCACAG,0,2
AGAGCAGGCCAGC,0,1
AGAGCAGGCCCGG,0,1
AGAGCAGGGAAAA,0,1
AGAGCAGGGAACG,0,2
AGAGCAGGGAAGA,0,1
AGAGCAGGGAGAG,0,1
AGAGCAGGGAGCA,1,1
AGAGCAGGGCAGA,0,1
AGAGCAGGGCAGG,1,5
AGAGCAGGGCCCG,0,1
AGAGCAGGGCCGA,0,2
AGAGCAGGGCCGG,0,1
AGAGCAGGGGAAC,0,1
AGAGCCAAAAAAA,0,1
AGAGCCAAACGGG,0,1
AGAGCCAAGAAAA,0,1
AGAGCCAAGACCA,0,1
AGAGCCAAGCAGA,0,1
AGAGCCAAGCCGC,0,1
AGAGCCACAACAG,0,1
AGAGCCACCCAGG,0,2
AGAGCCACCGCAC,0,1
AGAGCCACCGGCG,0,2
AGAGCCACGGCCA,0,1
AGAGCCACGGGGC,0,2
AGAGCCAGAACAC,1,1
AGAGCCAGAGACG,0,1
AGAGCCAGAGCGA,0,1
AGAGCCAGCACAA,0,1
AGAGCCAGCCCCC,0,1
AGAGCCAGGAGGC,0,1
AGAGCCAGGAGGG,0,1
AGAGCCAGGCAGA,0,1
AGAGCCAGGCGAC,0,1
AGAGCCAGGGCGA,0,1
AGAGCCAGGGGCA,0,1
AGAGCCCAAAGGG,0,1
AGAGCCCAACGGA,0,1
AGAGCCCAACGGG,0,2
AGAGCCCACCGAG,0,2
AGAGCCCACCGGA,0,2
AGAGCCCACCGGC,0,1
AGAGCCCAGACAG,0,1
AGAGCCCAGACCC,0,1
AGAGCCCAGCCAA,0,1
AGAGCCCAGCCCC,0,1
AGAGCCCAGGGAG,0,1
AGAGCCCAGGGCA,0,2
AGAGCCCAGGGCG,0,1
AGAGCCCCAGACC,0,1
AGAGCCCCGACGC,0,1
AGAGCCCCGCCAG,0,1
AGAGCCCCGCGGC,0,1
AGAGCCCGAAAAA,0,1
AGAGCCCGAGGGG,0,1
AGAGCCCGGAGAC,0,1
AGAGCCCGGAGCC,0,1
AGAGCCCGGGGAG,0,1
AGAGCCGAGGCAC,0,1
AGAGCCGAGGGCC,0,1
AGAGCCGCCCGCC,0,3
AGAGCCGCCGCGC,1,1
AGAGCCGCGGAGG,0,1
AGAGCCGCGGCCG,0,1
AGAGCCGGAGCAG,0,1
AGAGCCGGAGGGG,0,1
AGAGCCGGCGCCC,0,2
AGAGCCGGGCCCG,0,1
AGAGCCGGGGCCA,0,1
AGAGCGAACGAAA,0,5
AGAGCGAACGCAG,0,1
AGAGCGAACGGAA,0,1
AGAGCGAAGAAGC,0,1
AGAGCGAAGCAAC,0,1
AGAGCGACAACCG,0,1
AGAGCGACAAGGG,0,1
AGAGCGACCAAAA,0,1
AGAGCGACCCAAA,0,1
AGAGCGACCCACC,0,1
AGAGCGACGAGGA,0,1
AGAGCGACGGCGC,0,1
AGAGCGAGAAAGC,0,1
AGAGCGAGACAGA,0,1
AGAGCGAGAGGGC,0,1
AGAGCGAGCACAA,0,1
AGAGCGAGCACCC,0,1
AGAGCGAGCCCGG,0,1
AGAGCGAGGAGGG,0,1
AGAGCGAGGGGAG,0,1
AGAGCGAGGGGCG,0,1
AGAGCGCACAGGG,0,1
AGAGCGCACGAGG,1,1
AGAGCGCAGACCG,0,2
AGAGCGCAGAGAA,0,1
AGAGCGCAGAGCG,0,1
AGAGCGCAGGGGA,1,1
AGAGCGCCACACG,0,2
AGAGCGCCAGCGC,1,1
AGAGCGCCGAACG,1,1
AGAGCGCGCGGGA,0,1
AGAGCGCGGACGG,0,1
AGAGCGGACCAAA,0,2
AGAGCGGACCGGC,0,2
AGAGCGGACGAAA,0,2
AGAGCGGAGCCGG,0,1
AGAGCGGCGAACG,0,1
AGAGCGGCGGAGA,1,1
AGAGCGGCGGAGG,0,1
AGAGCGGGAACAC,0,1
AGAGCGGGACCGC,1,1
AGAGCGGGAGCCG,0,1
AGAGCGGGAGCGA,0,1
AGAGCGGGGAGAG,0,1
AGAGCGGGGCGGC,0,1
AGAGCGGGGGGAG,1,1
AGAGGAAAAAAAA,0,2
AGAGGAAAAAAGA,0,1
AGAGGAAAAACCC,0,1
AGAGGAAAAAGAG,0,1
AGAGGAAAACAGA,0,1
AGAGGAAAACGAA,0,1
AGAGGAAAAGGGA,0,1
AGAGGAAACCAGC,0,1
AGAGGAAAGAACA,0,1
AGAGGAAAGAGAG,0,1
AGAGGAAAGAGCA,0,1
AGAGGAAAGCAAC,0,1
AGAGGAAAGCAGA,0,1
AGAGGAAAGCGGG,0,1
AGAGGAAAGGGGA,0,1
AGAGGAACAACAA,0,1
AGAGGAACAACAC,0,1
AGAGGAACAAGGC,1,1
AGAGGAACAGGCC,1,1
AGAGGAACCCAAG,0,2
AGAGGAACCCAGA,1,1
AGAGGAACCGGAG,0,1
AGAGGAAGAAAAG,0,9
AGAGGAAGAAACA,0,1
AGAGGAAGAAAGA,0,6
AGAGGAAGAAAGG,0,1
AGAGGAAGAACGA,0,1
AGAGGAAGAAGGA,0,2
AGAGGAAGAAGGG,1,1
AGAGGAAGACAGA,0,1
AGAGGAAGACCCC,1,1
AGAGGAAGACGCC,0,2
AGAGGAAGACGGG,0,1
AGAGGAAGAGAAG,0,3
AGAGGAAGAGACA,0,1
AGAGGAAGAGAGA,0,3
AGAGGAAGAGAGG,0,1
AGAGGAAGAGGAA,0,1
AGAGGAAGAGGCA,0,1
AGAGGAAGCAGCA,1,1
AGAGGAAGCAGGA,1,1
AGAGGAAGCCAGC,0,1
AGAGGAAGCCAGG,0,1
AGAGGAAGCGGAA,0,1
AGAGGAAGGAAAA,0,1
AGAGGAAGGAAAG,0,1
AGAGGAAGGAAGG,0,1
AGAGGAAGGCAAG,0,1
AGAGGAAGGCACA,0,1
AGAGGAAGGCAGC,0,2
AGAGGAAGGCAGG,0,1
AGAGGAAGGGAAA,0,2
AGAGGAAGGGAAG,0,3
AGAGGAAGGGAGA,0,2
AGAGGAAGGGAGG,0,1
AGAGGAAGGGGGC,0,1
AGAGGACAAAGGC,1,1
AGAGGACAAGAAG,0,1
AGAGGACACAGGA,1,1
AGAGGACACAGGC,0,1
AGAGGACAGCCAG,0,1
AGAGGACAGCCGC,0,1
AGAGGACAGGACA,1,1
AGAGGACAGGGAG,0,1
AGAGGACCAAAAC,0,2
AGAGGACCAAGAA,0,1
AGAGGACCACCCA,1,1
AGAGGACCCAAGG,0,1
AGAGGACCCAGAC,0,1
AGAGGACCCAGCC,0,1
AGAGGACCGAGGA,0,1
AGAGGACCGCAGC,0,1
AGAGGACGAAGAA,0,1
AGAGGACGACGAA,0,1
AGAGGACGAGAGG,0,1
AGAGGACGAGCAG,0,1
AGAGGACGAGGGA,1,1
AGAGGACGAGGGG,0,1
AGAGGACGCACCC,0,5
AGAGGACGCAGGC,1,1
AGAGGACGGAGGG,0,1
AGAGGAGAAAAGG,1,1
AGAGGAGAAAGAA,0,1
AGAGGAGAAAGAG,0,1
AGAGGAGAAAGCA,0,1
AGAGGAGAAAGCC,0,1
AGAGGAGAAGAGA,0,1
AGAGGAGAAGCGA,0,1
AGAGGAGACAAGA,0,1
AGAGGAGACAGGG,0,2
AGAGGAGACCGGC,0,1
AGAGGAGACGAGA,1,1
AGAGGAGACGAGG,1,1
AGAGGAGAGAAAG,0,1
AGAGGAGAGAAGA,0,1
AGAGGAGAGAGAA,0,1
AGAGGAGAGAGAG,0,1
AGAGGAGAGAGCC,0,1
AGAGGAGAGAGCG,0,2
AGAGGAGAGAGGC,0,1
AGAGGAGAGCGAG,0,1
AGAGGAGAGGAAG,0,1
AGAGGAGAGGAGA,0,3
AGAGGAGAGGAGG,0,1
AGAGGAGAGGGAG,0,1
AGAGGAGAGGGGA,0,1
AGAGGAGCAACAG,0,1
AGAGGAGCAAGCA,0,1
AGAGGAGCACAGG,0,1
AGAGGAGCACGAA,0,1
AGAGGAGCACGAG,0,2
AGAGGAGCAGAAA,0,1
AGAGGAGCAGAAC,1,1
AGAGGAGCAGGAG,0,1
AGAGGAGCAGGGA,0,1
AGAGGAGCCACCA,0,1
AGAGGAGCCCCAC,0,1
AGAGGAGCCGCGA,0,1
AGAGGAGCGACGC,0,1
AGAGGAGCGCCGG,0,1
AGAGGAGCGGAAC,1,1
AGAGGAGCGGCAG,0,1
AGAGGAGCGGCCA,0,1
AGAGGAGGAAAAC,0,1
AGAGGAGGAAACA,0,1
AGAGGAGGAACAA,0,1
AGAGGAGGAAGAA,1,1
AGAGGAGGAAGCC,0,16
AGAGGAGGACGGA,2,2
AGAGGAGGACGGC,0,1
AGAGGAGGAGAAA,0,1
AGAGGAGGAGAGA,1,1
AGAGGAGGAGCAC,0,1
AGAGGAGGAGCAG,0,4
AGAGGAGGAGGAG,0,3
AGAGGAGGCAAGA,0,21
AGAGGAGGCACAC,0,2
AGAGGAGGCAGGG,1,1
AGAGGAGGCCGAG,0,1
AGAGGAGGCCGCA,0,1
AGAGGAGGCGACC,0,1
AGAGGAGGGAGCC,0,1
AGAGGAGGGCCCA,0,1
AGAGGAGGGGACA,0,1
AGAGGAGGGGCCC,0,1
AGAGGAGGGGGCC,0,1
AGAGGCAAAAGAG,0,1
AGAGGCAAAAGGC,0,1
AGAGGCAAAGGAA,0,1
AGAGGCAAAGGAG,1,1
AGAGGCAAGAACA,0,1
AGAGGCAAGAAGC,0,1
AGAGGCAAGAGAA,0,1
AGAGGCAAGAGGA,1,1
AGAGGCAAGGCAC,0,1
AGAGGCACAGACG,0,1
AGAGGCACAGGAG,0,1
AGAGGCACAGGCG,0,1
AGAGGCACCAAAA,1,1
AGAGGCACCGACG,0,1
AGAGGCACGAAAC,0,1
AGAGGCACGAACA,0,2
AGAGGCAGAAAAA,0,1
AGAGGCAGAAAAG,1,2
AGAGGCAGAAACC,0,1
AGAGGCAGAAGGG,0,1
AGAGGCAGAGAAG,0,1
AGAGGCAGAGACA,0,1
AGAGGCAGAGAGA,0,2
AGAGGCAGAGAGG,1,2
AGAGGCAGCAAAA,0,1
AGAGGCAGCAAGA,0,1
AGAGGCAGCAAGC,1,1
AGAGGCAGCAGAG,0,1
AGAGGCAGCAGGA,1,1
AGAGGCAGCCCGG,0,1
AGAGGCAGCCGCA,0,1
AGAGGCAGCGGAG,0,1
AGAGGCAGCGGGG,0,11
AGAGGCAGGACCC,0,1
AGAGGCAGGAGGA,2,3
AGAGGCAGGCAGA,0,1
AGAGGCAGGGAAA,1,1
AGAGGCAGGGACA,0,2
AGAGGCAGGGAGG,0,1
AGAGGCAGGGCAC,1,1
AGAGGCCAAGACC,0,1
AGAGGCCACAGAG,0,1
AGAGGCCACCAGA,0,1
AGAGGCCACGCGC,0,3
AGAGGCCAGCGCC,0,1
AGAGGCCAGGGAA,0,1
AGAGGCCAGGGGG,0,1
AGAGGCCCAAAGG,0,1
AGAGGCCCAGAGC,0,2
AGAGGCCCAGCAG,0,1
AGAGGCCCAGGCC,0,1
AGAGGCCCCACCG,0,1
AGAGGCCCGGCCC,0,1
AGAGGCCCGGGCC,0,1
AGAGGCCGCCGGG,0,1
AGAGGCCGCGCCC,0,1
AGAGGCCGGCCAG,0,1
AGAGGCCGGCCCG,0,1
AGAGGCCGGGGCC,0,3
AGAGGCGAAGGAG,0,1
AGAGGCGACCGCA,0,4
AGAGGCGACGGCC,0,1
AGAGGCGAGAAAG,1,2
AGAGGCGAGAAGA,0,1
AGAGGCGAGAGAG,0,5
AGAGGCGAGCCGG,0,1
AGAGGCGAGGAGA,0,1
AGAGGCGCAAAGG,0,1
AGAGGCGCCCAGG,0,1
AGAGGCGCCCCAA,0,1
AGAGGCGCCCGGG,0,2
AGAGGCGGAACAG,1,1
AGAGGCGGAGAAG,0,2
AGAGGCGGAGACA,0,1
AGAGGCGGAGCAC,0,1
AGAGGCGGCCGAG,0,1
AGAGGCGGCGAAA,0,1
AGAGGCGGCGGCG,0,1
AGAGGCGGGAACA,0,1
AGAGGCGGGCCGC,0,1
AGAGGCGGGGAAG,0,1
AGAGGGAAAAACG,0,1
AGAGGGAAAACAA,0,1
AGAGGGAAAAGAG,0,1
AGAGGGAAAAGCA,0,1
AGAGGGAAAGAGA,0,1
AGAGGGAAAGCGA,0,1
AGAGGGAAAGGCA,0,1
AGAGGGAAAGGGA,0,3
AGAGGGAACACAC,0,1
AGAGGGAACAGAA,0,1
AGAGGGAACCCGA,0,1
AGAGGGAAGAACG,1,1
AGAGGGAAGAAGA,1,3
AGAGGGAAGACAG,0,1
AGAGGGAAGAGAA,0,1
AGAGGGAAGAGGG,1,1
AGAGGGAAGCAAC,0,1
AGAGGGAAGCGGG,0,1
AGAGGGAAGGAGG,1,1
AGAGGGAAGGGGG,0,1
AGAGGGACAAAAC,0,1
AGAGGGACACAGA,0,1
AGAGGGACACGCC,0,4
AGAGGGACAGAGC,0,1
AGAGGGACCAAAA,0,1
AGAGGGACCACCC,0,1
AGAGGGACCGAGA,0,1
AGAGGGACCGAGG,0,1
AGAGGGACGAAAC,0,1
AGAGGGACGACGA,0,1
AGAGGGACGACGG,0,1
AGAGGGACGAGGA,0,1
AGAGGGACGCACC,0,1
AGAGGGACGGAGC,0,2
AGAGGGAGAAAGA,0,1
AGAGGGAGAAAGC,0,1
AGAGGGAGAAGCA,1,2
AGAGGGAGACGAA,0,1
AGAGGGAGACGCA,0,1
AGAGGGAGAGAAA,0,3
AGAGGGAGAGACG,1,1
AGAGGGAGAGAGA,1,3
AGAGGGAGAGAGC,0,1
AGAGGGAGAGGCC,0,1
AGAGGGAGAGGGA,0,2
AGAGGGAGAGGGG,0,1
AGAGGGAGCACAA,0,2
AGAGGGAGCACAC,0,2
AGAGGGAGCACAG,0,2
AGAGGGAGCCAAG,0,1
AGAGGGAGCCCAA,0,1
AGAGGGAGGAAAG,0,1
AGAGGGAGGAGAG,0,5
AGAGGGAGGAGGC,0,1
AGAGGGAGGCCAA,0,1
AGAGGGAGGCCCA,0,1
AGAGGGAGGGAAC,0,1
AGAGGGAGGGAGA,0,1
AGAGGGAGGGCAG,0,1
AGAGGGCAAAAAG,0,7
AGAGGGCAAAAGC,0,1
AGAGGGCAAAAGG,0,5
AGAGGGCAAACAA,0,3
AGAGGGCACAGAC,0,2
AGAGGGCACAGGA,1,1
AGAGGGCACAGGC,0,1
AGAGGGCACCGCG,0,1
AGAGGGCAGCAAG,0,2
AGAGGGCAGGGAC,0,3
AGAGGGCAGGGAG,0,1
AGAGGGCAGGGGC,0,3
AGAGGGCCAACAG,0,1
AGAGGGCCAAGGA,0,1
AGAGGGCCAGGAC,0,1
AGAGGGCCCACAG,6,6
AGAGGGCCCCCCC,0,2
AGAGGGCCCGAGA,0,1
AGAGGGCGAAAAA,0,14
AGAGGGCGAGGAG,0,1
AGAGGGCGCACGC,0,1
AGAGGGCGGAGCC,0,1
AGAGGGCGGCAGC,0,1
AGAGGGCGGGCAC,0,1
AGAGGGGAAAAGA,0,1
AGAGGGGAAAGAA,0,1
AGAGGGGAAAGAC,0,1
AGAGGGGAAAGAG,0,3
AGAGGGGAAAGCC,0,1
AGAGGGGAAGAGA,0,1
AGAGGGGAAGGGA,0,1
AGAGGGGAAGGGG,0,1
AGAGGGGACAGGC,0,1
AGAGGGGACCACG,0,3
AGAGGGGACCGCC,0,1
AGAGGGGAGAGAC,0,1
AGAGGGGAGGAGA,0,1
AGAGGGGAGGGGA,1,1
AGAGGGGCAAGCA,0,4
AGAGGGGCAGGGA,0,1
AGAGGGGCCACAA,0,1
AGAGGGGCCAGGC,0,1
AGAGGGGCCCAGC,0,1
AGAGGGGCCGCCC,0,1
AGAGGGGCGACCA,1,1
AGAGGGGCGGAGC,0,1
AGAGGGGCGGGAG,0,1
AGAGGGGCGGGGA,0,1
AGAGGGGGAAACA,0,1
AGAGGGGGAAGAC,0,2
AGAGGGGGAGAAG,0,1
AGAGGGGGAGAGA,1,2
AGAGGGGGAGAGC,0,1
AGAGGGGGAGAGG,0,1
AGAGGGGGAGCCG,0,1
AGAGGGGGCAACA,0,1
AGAGGGGGCAGCC,1,1
AGAGGGGGCCGGA,0,1
AGAGGGGGCGAGC,0,1
AGAGGGGGGAAGG,1,1
AGAGGGGGGAGAA,0,1
AGAGGGGGGAGGA,0,1
AGCAAAAAAAAAC,0,1
AGCAAAAAAAACG,0,1
AGCAAAAAACAAC,0,1
AGCAAAAAAGACA,0,1
AGCAAAAACAAAG,0,1
AGCAAAAACAACA,0,1
AGCAAAAACACCG,0,1
AGCAAAAACCAGA,0,1
AGCAAAAAGAAAA,0,1
AGCAAAAAGAAAG,0,1
AGCAAAAAGAAGA,0,2
AGCAAAAAGACAA,1,1
AGCAAAAAGAGAG,0,1
AGCAAAAAGGAGG,0,1
AGCAAAAAGGCAA,0,1
AGCAAAACAAAAC,0,1
AGCAAAACAAACG,0,1
AGCAAAACAAAGA,0,1
AGCAAAACACACC,0,1
AGCAAAACAGCAG,0,1
AGCAAAACCACCA,0,1
AGCAAAACCCGCA,0,2
AGCAAAACGCAGA,0,1
AGCAAAACGCAGC,0,1
AGCAAAACGGACC,0,1
AGCAAAACGGCGG,0,1
AGCAAAAGAAAGA,0,1
AGCAAAAGACAGA,2,4
AGCAAAAGACAGG,2,2
AGCAAAAGACCAA,0,1
AGCAAAAGCACAC,0,1
AGCAAAAGGAACC,0,1
AGCAAAAGGAAGC,0,1
AGCAAAAGGACCA,0,1
AGCAAAAGGGCAA,0,1
AGCAAACAACGCC,0,1
AGCAAACACAAAA,0,2
AGCAAACACACCA,0,1
AGCAAACACACGC,0,1
AGCAAACACAGGG,0,1
AGCAAACAGAAAA,0,1
AGCAAACAGCAGC,1,1
AGCAAACCACAAC,0,1
AGCAAACCCAACA,0,1
AGCAAACCCGGCG,0,2
AGCAAACCGAAAA,0,1
AGCAAACGAAGGA,0,1
AGCAAACGACAGC,1,1
AGCAAACGAGGAG,0,2
AGCAAAGAAAACC,0,1
AGCAAAGAAAAGA,0,3
AGCAAAGAAGAAA,0,1
AGCAAAGAAGAGA,0,1
AGCAAAGAAGGAA,0,1
AGCAAAGACAGAC,0,1
AGCAAAGAGGGGA,0,1
AGCAAAGCAAAAG,0,1
AGCAAAGCAAACA,0,1
AGCAAAGCAAAGC,1,1
AGCAAAGCAACGA,0,1
AGCAAAGCAAGCA,0,1
AGCAAAGCACACG,0,16
AGCAAAGCACAGG,0,3
AGCAAAGCACCGA,1,1
AGCAAAGCACGAG,0,1
AGCAAAGCCAGGC,0,1
AGCAAAGCCAGGG,0,2
AGCAAAGCGAAAA,1,1
AGCAAAGCGCGCA,0,1
AGCAAAGGAAAAG,0,1
AGCAAAGGAAGCA,0,1
AGCAAAGGAGGAA,0,1
AGCAAAGGCAAGC,0,1
AGCAAAGGCAGAG,0,1
AGCAAAGGCGGCC,0,1
AGCAAAGGGAGGC,1,2
AGCAAAGGGGAAC,2,3
AGCAAAGGGGAAG,1,1
AGCAAAGGGGACC,1,1
AGCAAAGGGGAGC,0,5
AGCAAAGGGGGAG,0,1
AGCAAAGGGGGGC,1,3
AGCAACAAAAAAA,0,1
AGCAACAAAAGGC,0,1
AGCAACAAACACA,0,1
AGCAACAAAGAGC,1,2
AGCAACAAAGCAG,0,1
AGCAACAACAACA,0,2
AGCAACAACCCGA,0,1
AGCAACAACCGGA,0,1
AGCAACAAGAGGG,1,1
AGCAACAAGGAGA,0,4
AGCAACAAGGAGG,0,1
AGCAACAAGGCAG,0,1
AGCAACAAGGGAC,0,1
AGCAACAAGGGCC,0,1
AGCAACACAACCG,1,1
AGCAACACACACC,0,1
AGCAACAGAAAAA,0,1
AGCAACAGAAGCA,0,1
AGCAACAGACGCA,0,1
AGCAACAGCAAAC,0,1
AGCAACAGCACCA,0,8
AGCAACAGCAGCA,1,1
AGCAACAGCCCAA,0,1
AGCAACAGCGGCC,1,1
AGCAACAGGAAGC,0,1
AGCAACAGGCACC,0,1
AGCAACAGGCCCC,0,1
AGCAACAGGGAGG,0,1
AGCAACCAAAAAG,0,1
AGCAACCAAACAG,0,1
AGCAACCAAGAGG,0,1
AGCAACCCACAGC,0,1
AGCAACCCAGCCC,0,1
AGCAACCCCACCC,0,1
AGCAACCGACAAC,0,5
AGCAACCGCAGCA,0,1
AGCAACCGCCCGA,1,1
AGCAACGAAGCAG,0,1
AGCAACGACAGGA,0,2
AGCAACGAGAGGC,1,1
AGCAACGAGCGGC,0,1
AGCAACGCACAAA,1,2
AGCAACGCACACC,0,1
AGCAACGCCGGCA,0,1
AGCAACGCGAACA,2,2
AGCAACGGACGCA,0,1
AGCAAGAAAAAGG,0,1
AGCAAGAAAACGG,0,2
AGCAAGAAAAGAA,0,1
AGCAAGAAAAGGA,0,1
AGCAAGAAACCCC,0,1
AGCAAGAAAGAAA,0,1
AGCAAGAAAGAGA,0,1
AGCAAGAACAGGA,0,1
AGCAAGAACCACA,0,1
AGCAAGAAGAGAA,0,1
AGCAAGAAGAGGG,0,1
AGCAAGAAGCAAC,0,1
AGCAAGAAGCCAG,0,1
AGCAAGAAGGAAA,0,1
AGCAAGACACCAA,0,1
AGCAAGACGCAAA,0,1
AGCAAGAGAACCA,1,1
AGCAAGAGAACCC,1,1
AGCAAGAGAACCG,1,1
AGCAAGAGACAAA,0,1
AGCAAGAGACCGA,0,1
AGCAAGAGAGAAC,0,1
AGCAAGAGAGAGC,0,1
AGCAAGAGAGGGA,0,1
AGCAAGAGGAGAA,0,1
AGCAAGAGGCCGA,0,1
AGCAAGCAACAAA,0,1
AGCAAGCACACAG,0,1
AGCAAGCACACGA,0,1
AGCAAGCAGAGAC,0,1
AGCAAGCAGAGGG,0,1
AGCAAGCAGCCAG,0,1
AGCAAGCAGCCCA,0,1
AGCAAGCAGGCGA,1,1
AGCAAGCCCAGAC,0,2
AGCAAGCCCGGCA,0,1
AGCAAGCCGAACC,0,1
AGCAAGCCGGAGC,0,1
AGCAAGCGAAGAA,0,1
AGCAAGCGCAGGA,0,2
AGCAAGCGGAACA,1,1
AGCAAGCGGACAG,0,1
AGCAAGCGGCGGG,0,1
AGCAAGGAACGGA,0,1
AGCAAGGAAGCCG,0,2
AGCAAGGAAGGCA,0,2
AGCAAGGAAGGGC,0,1
AGCAAGGACAGGG,0,1
AGCAAGGCAAGGG,0,1
AGCAAGGCACACA,0,1
AGCAAGGCACCCA,0,1
AGCAAGGCAGAAC,0,1
AGCAAGGCAGGGA,0,1
AGCAAGGCCAGCC,0,1
AGCAAGGCGAACC,0,1
AGCAAGGCGACCC,0,1
AGCAAGGCGGCAG,0,1
AGCAAGGGAAAGG,0,1
AGCAAGGGAAGAA,0,1
AGCAAGGGACAAA,0,1
AGCAAGGGAGAAG,2,3
AGCAAGGGAGGGG,0,1
AGCAAGGGGAAGC,1,1
AGCAAGGGGCAAA,0,1
AGCAAGGGGGAGG,0,2
AGCAAGGGGGCGC,0,1
AGCACAAAAAAAA,0,1
AGCACAAAAAAAG,0,1
AGCACAAAAACAG,0,1
AGCACAAAACCAA,0,1
AGCACAAAAGCCG,1,1
AGCACAAACACAC,0,1
AGCACAAAGACGC,0,1
AGCACAAAGAGGC,0,2
AGCACAAAGGAGC,2,2
AGCACAACACAGG,0,1
AGCACAACAGAAA,0,1
AGCACAACCAAGC,0,1
AGCACAACCCAAC,0,1
AGCACAACCCAGC,0,4
AGCACAACCCCGC,0,1
AGCACAACCCGAG,0,2
AGCACAACCCGCC,0,5
AGCACAACCCGGC,0,5
AGCACAACCCGGG,0,2
AGCACAAGAAGAA,0,1
AGCACAAGAAGAG,0,1
AGCACAAGAGACA,0,4
AGCACAAGAGGCA,0,3
AGCACAAGGAGAG,0,1
AGCACAAGGCAGC,0,1
AGCACAAGGGAGA,0,1
AGCACACAAAAAA,0,1
AGCACACAAACAG,0,1
AGCACACAAACGC,0,1
AGCACACAAAGCC,0,1
AGCACACAAAGGC,0,9
AGCACACAAAGGG,0,3
AGCACACAACAAG,0,2
AGCACACAAGGAA,0,1
AGCACACAAGGGA,0,1
AGCACACACAACA,0,1
AGCACACACACAC,0,2
AGCACACACAGAC,0,1
AGCACACACAGCA,0,1
AGCACACACAGGC,0,6
AGCACACACAGGG,0,1
AGCACACACCACA,0,1
AGCACACACGAAA,0,2
AGCACACAGAAGC,0,1
AGCACACAGAGAC,0,1
AGCACACAGAGGC,0,14
AGCACACAGCACA,0,2
AGCACACAGCGGC,0,8
AGCACACAGCGGG,0,3
AGCACACAGGGCC,0,1
AGCACACCAAAAG,0,1
AGCACACCGAGGA,0,1
AGCACACGAAAAG,0,1
AGCACACGAACCA,0,1
AGCACACGAGCGC,0,1
AGCACACGCACAA,0,1
AGCACACGCAGGC,0,7
AGCACACGGCAGA,0,1
AGCACACGGCCGG,0,11
AGCACACGGCGCG,0,3
AGCACACGGCGGA,1,1
AGCACACGGGGCC,0,1
AGCACAGAAAGAA,0,1
AGCACAGAAGACA,0,2
AGCACAGAAGCAC,1,1
AGCACAGACACGA,0,1
AGCACAGACAGAC,0,1
AGCACAGAGAAGC,0,1
AGCACAGAGAAGG,0,1
AGCACAGCAGCCA,0,1
AGCACAGCCAGCA,0,1
AGCACAGCCAGGG,0,1
AGCACAGCCCCGC,0,1
AGCACAGCCCGAC,0,1
AGCACAGCGGGAC,0,1
AGCACAGGACCAC,0,1
AGCACAGGCAGGG,0,1
AGCACAGGCCAAA,0,5
AGCACAGGCCCAG,0,2
AGCACAGGCCGGC,0,1
AGCACAGGGAAAG,0,1
AGCACAGGGACAA,1,1
AGCACAGGGCAGG,1,1
AGCACAGGGGAGC,0,1
AGCACCAAAAGCA,0,2
AGCACCAACCGCA,0,2
AGCACCAAGGACA,1,9
AGCACCAAGGACG,0,1
AGCACCAAGGGAG,1,1
AGCACCACAACAG,0,1
AGCACCACACAGG,1,1
AGCACCACCAAGA,3,3
AGCACCACCACCA,0,1
AGCACCACCACGG,0,1
AGCACCACGAGAA,4,4
AGCACCACGCCGA,1,1
AGCACCACGGAAG,0,1
AGCACCACGGCCC,0,1
AGCACCACGGGAC,0,1
AGCACCAGACAGA,0,1
AGCACCAGAGAAG,0,1
AGCACCAGCAGCC,0,1
AGCACCAGCCACC,0,1
AGCACCAGCCCAG,0,2
AGCACCAGCCGCA,0,1
AGCACCAGCGAGG,0,3
AGCACCAGCGCCC,0,1
AGCACCAGGAAAG,0,1
AGCACCAGGAACA,0,1
AGCACCAGGACCA,0,1
AGCACCAGGCACC,0,1
AGCACCAGGGAAG,0,1
AGCACCAGGGACA,0,2
AGCACCAGGGACC,0,2
AGCACCCAAAACG,0,4
AGCACCCAAACAC,0,1
AGCACCCAGACAA,0,1
AGCACCCAGACCG,0,1
AGCACCCAGAGGC,0,1
AGCACCCAGCACC,1,1
AGCACCCAGCGCC,0,1
AGCACCCGCCAAG,0,1
AGCACCCGCCCAG,0,2
AGCACCCGGCCCC,0,1
AGCACCCGGCGCG,0,1
AGCACCGAAGCAC,1,1
AGCACCGAGAGCG,0,1
AGCACCGAGGCAA,0,1
AGCACCGAGGGCA,0,1
AGCACCGCAGGCC,0,1
AGCACCGCCGCGC,1,1
AGCACCGCGCGGC,0,1
AGCACCGCGGAAA,0,14
AGCACCGCGGCCG,0,1
AGCACCGCGGGAG,2,6
AGCACCGGCACGG,0,1
AGCACCGGCAGCC,0,1
AGCACCGGCGAGG,0,1
AGCACGAAAAACA,0,1
AGCACGAACGAGG,0,1
AGCACGAAGGCAG,0,1
AGCACGACAACAA,0,1
AGCACGACGGGCC,0,1
AGCACGAGAAAAA,0,1
AGCACGAGAAAAC,0,1
AGCACGAGCGAGG,0,1
AGCACGAGGAAGA,0,1
AGCACGCACGAAG,0,1
AGCACGCAGAAAA,0,1
AGCACGCAGAAGG,0,1
AGCACGCAGGAGA,1,1
AGCACGCAGGCGA,0,1
AGCACGCCCACGC,0,5
AGCACGCCCCCCA,0,1
AGCACGCGAGAAA,0,1
AGCACGCGGAAGG,0,1
AGCACGCGGCCAC,1,1
AGCACGGAAGGCG,1,1
AGCACGGACCACA,0,1
AGCACGGAGCCGC,1,1
AGCACGGAGCGGA,0,1
AGCACGGAGGCGG,0,1
AGCACGGCAAGAG,0,1
AGCACGGCCCAAC,0,1
AGCACGGCCGCCG,0,2
AGCACGGCGACCG,0,1
AGCACGGCGCCGG,0,1
AGCACGGCGGCGC,0,1
AGCACGGGACGGC,0,1
AGCACGGGAGAAG,0,1
AGCACGGGAGGCC,0,1
AGCACGGGGCCCA,0,1
AGCACGGGGCGCC,0,1
AGCACGGGGGCGA,0,1
AGCAGAAAAGAAA,0,1
AGCAGAAAAGACC,0,1
AGCAGAAACAGAA,1,2
AGCAGAAACCAAA,0,1
AGCAGAAACCAGC,0,2
AGCAGAAAGCAGC,1,1
AGCAGAAAGGGGA,0,1
AGCAGAACAAACA,0,1
AGCAGAACAAAGC,0,1
AGCAGAACAGGAG,0,2
AGCAGAACAGGGA,0,1
AGCAGAACCCAAG,0,1
AGCAGAACGCAGC,1,1
AGCAGAAGAACAG,0,1
AGCAGAAGAAGGC,0,2
AGCAGAAGACAGA,1,1
AGCAGAAGACGCG,0,1
AGCAGAAGAGAGA,0,2
AGCAGAAGAGAGC,0,1
AGCAGAAGAGCAA,1,1
AGCAGAAGAGGCC,0,1
AGCAGAAGCAACA,0,1
AGCAGAAGCACAC,0,1
AGCAGAAGCAGAG,0,1
AGCAGAAGCAGGG,3,3
AGCAGAAGCCAAC,0,1
AGCAGAAGCCGAA,0,1
AGCAGAAGCCGGG,1,1
AGCAGAAGCGCAA,0,1
AGCAGAAGGAGAA,3,4
AGCAGAAGGAGGA,0,1
AGCAGAAGGAGGG,0,1
AGCAGAAGGCACC,1,1
AGCAGAAGGCGGC,0,2
AGCAGAAGGGCAA,0,3
AGCAGAAGGGCCA,1,1
AGCAGACAAAAAG,0,1
AGCAGACAAAACA,0,1
AGCAGACAAAGCC,0,1
AGCAGACAACGAA,1,1
AGCAGACACCAGA,0,1
AGCAGACACCGCA,0,1
AGCAGACAGACCC,0,1
AGCAGACAGCAGA,0,1
AGCAGACAGGGAG,1,1
AGCAGACCAAGGA,0,1
AGCAGACCGGCGA,0,1
AGCAGACGCCCAG,0,1
AGCAGACGCGAGA,0,1
AGCAGACGGAGCG,0,1
AGCAGACGGCAGA,1,1
AGCAGAGAAAGAA,0,5
AGCAGAGAAAGAC,0,1
AGCAGAGAACAAA,0,1
AGCAGAGAAGCCA,0,1
AGCAGAGAAGGCC,0,1
AGCAGAGACAACG,0,1
AGCAGAGACCACA,0,1
AGCAGAGACCCAC,0,2
AGCAGAGAGCACG,1,1
AGCAGAGAGGAGG,0,1
AGCAGAGAGGCGC,1,1
AGCAGAGAGGGAC,0,1
AGCAGAGAGGGGA,0,5
AGCAGAGCAAGGG,0,2
AGCAGAGCACAAA,0,1
AGCAGAGCAGAAA,0,1
AGCAGAGCAGAAG,0,1
AGCAGAGCAGACC,0,1
AGCAGAGCAGACG,1,1
AGCAGAGCAGGGC,1,1
AGCAGAGCCACGG,0,1
AGCAGAGCCCAAG,0,1
AGCAGAGCCCAGG,0,2
AGCAGAGCCCCCC,0,2
AGCAGAGCCCCGC,0,1
AGCAGAGCCGCGG,0,1
AGCAGAGCGACCC,0,1
AGCAGAGCGAGCA,0,1
AGCAGAGCGGCGA,0,1
AGCAGAGGAAGCC,0,1
AGCAGAGGACCCA,0,1
AGCAGAGGAGGAG,0,1
AGCAGAGGCAGAG,1,2
AGCAGAGGCCAGG,0,1
AGCAGAGGCCCAA,0,1
AGCAGAGGCGACG,0,1
AGCAGAGGGAGGG,0,1
AGCAGAGGGCAGA,0,1
AGCAGAGGGCAGG,0,1
AGCAGAGGGCCAG,1,2
AGCAGCAAAAAGA,1,1
AGCAGCAAAACCA,0,1
AGCAGCAAAAGGA,1,1
AGCAGCAAACAAA,0,2
AGCAGCAAACAGC,1,1
AGCAGCAAACGGC,0,1
AGCAGCAAAGACA,1,1
AGCAGCAAAGCGG,0,1
AGCAGCAACAAGG,0,1
AGCAGCAACAGCA,0,1
AGCAGCAACCACC,0,1
AGCAGCAACGCAC,0,1
AGCAGCAACGGGG,1,1
AGCAGCAAGAAGA,0,1
AGCAGCAAGAGAA,1,1
AGCAGCAAGCAGC,0,1
AGCAGCAAGGACA,1,1
AGCAGCAAGGACC,0,1
AGCAGCACAAAAA,1,1
AGCAGCACAACAA,1,1
AGCAGCACAACAC,1,1
AGCAGCACAACCC,0,1
AGCAGCACAAGAA,1,1
AGCAGCACACAAA,1,1
AGCAGCACAGAAA,22,22
AGCAGCACAGGCC,0,1
AGCAGCACCAGCA,0,1
AGCAGCACCCCAC,0,1
AGCAGCACGACAA,0,1
AGCAGCACGCACC,0,1
AGCAGCACGGCGC,1,1
AGCAGCAGAAGCA,0,1
AGCAGCAGAAGGA,1,1
AGCAGCAGACCAA,0,1
AGCAGCAGAGAAA,0,1
AGCAGCAGAGCAA,0,1
AGCAGCAGAGGAC,1,1
AGCAGCAGCAAAG,0,1
AGCAGCAGCAACA,0,1
AGCAGCAGCACAG,0,1
AGCAGCAGCACCC,0,1
AGCAGCAGCAGAA,0,1
AGCAGCAGCAGCA,1,5
AGCAGCAGCCACA,0,5
AGCAGCAGCCCCA,0,1
AGCAGCAGCGAAG,0,1
AGCAGCAGGAGCC,0,1
AGCAGCAGGCACA,0,1
AGCAGCAGGCACC,0,3
AGCAGCAGGGAAC,0,1
AGCAGCAGGGAAG,0,1
AGCAGCAGGGACA,0,1
AGCAGCAGGGGAG,0,1
AGCAGCCAAACAG,0,1
AGCAGCCAACAGA,0,1
AGCAGCCAAGCAG,0,1
AGCAGCCAAGGAC,2,2
AGCAGCCAAGGCA,0,1
AGCAGCCACAACA,0,1
AGCAGCCACAGCA,0,7
AGCAGCCACCAGC,0,1
AGCAGCCACCAGG,0,1
AGCAGCCACGGGG,0,1
AGCAGCCAGACAG,1,1
AGCAGCCAGAGAG,0,1
AGCAGCCAGAGCC,1,2
AGCAGCCAGCCCC,0,1
AGCAGCCAGCGAC,0,1
AGCAGCCAGGGAG,0,1
AGCAGCCCAACGA,0,1
AGCAGCCCAGCCC,0,1
AGCAGCCCAGGAA,1,2
AGCAGCCCCACAA,0,1
AGCAGCCCCAGCA,0,1
AGCAGCCCGGCGG,0,1
AGCAGCCCGGGCG,0,1
AGCAGCCGAAGGA,0,1
AGCAGCCGACGGG,0,1
AGCAGCCGCCAAA,0,1
AGCAGCCGCCGCC,1,1
AGCAGCCGGACCA,1,1
AGCAGCCGGAGCA,0,1
AGCAGCCGGAGCC,0,1
AGCAGCCGGGCCC,0,1
AGCAGCCGGGCGA,0,1
AGCAGCCGGGCGG,0,1
AGCAGCCGGGGCC,0,1
AGCAGCGAAAACA,0,1
AGCAGCGAACGAG,0,1
AGCAGCGACGACG,0,1
AGCAGCGAGCCAG,0,1
AGCAGCGAGCGCA,0,2
AGCAGCGAGGACA,0,1
AGCAGCGCAACCG,0,1
AGCAGCGCACAAC,0,1
AGCAGCGCCAAAA,0,1
AGCAGCGCCCCAC,0,1
AGCAGCGCCGGCC,0,1
AGCAGCGCCGGGC,0,1
AGCAGCGCGACAA,0,1
AGCAGCGGCAGCG,0,2
AGCAGCGGCGACG,0,1
AGCAGCGGCGGGG,0,1
AGCAGCGGGAACA,16,18
AGCAGCGGGGAAC,0,1
AGCAGGAAACGCA,0,5
AGCAGGAACAAGC,0,2
AGCAGGAACAGAA,0,1
AGCAGGAACAGGA,0,44
AGCAGGAACAGGG,0,11
AGCAGGAACCGAG,1,1
AGCAGGAACCGGA,0,2
AGCAGGAACCGGC,0,1
AGCAGGAACCGGG,0,2
AGCAGGAAGCGAA,0,1
AGCAGGAAGGAAA,0,1
AGCAGGAAGGGGG,0,1
AGCAGGACAAAAG,0,1
AGCAGGACAAGAG,0,1
AGCAGGACACCCA,0,1
AGCAGGACAGGAG,0,2
AGCAGGACCAGAC,0,1
AGCAGGACCAGGG,0,1
AGCAGGACCCAAC,0,1
AGCAGGACCCCAA,0,1
AGCAGGACCGAGC,0,1
AGCAGGACGAAAA,0,1
AGCAGGACGACCG,0,1
AGCAGGACGCCGC,0,1
AGCAGGACGGAAA,0,1
AGCAGGACGGGAG,1,1
AGCAGGAGAAAAA,0,1
AGCAGGAGAAAGA,0,1
AGCAGGAGAACCC,0,2
AGCAGGAGAGGAG,0,1
AGCAGGAGCAAGC,0,1
AGCAGGAGCAGAG,0,1
AGCAGGAGCAGCA,0,2
AGCAGGAGCCACA,0,1
AGCAGGAGCCAGA,0,1
AGCAGGAGCCGAG,0,1
AGCAGGAGCCGGA,0,1
AGCAGGAGGACAG,0,1
AGCAGGAGGACGG,0,1
AGCAGGAGGAGGG,0,1
AGCAGGAGGGACG,0,1
AGCAGGAGGGAGA,0,3
AGCAGGAGGGCAG,0,1
AGCAGGCAACAAA,0,1
AGCAGGCAACAAC,0,1
AGCAGGCAACGGA,0,1
AGCAGGCAAGACC,0,1
AGCAGGCAAGGGA,0,1
AGCAGGCACAGAC,54,64
AGCAGGCACAGAG,0,1
AGCAGGCACAGCA,0,1
AGCAGGCACCAGG,0,2
AGCAGGCACCGAA,0,1
AGCAGGCACGCGG,0,6
AGCAGGCAGACAG,0,1
AGCAGGCAGAGAC,0,2
AGCAGGCAGCGCG,0,1
AGCAGGCCAACAG,0,2
AGCAGGCCAACCG,1,1
AGCAGGCCAAGCA,0,1
AGCAGGCCAGCCC,0,1
AGCAGGCCCAGAA,0,1
AGCAGGCCCCAGG,0,1
AGCAGGCCCCGAG,1,3
AGCAGGCCGCGGC,0,1
AGCAGGCCGGGGA,0,1
AGCAGGCGAAACA,1,2
AGCAGGCGAAGAG,0,1
AGCAGGCGAGCCC,0,1
AGCAGGCGGAGAC,0,1
AGCAGGCGGCGGC,0,1
AGCAGGCGGGGCA,0,1
AGCAGGGAAAAAC,0,1
AGCAGGGAAAACC,0,1
AGCAGGGAAAGGA,0,1
AGCAGGGAACGAA,0,2
AGCAGGGAACGAC,0,1
AGCAGGGAAGAGG,0,2
AGCAGGGACAGGA,0,2
AGCAGGGACGAGG,0,1
AGCAGGGAGAAAA,0,1
AGCAGGGAGACGA,0,1
AGCAGGGAGAGCC,1,3
AGCAGGGAGAGGG,0,1
AGCAGGGAGCAAG,0,1
AGCAGGGAGCAGA,0,1
AGCAGGGAGCAGG,1,2
AGCAGGGAGCCAA,0,1
AGCAGGGAGCGGA,0,1
AGCAGGGAGGCAA,0,1
AGCAGGGCACAGA,0,1
AGCAGGGCACCCC,0,1
AGCAGGGCAGAGG,0,1
AGCAGGGCAGGCG,0,1
AGCAGGGCAGGGA,0,9
AGCAGGGCCAGCA,0,2
AGCAGGGCCCAGG,0,1
AGCAGGGCCCGGG,0,1
AGCAGGGCCGGCC,1,1
AGCAGGGCGCAGG,0,1
AGCAGGGCGGAAC,1,1
AGCAGGGCGGAGG,0,1
AGCAGGGGAACAG,0,3
AGCAGGGGAGAAG,0,1
AGCAGGGGAGAGA,1,1
AGCAGGGGAGGAG,0,1
AGCAGGGGCGACG,0,1
AGCAGGGGCGCCA,0,1
AGCAGGGGGAAGC,0,1
AGCAGGGGGCCCA,0,1
AGCAGGGGGCGAG,0,1
AGCAGGGGGGAAA,0,1
AGCCAAAAAAAGA,0,1
AGCCAAAAAACAA,0,2
AGCCAAAACAGAG,0,1
AGCCAAAACGACC,0,1
AGCCAAAAGAAAA,0,1
AGCCAAAAGAAGA,0,1
AGCCAAAAGAGCG,0,1
AGCCAAACAACAG,0,1
AGCCAAACACGGC,1,1
AGCCAAACAGAAG,1,3
AGCCAAACCAAGC,0,1
AGCCAAACGGGAC,0,1
AGCCAAAGAAAAA,0,1
AGCCAAAGAAGAG,0,1
AGCCAAAGAGAAC,0,1
AGCCAAAGCACAA,0,1
AGCCAAAGCACCA,0,1
AGCCAAAGCCCAC,0,1
AGCCAAAGGAAGG,0,1
AGCCAAAGGAGAA,1,1
AGCCAAAGGCAGA,0,1
AGCCAACACCCAG,0,1
AGCCAACACGAGA,0,1
AGCCAACAGAAGA,0,1
AGCCAACAGAGCA,0,1
AGCCAACCAAACG,0,1
AGCCAACCAAGGG,0,1
AGCCAACCACAGA,1,1
AGCCAACCACCAA,0,1
AGCCAACCCCCCC,0,1
AGCCAACCGAACG,0,1
AGCCAACCGAGAA,0,1
AGCCAACGACAAC,0,1
AGCCAACGCACCA,1,1
AGCCAACGCCGGG,0,2
AGCCAAGAAGCCA,0,2
AGCCAAGACAGGA,0,1
AGCCAAGACGAAG,0,1
AGCCAAGACGAGG,0,1
AGCCAAGACGGAC,0,1
AGCCAAGAGACGC,1,1
AGCCAAGAGGAAG,0,1
AGCCAAGCAAGCC,0,1
AGCCAAGCAGAAC,0,1
AGCCAAGCAGACA,0,1
AGCCAAGCCAAGG,0,1
AGCCAAGCCACGG,0,1
AGCCAAGCCAGGA,0,1
AGCCAAGCCCACA,0,1
AGCCAAGCCGAGA,0,1
AGCCAAGCGAACG,0,1
AGCCAAGGAAAGA,0,1
AGCCAAGGAAGAC,1,1
AGCCAAGGACAAA,1,1
AGCCAAGGACAAG,1,2
AGCCAAGGACGAC,6,6
AGCCAAGGACGCC,0,1
AGCCAAGGCAAAA,0,1
AGCCAAGGCACAG,0,1
AGCCAAGGCAGAG,1,1
AGCCAAGGCCCAC,0,1
AGCCAAGGGACAA,0,1
AGCCACAAAGCCA,0,5
AGCCACAACAGCA,0,1
AGCCACAACAGCC,0,2
AGCCACACAACCA,0,1
AGCCACACACACA,0,4
AGCCACACACACG,0,1
AGCCACACACCCA,0,1
AGCCACACAGAAA,0,1
AGCCACACAGCCA,2,2
AGCCACACAGGAA,0,1
AGCCACACGCACA,1,6
AGCCACACGGGAG,0,1
AGCCACAGAAGAA,0,1
AGCCACAGAGCCA,0,1
AGCCACAGCACGG,0,1
AGCCACAGCAGCG,0,1
AGCCACAGCAGGG,0,1
AGCCACAGCCAAG,0,3
AGCCACAGGCAAG,0,1
AGCCACCAAAAAA,0,1
AGCCACCAGAGGG,1,1
AGCCACCAGCAAC,0,1
AGCCACCAGCAAG,0,1
AGCCACCAGGAGG,1,1
AGCCACCAGGCAG,0,1
AGCCACCCAGCCC,0,1
AGCCACCCAGGGC,0,2
AGCCACCCCAGCC,0,4
AGCCACCCCAGGC,0,2
AGCCACCCGGCCC,0,1
AGCCACCGAACAG,0,2
AGCCACCGCACCG,0,1
AGCCACCGCGGGG,0,1
AGCCACGAAGAGG,0,1
AGCCACGACAAGA,0,1
AGCCACGAGGACA,0,1
AGCCACGAGGAGC,0,1
AGCCACGCACGGC,0,1
AGCCACGCCCCGC,0,1
AGCCACGCCCGAG,0,2
AGCCACGCGCACA,1,1
AGCCACGGCCACG,0,1
AGCCACGGGACCG,0,1
AGCCACGGGAGGA,0,1
AGCCACGGGCACC,0,2
AGCCACGGGGGGG,0,1
AGCCAGAAAAACG,0,1
AGCCAGAAAGGGC,1,1
AGCCAGAACAACC,0,1
AGCCAGAACACAG,1,1
AGCCAGAAGAAGC,0,1
AGCCAGAAGAGCA,0,1
AGCCAGAAGAGGC,0,1
AGCCAGACAAGAG,0,1
AGCCAGACAGACC,0,2
AGCCAGACAGGAG,0,1
AGCCAGACCCACC,0,1
AGCCAGACCGCAG,0,2
AGCCAGACGGCAA,0,1
AGCCAGAGACGCA,0,1
AGCCAGAGAGAGA,0,1
AGCCAGAGAGCCA,0,1
AGCCAGAGCACCC,0,3
AGCCAGAGCGGGC,0,1
AGCCAGAGGACCC,0,1
AGCCAGAGGAGAA,1,1
AGCCAGAGGAGCA,0,1
AGCCAGAGGCGCC,0,1
AGCCAGAGGGGCA,0,7
AGCCAGCAAAGCA,0,2
AGCCAGCACGCAG,0,1
AGCCAGCAGAAAG,0,1
AGCCAGCAGAAGA,1,1
AGCCAGCAGCAAC,0,1
AGCCAGCAGCCAG,0,1
AGCCAGCAGCGCC,0,1
AGCCAGCCAAACG,0,3
AGCCAGCCACCGA,0,1
AGCCAGCCAGAGC,0,1
AGCCAGCCAGCCA,0,1
AGCCAGCCAGCCG,0,1
AGCCAGCCAGGGC,0,1
AGCCAGCCCCAAG,0,1
AGCCAGCCCCCGG,0,1
AGCCAGCCGCACG,0,1
AGCCAGCCGCCCG,0,1
AGCCAGCCGGCCG,0,1
AGCCAGCGAGGGG,0,1
AGCCAGCGCGACA,0,1
AGCCAGCGGAGAC,1,1
AGCCAGCGGGGCC,0,1
AGCCAGGAACACA,0,1
AGCCAGGAACCAG,1,1
AGCCAGGAACGGG,0,1
AGCCAGGAAGAAA,0,1
AGCCAGGAAGAGG,0,4
AGCCAGGAAGCCC,0,14
AGCCAGGACACGG,1,1
AGCCAGGACAGGA,0,4
AGCCAGGACGCGG,0,1
AGCCAGGAGAACA,0,1
AGCCAGGAGGGAA,0,1
AGCCAGGCCAGCC,0,1
AGCCAGGCCCAGC,0,1
AGCCAGGCCCGCG,0,3
AGCCAGGCCCGGA,1,1
AGCCAGGCCGCAG,0,1
AGCCAGGCGAAAG,0,1
AGCCAGGGAAGAG,1,3
AGCCAGGGACGAG,1,2
AGCCAGGGAGGCG,0,1
AGCCAGGGCAAGC,0,1
AGCCAGGGCACAG,0,1
AGCCAGGGCAGAG,0,1
AGCCAGGGCGAAG,0,1
AGCCAGGGGGCCC,0,1
AGCCCAAAAAAGA,0,1
AGCCCAAAAACAA,0,1
AGCCCAAAACAAC,0,5
AGCCCAAAACACC,0,2
AGCCCAAAACAGC,0,1
AGCCCAAAAGGAG,0,1
AGCCCAAAAGGGC,0,1
AGCCCAAACAGAA,0,1
AGCCCAAAGCACA,0,1
AGCCCAAAGCAGC,0,1
AGCCCAAAGCGCC,0,1
AGCCCAAAGGCCA,0,1
AGCCCAACAGGAG,0,1
AGCCCAACAGGGA,0,1
AGCCCAACCAAGC,0,1
AGCCCAACCCAAC,0,1
AGCCCAACCCAAG,0,1
AGCCCAACCCGCG,0,1
AGCCCAACGGCCG,0,1
AGCCCAAGACCGA,0,1
AGCCCAAGAGCAA,0,1
AGCCCAAGAGGCC,0,1
AGCCCAAGCAGGC,0,1
AGCCCAAGCGCCA,1,1
AGCCCAAGGAAAC,0,1
AGCCCAAGGCCCC,0,2
AGCCCACAAAACG,1,1
AGCCCACAAACAA,0,1
AGCCCACAAGCCC,0,1
AGCCCACACCCCA,0,1
AGCCCACAGACAA,0,1
AGCCCACCAACCC,0,1
AGCCCACCAGCGA,1,1
AGCCCACCAGGCA,0,1
AGCCCACCCCCCG,0,1
AGCCCACCGAGCA,0,2
AGCCCACCGGAGA,0,2
AGCCCACCGGCAC,0,1
AGCCCACGACGGC,0,1
AGCCCACGAGAAG,0,1
AGCCCACGGCGCA,0,1
AGCCCACGGGCCG,0,1
AGCCCACGGGCGA,0,1
AGCCCAGAAACAA,0,1
AGCCCAGAAACAG,0,1
AGCCCAGAACAAG,0,1
AGCCCAGACAGAG,0,1
AGCCCAGACAGCA,0,1
AGCCCAGACCCAC,0,2
AGCCCAGACCGCA,1,2
AGCCCAGAGGAGG,0,1
AGCCCAGAGGCAG,0,2
AGCCCAGAGGCGA,0,1
AGCCCAGAGGCGG,0,5
AGCCCAGCAACCC,0,1
AGCCCAGCAGGAC,0,1
AGCCCAGCAGGAG,0,1
AGCCCAGCAGGCA,0,1
AGCCCAGCCAAAG,0,1
AGCCCAGCCCCAA,0,1
AGCCCAGCGAGGC,0,1
AGCCCAGGAAACC,0,1
AGCCCAGGAACAA,0,1
AGCCCAGGAAGCG,1,1
AGCCCAGGACAAG,0,1
AGCCCAGGCAGCA,0,1
AGCCCAGGCCGCG,1,1
AGCCCAGGGAGCA,0,1
AGCCCAGGGAGGC,0,1
AGCCCAGGGCAAC,0,1
AGCCCAGGGCAGA,0,2
AGCCCAGGGCAGG,0,2
AGCCCAGGGCCCA,0,1
AGCCCAGGGCCGG,0,1
AGCCCAGGGCGCA,0,1
AGCCCAGGGGAGA,0,1
AGCCCCAAACCCG,0,1
AGCCCCAACAAAG,0,1
AGCCCCAACGGCG,0,1
AGCCCCAAGCAAA,0,1
AGCCCCAAGCGAC,0,1
AGCCCCACAACCC,0,1
AGCCCCACACACG,0,1
AGCCCCACAGCGG,0,1
AGCCCCACAGGGG,0,1
AGCCCCACCAACA,0,1
AGCCCCACCACGC,1,1
AGCCCCACCAGAA,0,1
AGCCCCACCAGCC,0,1
AGCCCCACCCACG,0,1
AGCCCCACGCACA,3,4
AGCCCCAGAAAGA,0,3
AGCCCCAGACCCC,0,1
AGCCCCAGACGCC,0,1
AGCCCCAGAGCAA,0,1
AGCCCCAGAGCCA,0,1
AGCCCCAGCAGAA,0,1
AGCCCCAGCAGCC,0,1
AGCCCCAGCAGCG,0,1
AGCCCCAGCCGAA,0,1
AGCCCCAGCGCCC,0,1
AGCCCCAGGAAGC,0,2
AGCCCCAGGAGAG,0,1
AGCCCCAGGGAAC,0,1
AGCCCCAGGGACC,0,1
AGCCCCAGGGCAG,0,1
AGCCCCAGGGCCA,0,1
AGCCCCCAACCCC,0,1
AGCCCCCAAGGAG,1,1
AGCCCCCACAGGC,0,1
AGCCCCCACAGGG,0,1
AGCCCCCACCCCC,0,1
AGCCCCCAGCACG,0,1
AGCCCCCAGCAGG,0,1
AGCCCCCAGCCAC,0,1
AGCCCCCAGGACA,0,2
AGCCCCCCCCCCG,0,1
AGCCCCCCCCGCG,0,1
AGCCCCCCGAAAC,0,1
AGCCCCCCGGACA,0,1
AGCCCCCGAAACG,0,1
AGCCCCCGACCCA,1,1
AGCCCCCGAGAAA,0,1
AGCCCCCGCAGCC,0,1
AGCCCCCGCCAAC,0,1
AGCCCCCGCCACA,0,1
AGCCCCCGGCCGC,0,1
AGCCCCGAAACAC,0,1
AGCCCCGAGGAGA,0,1
AGCCCCGAGGCGG,0,4
AGCCCCGCAGGCC,1,1
AGCCCCGCCAGCC,0,2
AGCCCCGCCCACC,1,2
AGCCCCGCCCAGC,0,1
AGCCCCGCCCCAG,0,1
AGCCCCGCCGGAG,0,1
AGCCCCGCGGCGG,0,1
AGCCCCGGCAGGA,0,1
AGCCCCGGCCCAG,0,1
AGCCCCGGCCCCC,1,1
AGCCCCGGCGCCC,0,1
AGCCCCGGCGCGG,0,1
AGCCCCGGCGGGC,0,1
AGCCCCGGGAGGA,0,1
AGCCCCGGGCCCA,0,1
AGCCCCGGGGCAG,0,1
AGCCCCGGGGGAG,0,1
AGCCCGAAAAACA,0,1
AGCCCGAAAAAGC,0,1
AGCCCGAACGCAC,2,2
AGCCCGACACCGG,0,1
AGCCCGACCACAC,1,1
AGCCCGACCCAGC,0,2
AGCCCGACGCACA,1,1
AGCCCGACGCGCA,1,1
AGCCCGACGGACC,1,1
AGCCCGAGAAAGC,0,1
AGCCCGAGAAAGG,0,1
AGCCCGAGAGCAA,0,1
AGCCCGAGAGCCA,0,1
AGCCCGAGCAGCC,0,1
AGCCCGAGCCCGG,0,1
AGCCCGAGGCAGG,0,1
AGCCCGCACCACG,0,1
AGCCCGCAGAAGG,0,1
AGCCCGCAGAGGC,0,1
AGCCCGCAGGCAG,0,1
AGCCCGCCAACAA,0,1
AGCCCGCCAACCC,0,1
AGCCCGCCACACA,0,1
AGCCCGCCACCCA,0,1
AGCCCGCCACCGC,0,1
AGCCCGCCCCAGC,1,1
AGCCCGCCCCGAC,0,1
AGCCCGCCCGGCC,0,1
AGCCCGCGGCGCA,0,1
AGCCCGCGGCGGG,0,1
AGCCCGCGGGCAG,0,1
AGCCCGCGGGGCC,0,1
AGCCCGGAACCGG,1,1
AGCCCGGACACCC,1,1
AGCCCGGACGGGG,0,1
AGCCCGGAGACCA,0,1
AGCCCGGAGAGAG,0,1
AGCCCGGAGCAGC,0,1
AGCCCGGAGCCAG,1,1
AGCCCGGAGCCGG,0,8
AGCCCGGCAAGGC,0,1
AGCCCGGCAGCCG,0,1
AGCCCGGCCCGAC,0,1
AGCCCGGCCGCAG,1,1
AGCCCGGCCGGCA,0,1
AGCCCGGCCGGGG,0,1
AGCCCGGCGCCGC,0,1
AGCCCGGCGGCAG,0,1
AGCCCGGCGGGGG,0,2
AGCCCGGGAGGAG,0,1
AGCCCGGGCAACC,0,1
AGCCCGGGCCGCG,3,3
AGCCCGGGCGGGC,0,1
AGCCCGGGGAAGA,1,1
AGCCCGGGGAGCC,0,1
AGCCCGGGGGGAG,0,1
AGCCCGGGGGGCG,0,1
AGCCGAAAAGCCA,0,1
AGCCGAAACACAC,0,1
AGCCGAAAGGAAA,0,1
AGCCGAACGGAGC,0,1
AGCCGAACGGGAG,0,1
AGCCGAAGAAACG,1,1
AGCCGAAGGCCCA,0,1
AGCCGACAGAAGA,0,1
AGCCGACCCAACC,0,2
AGCCGACCCCGCA,0,1
AGCCGACCCGGGG,0,1
AGCCGACCGCCCC,0,1
AGCCGACCGCCCG,0,1
AGCCGACGAAAGC,0,1
AGCCGACGGAACG,0,1
AGCCGACGGGCAG,0,1
AGCCGAGAAACGG,0,1
AGCCGAGAACCAC,0,1
AGCCGAGAAGAGG,0,1
AGCCGAGACCCAA,0,1
AGCCGAGAGGAAG,0,1
AGCCGAGAGGACC,0,1
AGCCGAGCCAAGC,0,1
AGCCGAGCCCCAC,0,1
AGCCGAGCCCGGC,0,1
AGCCGAGCCGAGA,0,1
AGCCGAGCGAGGG,4,4
AGCCGAGCGGCGG,0,1
AGCCGAGGAGGAG,1,1
AGCCGAGGAGGGA,0,1
AGCCGAGGCACAC,0,1
AGCCGAGGCCGGG,0,2
AGCCGAGGGAAAA,0,1
AGCCGAGGGCCAC,0,1
AGCCGAGGGCCCA,0,1
AGCCGAGGGCGCG,0,1
AGCCGAGGGGACG,0,1
AGCCGAGGGGAGA,0,1
AGCCGCAAAAGAA,0,1
AGCCGCAAACACA,0,1
AGCCGCAAACCAA,0,1
AGCCGCAAACCCC,0,1
AGCCGCAAAGAGA,0,1
AGCCGCACAGGAC,0,1
AGCCGCACCACGG,0,1
AGCCGCACCGCAA,0,1
AGCCGCACGCCGC,0,1
AGCCGCAGACGGG,0,1
AGCCGCAGCACGG,0,1
AGCCGCAGCGAGA,0,1
AGCCGCAGGACAG,0,1
AGCCGCCACCGCG,0,1
AGCCGCCAGCAAG,0,1
AGCCGCCAGCGCG,0,1
AGCCGCCAGGGCC,0,1
AGCCGCCCAGCGC,0,1
AGCCGCCCAGGGG,0,1
AGCCGCCCCCGCG,0,1
AGCCGCCCCGCCC,0,1
AGCCGCCCCGCCG,0,1
AGCCGCCCGAAAC,1,1
AGCCGCCCGCCAC,2,2
AGCCGCCCGGCAG,0,1
AGCCGCCGCAAAG,0,1
AGCCGCCGCCCCC,0,7
AGCCGCCGCCCGA,0,2
AGCCGCCGCCGCC,1,2
AGCCGCCGCCGCG,0,1
AGCCGCCGCGCAA,0,1
AGCCGCCGCGCCA,0,1
AGCCGCCGCGCCG,0,1
AGCCGCCGGGCCG,0,1
AGCCGCGACAGAG,0,1
AGCCGCGACCCGC,0,4
AGCCGCGAGCCCA,0,1
AGCCGCGCGACGC,0,1
AGCCGCGCGGCAA,0,1
AGCCGCGGAGGGA,0,1
AGCCGCGGCACGC,0,1
AGCCGCGGCGACG,0,1
AGCCGCGGCGGCC,0,1
AGCCGCGGCGGGC,0,1
AGCCGCGGGAGAG,0,1
AGCCGCGGGGAGC,0,1
AGCCGGAAGGACC,0,1
AGCCGGAAGGGGG,0,1
AGCCGGACGACGG,1,1
AGCCGGAGCACAC,0,1
AGCCGGAGCACAG,0,1
AGCCGGAGCAGCA,0,1
AGCCGGAGCAGCC,0,1
AGCCGGAGCCCCG,1,1
AGCCGGAGCCCGA,0,1
AGCCGGAGCGGAG,0,1
AGCCGGAGCGGGC,0,3
AGCCGGAGGACCC,0,2
AGCCGGAGGAGCC,1,1
AGCCGGAGGAGGC,0,1
AGCCGGAGGGACG,0,11
AGCCGGAGGGGGA,0,1
AGCCGGCAAGCCC,0,1
AGCCGGCACGCGC,0,1
AGCCGGCCAAGGG,0,2
AGCCGGCCAGGAG,0,1
AGCCGGCCCAAGA,0,1
AGCCGGCCCCGCC,0,1
AGCCGGCCCGCGG,0,1
AGCCGGCCGAGAA,0,1
AGCCGGCCGCGAG,0,1
AGCCGGCCGCGGC,0,2
AGCCGGCCGGCAA,0,1
AGCCGGCCGGCAG,0,1
AGCCGGCCGGCCG,0,1
AGCCGGCCGGGCC,0,1
AGCCGGCGAAAGA,0,1
AGCCGGCGCAGCC,0,2
AGCCGGCGCAGCG,0,3
AGCCGGCGCCCGC,0,3
AGCCGGCGGAGCG,0,1
AGCCGGCGGCGAA,0,1
AGCCGGCGGCGGC,0,1
AGCCGGGAAGCCC,0,4
AGCCGGGAGCAGG,0,1
AGCCGGGCCCAAA,0,1
AGCCGGGCCCCGC,1,2
AGCCGGGCCCGGG,0,1
AGCCGGGCCGCAG,0,1
AGCCGGGCGACCC,0,1
AGCCGGGCGGAGG,0,1
AGCCGGGCGGCCC,0,1
AGCCGGGCGGGCA,0,1
AGCCGGGCGGGCC,0,1
AGCCGGGGCCAGA,0,1
AGCCGGGGCCCCG,0,1
AGCCGGGGCGGGG,0,2
AGCCGGGGGCAGA,0,1
AGCCGGGGGCCCC,0,1
AGCGAAAAACGCA,0,1
AGCGAAAACAACA,0,1
AGCGAAAAGCGAA,0,1
AGCGAAAAGGAGC,0,1
AGCGAAACAGCGA,0,1
AGCGAAACCACAA,0,1
AGCGAAACCGCAA,0,1
AGCGAAACGGCCG,0,1
AGCGAAAGAACGA,0,1
AGCGAAAGGGAGG,0,1
AGCGAACAAAGAG,0,2
AGCGAACAACAAA,0,3
AGCGAACCAAAAA,0,1
AGCGAACGAGGGC,0,1
AGCGAAGAAACGG,0,1
AGCGAAGAAGAAG,0,1
AGCGAAGACCACA,0,1
AGCGAAGAGAACG,0,1
AGCGAAGAGACAG,1,1
AGCGAAGCAACGA,0,1
AGCGAAGCCCAAG,1,1
AGCGAAGCGACGC,0,1
AGCGAAGGAACCA,0,1
AGCGAAGGAAGCA,0,1
AGCGAAGGACACC,0,1
AGCGAAGGACCAA,0,1
AGCGAAGGAGAGC,1,1
AGCGAAGGAGGAA,0,1
AGCGAAGGCGGAC,0,1
AGCGAAGGGAGGC,0,1
AGCGAAGGGCAAC,4,4
AGCGAAGGGGACG,1,1
AGCGACAACCACA,0,1
AGCGACAACCGGG,0,1
AGCGACAAGAAAA,0,1
AGCGACAAGGGCG,0,1
AGCGACACAAAGA,0,1
AGCGACACAGAAA,0,1
AGCGACAGACCGC,0,1
AGCGACAGAGAGA,0,1
AGCGACAGCCAAA,0,2
AGCGACAGCGGGC,0,1
AGCGACAGGCACC,0,1
AGCGACCAACAGG,0,1
AGCGACCACAAGG,0,1
AGCGACCACAGCC,0,1
AGCGACCACCGAA,0,1
AGCGACCCACCAG,0,1
AGCGACCCACCCA,0,1
AGCGACCGAAAGC,0,1
AGCGACCGAGCAC,0,1
AGCGACCGGGACA,0,1
AGCGACGAAGAAG,1,1
AGCGACGACGCCA,1,1
AGCGACGACGGCC,0,1
AGCGACGACGGCG,0,1
AGCGACGAGAACG,0,1
AGCGACGAGAGAC,0,1
AGCGACGAGCGCC,0,2
AGCGACGGACAGC,0,1
AGCGACGGAGAGA,0,1
AGCGACGGAGCCG,0,1
AGCGACGGGAACA,1,1
AGCGACGGGCCGG,0,1
AGCGAGAAAGAAA,0,1
AGCGAGAAAGCGC,0,1
AGCGAGAACGGCG,0,1
AGCGAGAAGAAAC,0,1
AGCGAGAAGCAGG,0,1
AGCGAGAAGGACC,0,1
AGCGAGAAGGCGG,0,1
AGCGAGACAACAG,0,1
AGCGAGACAACCC,0,1
AGCGAGACAGAGC,0,1
AGCGAGACGAAAC,0,1
AGCGAGACGAGGA,0,1
AGCGAGACGCCCG,0,1
AGCGAGACGGGGA,2,11
AGCGAGAGAACAA,0,2
AGCGAGAGCGGGA,1,1
AGCGAGAGGCACC,0,1
AGCGAGAGGGCAA,0,1
AGCGAGCAAAAAA,0,1
AGCGAGCAAAGAA,4,4
AGCGAGCACAACC,0,1
AGCGAGCACCCAA,0,1
AGCGAGCACCCGG,0,1
AGCGAGCAGAGAA,1,1
AGCGAGCAGAGCC,0,1
AGCGAGCCAACCC,1,1
AGCGAGCCAGCGG,1,1
AGCGAGCCCGGCA,0,1
AGCGAGCCCGGCG,0,1
AGCGAGCGAAGAG,0,1
AGCGAGCGAAGCC,0,1
AGCGAGCGACCGG,0,1
AGCGAGCGAGCCG,1,1
AGCGAGCGAGCGA,0,1
AGCGAGCGCAGAG,1,1
AGCGAGCGCAGCG,0,2
AGCGAGCGCCCGC,0,1
AGCGAGCGGGCCC,0,1
AGCGAGGAAAAGC,0,1
AGCGAGGAAGAGG,0,1
AGCGAGGAAGGGG,1,1
AGCGAGGACAAAG,0,1
AGCGAGGACGAGA,0,1
AGCGAGGACGCGG,0,1
AGCGAGGAGAAGC,0,1
AGCGAGGAGAGAC,0,1
AGCGAGGAGGGGA,0,1
AGCGAGGCCCGGG,0,1
AGCGAGGCCGAGA,0,1
AGCGAGGCCGAGC,0,1
AGCGAGGCCGGAC,0,1
AGCGAGGGAACCA,0,1
AGCGAGGGGCAAA,0,3
AGCGAGGGGCCGC,0,1
AGCGAGGGGCGAG,0,1
AGCGAGGGGCGGG,1,1
AGCGAGGGGGCAG,0,1
AGCGCAAACCCCA,0,1
AGCGCAAACGGAC,0,1
AGCGCAAAGAGAA,0,1
AGCGCAACCGGGA,0,1
AGCGCAAGCCGAG,0,1
AGCGCAAGGGCGC,0,1
AGCGCACAACGGC,1,1
AGCGCACAGCACA,0,1
AGCGCACCGGACC,0,1
AGCGCACCGGGGC,0,1
AGCGCACGAGCGA,1,1
AGCGCACGAGGAA,0,1
AGCGCACGGGCGA,1,1
AGCGCAGACACCA,0,1
AGCGCAGACCAAA,0,1
AGCGCAGACCACA,0,1
AGCGCAGAGAAAG,0,1
AGCGCAGAGACGG,1,2
AGCGCAGAGCGGC,0,1
AGCGCAGCAAGAA,1,1
AGCGCAGCCCCGG,0,3
AGCGCAGCCGACC,0,1
AGCGCAGCCGAGG,0,2
AGCGCAGCGAAAA,0,1
AGCGCAGCGCCGC,0,1
AGCGCAGCGGAGC,0,1
AGCGCAGGAGAAG,0,1
AGCGCAGGAGAGC,0,1
AGCGCAGGAGGGG,0,1
AGCGCAGGCAAGA,0,1
AGCGCAGGCACAA,0,1
AGCGCAGGCCACA,0,1
AGCGCAGGCCCGA,0,1
AGCGCAGGCCGCC,0,1
AGCGCAGGGCAGG,3,11
AGCGCAGGGCGCG,0,1
AGCGCAGGGGAGG,1,1
AGCGCCAAAAAAA,0,1
AGCGCCAAGACCG,0,1
AGCGCCACAACAC,0,1
AGCGCCACACGCG,0,2
AGCGCCACCGGAC,1,1
AGCGCCACGACAC,0,1
AGCGCCACGGAAG,0,5
AGCGCCAGAAGAA,0,1
AGCGCCAGCAACA,1,1
AGCGCCAGCCCAG,0,1
AGCGCCAGCCCCA,0,2
AGCGCCAGCCGCG,0,1
AGCGCCAGGGACC,0,3
AGCGCCAGGGCCC,0,2
AGCGCCCAACCCA,0,1
AGCGCCCAAGCGG,1,1
AGCGCCCAGCACG,0,1
AGCGCCCCCCCGA,0,1
AGCGCCCGCCGCC,0,1
AGCGCCCGCGCCC,0,1
AGCGCCCGGCACC,1,1
AGCGCCGAGAGGG,0,1
AGCGCCGAGCCCG,0,1
AGCGCCGCAAAAC,0,1
AGCGCCGCACCCA,0,1
AGCGCCGCAGGAG,1,1
AGCGCCGCCAAGC,0,1
AGCGCCGCCGCCA,0,1
AGCGCCGCCGGCC,1,1
AGCGCCGCGCCAC,0,1
AGCGCCGCGCCGC,0,1
AGCGCCGCGGACA,0,1
AGCGCCGCGGACG,0,1
AGCGCCGCGGGAG,0,3
AGCGCCGGAGGCA,0,1
AGCGCCGGCAAGC,0,1
AGCGCCGGCGAGA,0,1
AGCGCCGGCGCAC,0,1
AGCGCCGGCGCCG,0,1
AGCGCCGGCGGCA,0,1
AGCGCCGGGACAG,0,1
AGCGCCGGGACGG,0,1
AGCGCCGGGCGGC,0,1
AGCGCCGGGGCGC,0,1
AGCGCGACAAGCA,0,1
AGCGCGACGAGCG,0,1
AGCGCGACGCCGA,0,1
AGCGCGAGGGGCG,0,1
AGCGCGCAAGCGA,0,1
AGCGCGCAGCCAC,0,1
AGCGCGCCCCCGC,0,1
AGCGCGCCCCGAC,0,1
AGCGCGCCGAGGG,0,1
AGCGCGCCGCCGC,0,1
AGCGCGCCGCGCA,0,1
AGCGCGCCGGACG,0,1
AGCGCGCCGGCAC,0,6
AGCGCGCCGGGGC,0,1
AGCGCGCGCACAC,0,1
AGCGCGCGCCGCC,0,1
AGCGCGCGCGCGC,0,1
AGCGCGCGCGGAG,0,1
AGCGCGCGGAAGG,0,1
AGCGCGCGGCGGG,0,1
AGCGCGCGGGAGC,0,1
AGCGCGCGGGCGA,1,1
AGCGCGCGGGCGG,0,3
AGCGCGCGGGGGA,0,1
AGCGCGGACGAGC,0,1
AGCGCGGACGGGC,0,1
AGCGCGGAGCCCG,0,1
AGCGCGGAGCGGA,1,1
AGCGCGGAGGAGC,0,1
AGCGCGGCGACAG,0,1
AGCGCGGCGACCG,0,2
AGCGCGGCGGCCA,0,2
AGCGCGGCGGCGA,0,1
AGCGCGGCGGGCC,0,2
AGCGCGGGAAGAG,0,1
AGCGCGGGAGAGC,0,5
AGCGCGGGCAGGA,0,1
AGCGCGGGCAGGC,0,1
AGCGCGGGGACGA,0,1
AGCGCGGGGAGAA,0,1
AGCGCGGGGCGGG,0,1
AGCGCGGGGGCCG,0,1
AGCGGAAACGAGA,0,1
AGCGGAAAGAGGA,0,1
AGCGGAACCCGGG,1,1
AGCGGAACGGAAC,0,1
AGCGGAACGGCCG,0,1
AGCGGAAGGAGAA,0,1
AGCGGACAAAGGA,0,2
AGCGGACAGCCAA,0,2
AGCGGACAGGCAC,0,1
AGCGGACCGCGGC,1,1
AGCGGACGACCCC,0,1
AGCGGACGCCGGA,1,1
AGCGGACGGAGAC,0,1
AGCGGAGAACCAG,0,1
AGCGGAGAACCCC,0,1
AGCGGAGAACGAG,1,1
AGCGGAGAAGACG,1,1
AGCGGAGACCGGC,1,1
AGCGGAGAGCCAC,0,1
AGCGGAGAGGACC,0,1
AGCGGAGCACGGC,0,4
AGCGGAGCCAAAA,0,1
AGCGGAGCCCCGA,0,2
AGCGGAGCCCGCG,0,1
AGCGGAGCCCGGA,0,1
AGCGGAGCCGGAA,0,1
AGCGGAGCCGGAG,1,1
AGCGGAGCGCAAC,0,1
AGCGGAGCGCGGC,0,2
AGCGGAGCGCGGG,1,1
AGCGGAGCGGAGC,1,6
AGCGGAGCGGGGA,0,1
AGCGGAGCGGGGC,0,2
AGCGGAGGAAACA,0,2
AGCGGAGGAAAGG,0,1
AGCGGAGGAACCC,0,1
AGCGGAGGAACCG,0,1
AGCGGAGGAGAAA,0,1
AGCGGAGGAGCAG,0,1
AGCGGAGGAGCCG,0,1
AGCGGAGGAGGAG,0,1
AGCGGAGGCAAGA,0,1
AGCGGAGGCGAAG,0,1
AGCGGAGGGCGCG,0,1
AGCGGAGGGGAAG,0,1
AGCGGAGGGGAGC,0,1
AGCGGAGGGGCCC,1,1
AGCGGCAAAGAGC,0,1
AGCGGCAACCACG,0,3
AGCGGCAACCGGG,0,1
AGCGGCAAGGGAG,0,1
AGCGGCACCACAC,0,4
AGCGGCACCGGGA,0,1
AGCGGCAGAAAGC,0,1
AGCGGCAGACCAC,0,1
AGCGGCAGACCCG,0,1
AGCGGCAGCAAGA,0,1
AGCGGCAGCACCA,0,1
AGCGGCAGCGGCA,0,1
AGCGGCCACAGCC,0,1
AGCGGCCACGCCC,0,1
AGCGGCCAGAGCA,0,1
AGCGGCCAGGGGA,0,1
AGCGGCCCCAGGA,0,1
AGCGGCCCCCCGG,1,1
AGCGGCCCCCGGG,4,8
AGCGGCCCCGCGC,0,1
AGCGGCCCCGGGC,0,1
AGCGGCCCGAGGA,0,1
AGCGGCCGCACCG,0,1
AGCGGCCGCCCGA,0,1
AGCGGCCGCGCAG,0,1
AGCGGCCGGCCAG,0,1
AGCGGCCGGCGGC,0,1
AGCGGCCGGGCGC,0,1
AGCGGCGAACGAG,0,2
AGCGGCGACAAGA,0,1
AGCGGCGACGAGA,0,1
AGCGGCGACGGAG,0,1
AGCGGCGAGAGAA,1,1
AGCGGCGCCAGGC,0,1
AGCGGCGCCCCGA,0,1
AGCGGCGCCCGAC,0,2
AGCGGCGCCCGAG,0,1
AGCGGCGCCGCCG,0,1
AGCGGCGCCGGCC,0,1
AGCGGCGCGCGCG,0,1
AGCGGCGCGGGCG,0,1
AGCGGCGGCACAC,0,1
AGCGGCGGCACCA,0,1
AGCGGCGGCAGCA,0,1
AGCGGCGGCCGCC,0,1
AGCGGCGGCGGCG,0,1
AGCGGCGGGAGCG,0,1
AGCGGCGGGCGCC,0,1
AGCGGCGGGGAGG,0,1
AGCGGCGGGGCCA,0,1
AGCGGCGGGGCGA,0,1
AGCGGGAACAGAG,1,1
AGCGGGAAGAGGA,0,2
AGCGGGAAGGCGA,0,1
AGCGGGACAGCGA,0,1
AGCGGGACCGCGA,1,1
AGCGGGAGACAAA,0,4
AGCGGGAGAGCAC,1,1
AGCGGGAGAGGAG,0,1
AGCGGGAGCCGAC,0,1
AGCGGGAGCCGGA,0,1
AGCGGGAGCCGGG,0,1
AGCGGGAGCGAGA,0,2
AGCGGGAGCGCGC,1,1
AGCGGGAGCGGGA,1,1
AGCGGGAGGAAGC,0,2
AGCGGGAGGACGA,0,1
AGCGGGAGGACGG,0,1
AGCGGGAGGAGCC,0,1
AGCGGGAGGAGCG,1,2
AGCGGGCAACGGA,0,19
AGCGGGCACGAGG,0,1
AGCGGGCACGCAC,1,1
AGCGGGCAGGCGG,1,1
AGCGGGCCAGAGA,0,1
AGCGGGCCAGCGC,0,1
AGCGGGCCGAGGC,0,1
AGCGGGCGAGAGC,0,1
AGCGGGCGCCGAA,0,1
AGCGGGCGCGGCA,0,3
AGCGGGCGGCCGC,0,1
AGCGGGGAACAGA,0,1
AGCGGGGAACGAG,0,3
AGCGGGGACAGCC,0,1
AGCGGGGACCCCC,0,1
AGCGGGGACGACG,0,1
AGCGGGGAGAAGC,0,1
AGCGGGGAGACAG,0,1
AGCGGGGAGAGCA,0,1
AGCGGGGAGGAAG,1,1
AGCGGGGCAGGCC,0,1
AGCGGGGCAGGGA,0,1
AGCGGGGCCCCGC,0,2
AGCGGGGCCGACA,0,1
AGCGGGGCCGGGC,0,1
AGCGGGGCGGAGG,0,2
AGCGGGGGAAGAG,0,1
AGCGGGGGAGGAC,0,1
AGCGGGGGGGCAG,0,6
AGCGGGGGGGCCG,0,1
AGCGGGGGGGCGG,0,1
AGCGGGGGGGGGC,1,1
AGGAAAAAAAAAA,1,2
AGGAAAAAAAAAC,0,1
AGGAAAAAAAAAG,0,5
AGGAAAAAAAACA,0,2
AGGAAAAAAAACC,0,1
AGGAAAAAAAAGA,0,2
AGGAAAAAAGAGC,0,1
AGGAAAAACAAAG,0,1
AGGAAAAACCCAG,0,1
AGGAAAAACCCCA,0,1
AGGAAAAACGCCC,0,1
AGGAAAAAGAAAA,0,1
AGGAAAAAGAACA,0,1
AGGAAAAAGAGCG,0,1
AGGAAAAAGAGGA,0,1
AGGAAAACAAAAC,0,1
AGGAAAACAAACA,1,1
AGGAAAACAAAGG,0,1
AGGAAAACAAGGG,1,1
AGGAAAACACGAA,0,2
AGGAAAACACGGA,0,1
AGGAAAACAGAGA,0,1
AGGAAAACAGAGG,1,2
AGGAAAACCAGAA,0,1
AGGAAAACGAAAA,0,1
AGGAAAACGAGAG,0,1
AGGAAAACGCAAA,0,1
AGGAAAACGGGCC,0,1
AGGAAAAGAAACC,0,3
AGGAAAAGAAGAG,0,1
AGGAAAAGAAGGC,0,4
AGGAAAAGACAGC,0,1
AGGAAAAGAGGAC,0,1
AGGAAAAGCACGC,0,1
AGGAAAAGCAGGG,0,1
AGGAAAAGCGGGG,1,1
AGGAAAAGGAAGA,0,1
AGGAAAAGGAGAG,0,1
AGGAAAAGGAGGA,0,1
AGGAAAAGGGAAA,0,1
AGGAAACAAAAGG,0,2
AGGAAACAACCGA,0,1
AGGAAACAAGGAG,0,1
AGGAAACACAACA,0,1
AGGAAACACACGC,0,1
AGGAAACACAGAC,0,1
AGGAAACAGAACC,0,1
AGGAAACAGGAAA,0,1
AGGAAACAGGACC,1,1
AGGAAACAGGCAG,1,1
AGGAAACAGGGAC,1,1
AGGAAACCAAGGG,0,1
AGGAAACCAGCAA,1,1
AGGAAACCCACCA,0,1
AGGAAACCCGAAC,0,1
AGGAAACGAAGGC,0,1
AGGAAACGAAGGG,0,1
AGGAAACGCAACC,0,5
AGGAAACGCAGCG,0,1
AGGAAACGCCGCC,0,1
AGGAAACGGAAAA,0,1
AGGAAAGAAAAGC,0,1
AGGAAAGAAACAG,0,1
AGGAAAGAAAGCG,0,1
AGGAAAGAACAGA,0,2
AGGAAAGAACCAC,0,2
AGGAAAGAAGAAA,0,2
AGGAAAGAAGACA,0,1
AGGAAAGAAGAGG,1,1
AGGAAAGAAGCAC,6,10
AGGAAAGAAGGGA,2,3
AGGAAAGACACAC,0,1
AGGAAAGACACAG,0,1
AGGAAAGAGAAAA,0,1
AGGAAAGAGACAG,0,1
AGGAAAGAGAGAA,1,1
AGGAAAGAGAGAG,1,1
AGGAAAGAGAGGC,0,1
AGGAAAGAGCGAC,0,1
AGGAAAGAGCGCA,0,1
AGGAAAGAGGAAA,0,1
AGGAAAGAGGAAG,0,1
AGGAAAGAGGCGA,0,1
AGGAAAGCAAACC,1,1
AGGAAAGCAACAC,0,1
AGGAAAGCAGACC,0,1
AGGAAAGCAGCGG,0,1
AGGAAAGCCAAAA,0,1
AGGAAAGCCAAAC,0,1
AGGAAAGCCAAGG,0,1
AGGAAAGCCCAAA,0,1
AGGAAAGCCCAAC,0,1
AGGAAAGCGAGAA,0,1
AGGAAAGCGCACA,0,1
AGGAAAGCGCCCG,0,1
AGGAAAGCGCGCC,0,1
AGGAAAGCGGGAA,0,1
AGGAAAGGAAAAC,0,1
AGGAAAGGAAAAG,1,1
AGGAAAGGAAAGG,0,2
AGGAAAGGAAGAA,1,1
AGGAAAGGAGAAG,1,1
AGGAAAGGAGCGA,0,1
AGGAAAGGAGGAC,0,1
AGGAAAGGCAGCA,0,1
AGGAAAGGGAAAA,2,11
AGGAAAGGGAAGA,0,1
AGGAAAGGGAGAA,0,1
AGGAAAGGGAGAC,0,1
AGGAAAGGGAGCA,1,1
AGGAAAGGGCGCC,0,1
AGGAAAGGGGAAG,0,1
AGGAAAGGGGCAC,0,1
AGGAACAAAAAAA,0,6
AGGAACAAAAACA,0,1
AGGAACAAAAAGA,0,1
AGGAACAAAGCCA,0,1
AGGAACAAGCAAC,0,1
AGGAACAAGCAAG,0,2
AGGAACAAGGAGG,0,1
AGGAACACAAAAA,0,1
AGGAACACACAGA,0,1
AGGAACACACGCG,0,1
AGGAACAGAACCA,0,1
AGGAACAGAAGCC,5,5
AGGAACAGAGAAA,0,1
AGGAACAGCAAAG,1,1
AGGAACAGCAAGC,0,1
AGGAACAGCAAGG,0,1
AGGAACAGCAGAG,0,4
AGGAACAGCGGAG,0,1
AGGAACAGGCAGG,0,1
AGGAACAGGCCAC,0,1
AGGAACAGGCGGA,0,1
AGGAACAGGCGGG,0,1
AGGAACAGGGGAC,0,4
AGGAACAGGGGCC,0,1
AGGAACCAAAGGC,0,2
AGGAACCAAGACA,0,1
AGGAACCAAGCAC,0,1
AGGAACCAAGGCC,1,2
AGGAACCAGAAAA,1,2
AGGAACCAGAAGA,0,1
AGGAACCAGGACA,0,1
AGGAACCAGGGCC,0,1
AGGAACCCAGACC,0,1
AGGAACCCAGGGC,0,1
AGGAACCCCAGCC,0,1
AGGAACCCCGAGG,0,1
AGGAACCCGAGAA,0,1
AGGAACCGAACAC,0,1
AGGAACCGACAAA,0,1
AGGAACCGGAGGA,0,1
AGGAACGAAAGCA,0,1
AGGAACGAAGGCG,0,1
AGGAACGCCCACA,0,1
AGGAACGCGGGCA,1,2
AGGAACGCGGGGC,1,1
AGGAACGGAGCCG,0,1
AGGAACGGAGGAA,1,1
AGGAACGGAGGGA,1,4
AGGAACGGCCGAG,0,1
AGGAACGGCGGCG,0,1
AGGAACGGGAACG,0,1
AGGAACGGGGACC,0,1
AGGAACGGGGAGA,0,1
AGGAAGAAAACAC,0,2
AGGAAGAAAAGAG,0,9
AGGAAGAAACAGC,1,1
AGGAAGAAAGAAA,0,1
AGGAAGAAAGACA,0,1
AGGAAGAAAGAGA,0,6
AGGAAGAAAGAGG,0,3
AGGAAGAAAGGAA,0,1
AGGAAGAACAAGG,0,2
AGGAAGAACCAAA,0,1
AGGAAGAACCCAG,0,1
AGGAAGAACGAGA,0,1
AGGAAGAACGGGG,1,1
AGGAAGAAGAAAA,0,1
AGGAAGAAGAACA,0,1
AGGAAGAAGAAGA,0,2
AGGAAGAAGACGA,0,2
AGGAAGAAGAGGA,0,1
AGGAAGAAGAGGG,1,1
AGGAAGAAGGAAG,0,1
AGGAAGAAGGGAA,0,1
AGGAAGAAGGGAG,0,2
AGGAAGAAGGGCC,0,1
AGGAAGAAGGGGA,0,1
AGGAAGACAAAAG,0,1
AGGAAGACAAACA,0,1
AGGAAGACAAGCA,0,1
AGGAAGACACAGG,0,1
AGGAAGACACCCA,0,1
AGGAAGACACCCG,0,3
AGGAAGACAGAGG,0,1
AGGAAGACAGCAC,0,1
AGGAAGACCAGCA,0,1
AGGAAGACCCCAG,0,1
AGGAAGACGAGAA,0,1
AGGAAGACGCCGC,0,2
AGGAAGACGGGGA,0,1
AGGAAGAGAACAA,0,1
AGGAAGAGAACAG,1,1
AGGAAGAGAACGC,0,2
AGGAAGAGAAGAG,0,2
AGGAAGAGAAGCA,0,3
AGGAAGAGAAGGC,1,1
AGGAAGAGACAGA,0,1
AGGAAGAGACCAG,0,1
AGGAAGAGAGAAA,0,1
AGGAAGAGAGAAG,0,7
AGGAAGAGAGAGA,0,1
AGGAAGAGAGAGG,0,1
AGGAAGAGAGGGG,0,1
AGGAAGAGCACCA,0,1
AGGAAGAGCACGG,0,1
AGGAAGAGCAGGA,0,2
AGGAAGAGGAAAC,0,1
AGGAAGAGGAAGA,2,11
AGGAAGAGGACAA,0,1
AGGAAGAGGAGAG,0,1
AGGAAGAGGAGGA,0,17
AGGAAGAGGCCAC,0,1
AGGAAGAGGCCCA,0,1
AGGAAGAGGGAGG,0,1
AGGAAGAGGGCAG,1,1
AGGAAGAGGGGAC,0,1
AGGAAGCAAACAC,0,1
AGGAAGCAAGAAA,0,1
AGGAAGCAAGAGA,1,1
AGGAAGCACGACA,0,1
AGGAAGCACGGAA,3,4
AGGAAGCAGAAGG,0,1
AGGAAGCAGAGAA,0,1
AGGAAGCAGAGCG,1,1
AGGAAGCAGAGGA,0,1
AGGAAGCAGGGCG,0,1
AGGAAGCCAAGCC,0,1
AGGAAGCCACGGA,0,1
AGGAAGCCAGCAC,0,1
AGGAAGCCAGGAC,0,1
AGGAAGCCAGGGA,0,1
AGGAAGCCCAGAG,0,3
AGGAAGCCCGCAG,0,1
AGGAAGCCGAAAA,0,1
AGGAAGCCGGCGG,0,1
AGGAAGCCGGGAG,0,1
AGGAAGCGAAAAG,0,1
AGGAAGCGAACAA,0,1
AGGAAGCGCAAGC,0,1
AGGAAGCGCGGGC,1,1
AGGAAGCGGAAGA,0,1
AGGAAGCGGAGGA,0,1
AGGAAGCGGCGAG,0,1
AGGAAGCGGCGCC,0,1
AGGAAGCGGGCAC,0,1
AGGAAGGAAAAGG,0,1
AGGAAGGAAACAG,0,1
AGGAAGGAAAGAC,0,4
AGGAAGGAAGAGA,0,1
AGGAAGGAAGGAA,0,2
AGGAAGGAAGGCA,0,5
AGGAAGGACAAGA,1,2
AGGAAGGACACGG,0,1
AGGAAGGACAGCC,0,1
AGGAAGGACAGGC,1,1
AGGAAGGACCAAG,0,1
AGGAAGGAGACAG,1,1
AGGAAGGAGACGA,0,1
AGGAAGGAGAGCA,0,1
AGGAAGGAGCCAG,1,1
AGGAAGGAGCCCC,0,1
AGGAAGGAGGAAA,0,1
AGGAAGGAGGAGG,0,1
AGGAAGGAGGCCG,0,1
AGGAAGGCAAAAC,0,2
AGGAAGGCAAGGC,0,1
AGGAAGGCAAGGG,0,1
AGGAAGGCAGAGC,0,1
AGGAAGGCAGCGA,0,2
AGGAAGGCAGGGC,0,4
AGGAAGGCAGGGG,0,2
AGGAAGGCCACGG,0,2
AGGAAGGCCCCAG,0,1
AGGAAGGCCCGGG,0,1
AGGAAGGCGAAGG,0,2
AGGAAGGCGACAG,0,1
AGGAAGGCGACCC,0,6
AGGAAGGGAAGGG,0,3
AGGAAGGGAGAAG,0,1
AGGAAGGGAGACC,0,1
AGGAAGGGAGCAG,0,1
AGGAAGGGAGGAG,1,1
AGGAAGGGAGGCC,0,1
AGGAAGGGAGGGC,0,1
AGGAAGGGCAGAG,0,1
AGGAAGGGCAGCG,0,1
AGGAAGGGGCAGA,0,1
AGGAAGGGGGAAG,0,2
AGGAAGGGGGAGG,1,1
AGGAAGGGGGCAC,0,1
AGGAAGGGGGGCC,0,1
AGGAAGGGGGGGC,0,1
AGGAAGGGGGGGG,0,1
AGGACAAAAAGCC,0,1
AGGACAAAACACG,1,1
AGGACAAAAGGAC,0,1
AGGACAAAGAAAG,0,3
AGGACAAAGACAG,0,1
AGGACAAAGCAGG,0,1
AGGACAAAGGCCA,1,1
AGGACAACAAACC,0,2
AGGACAACAACAA,0,1
AGGACAACAAGAA,0,1
AGGACAACAAGAG,0,1
AGGACAACCAAAA,0,1
AGGACAACCGGGA,1,1
AGGACAACGACAA,1,1
AGGACAACGAGAA,1,1
AGGACAAGACACA,0,1
AGGACAAGAGGAA,1,1
AGGACAAGAGGCG,0,1
AGGACAAGAGGGG,0,1
AGGACAAGCAAAG,0,2
AGGACAAGCCCGG,0,1
AGGACAAGGAGCG,0,1
AGGACAAGGGGCA,0,1
AGGACACAGAAGG,1,1
AGGACACAGACCA,0,1
AGGACACAGGAGC,0,1
AGGACACAGGCAA,0,1
AGGACACAGGCCA,0,1
AGGACACAGGCGA,0,1
AGGACACCACAGA,0,1
AGGACACCACGAC,0,1
AGGACACCAGAGA,1,1
AGGACACCAGAGG,0,1
AGGACACCCAAGG,0,14
AGGACACCCACGG,0,5
AGGACACCCGAGA,0,1
AGGACACCGAGGC,0,1
AGGACACCGCCGC,0,1
AGGACACGCCAGC,0,1
AGGACACGCCGAA,0,1
AGGACACGGCAAA,0,2
AGGACACGGGAGC,0,1
AGGACAGAAGCAA,1,1
AGGACAGACAAAA,0,1
AGGACAGACACAG,0,1
AGGACAGAGCACA,1,1
AGGACAGAGCAGG,0,1
AGGACAGAGGAAC,1,1
AGGACAGAGGAGC,0,1
AGGACAGCAAAGG,3,4
AGGACAGCAAGAA,0,9
AGGACAGCACAAA,0,1
AGGACAGCACCAG,0,1
AGGACAGCAGACC,0,1
AGGACAGCCAGAG,0,1
AGGACAGCGAGAA,1,1
AGGACAGCGCCAG,0,1
AGGACAGGAAAAA,0,1
AGGACAGGAGAAG,0,1
AGGACAGGAGGCA,1,1
AGGACAGGAGGCG,0,1
AGGACAGGCAGAA,1,1
AGGACAGGGCAAA,1,1
AGGACAGGGCGGC,0,1
AGGACAGGGGACA,1,1
AGGACAGGGGGCC,0,1
AGGACCAAAAACA,0,1
AGGACCAAAAAGA,0,1
AGGACCAAAACAG,0,1
AGGACCAAAACCA,0,15
AGGACCAAAACCC,0,1
AGGACCAAAACGA,0,6
AGGACCAAAAGAA,0,1
AGGACCAAACCAA,0,2
AGGACCAAACCGA,0,2
AGGACCAAAGAGG,0,1
AGGACCAAAGCCC,0,1
AGGACCAAAGGGA,0,1
AGGACCAAGAAAA,0,1
AGGACCAAGGCAG,0,1
AGGACCAAGGCCA,0,1
AGGACCACCACCA,0,1
AGGACCACCACCG,0,1
AGGACCACCCCCG,0,1
AGGACCACGCCGG,0,1
AGGACCAGAGGAG,0,1
AGGACCAGAGGGA,0,1
AGGACCAGAGGGG,1,1
AGGACCAGCAGAG,0,1
AGGACCAGCCCAA,0,1
AGGACCAGGCAGC,0,1
AGGACCAGGGAAC,0,1
AGGACCAGGGAGA,0,1
AGGACCCAACGGG,0,1
AGGACCCAGACAA,0,2
AGGACCCAGAGGG,0,1
AGGACCCAGCACC,0,1
AGGACCCAGCCAG,0,1
AGGACCCAGCGGG,0,1
AGGACCCCAAAGC,0,1
AGGACCCCAAAGG,0,3
AGGACCCCAAGCC,0,1
AGGACCCCAAGGC,0,1
AGGACCCCACCCG,0,1
AGGACCCCCAGAA,0,1
AGGACCCCGGGAG,0,1
AGGACCCGCGCAA,0,1
AGGACCCGCGCGG,0,1
AGGACCCGCGGCA,0,1
AGGACCCGGCGCC,0,1
AGGACCCGGGCGC,0,11
AGGACCGAAACAG,0,1
AGGACCGACACCC,0,1
AGGACCGAGCCCA,0,1
AGGACCGAGGAGA,0,1
AGGACCGAGGCCA,0,6
AGGACCGCAGAGA,0,1
AGGACCGCCACCA,0,1
AGGACCGCCAGGC,0,1
AGGACCGGAGGGA,5,5
AGGACCGGGCGCG,0,1
AGGACCGGGGAGA,0,1
AGGACGAAACACA,0,3
AGGACGAAGAAAA,0,1
AGGACGACAAAAG,1,2
AGGACGACACCCA,0,1
AGGACGACACGAC,0,1
AGGACGACCGGCG,0,1
AGGACGACGAAAA,0,1
AGGACGACGAAGG,1,1
AGGACGACGCAGC,0,1
AGGACGACGGAGA,0,1
AGGACGAGAACGA,0,1
AGGACGAGACAGA,0,1
AGGACGAGCAGAG,0,1
AGGACGAGGAGGA,3,3
AGGACGAGGCACA,0,1
AGGACGAGGCGGG,0,1
AGGACGAGGGCAG,0,1
AGGACGAGGGGAA,1,1
AGGACGCAAGGGC,0,1
AGGACGCACCCGG,0,5
AGGACGCAGACCA,0,1
AGGACGCAGAGCC,0,1
AGGACGCGAGCAA,0,1
AGGACGCGGAGGG,0,1
AGGACGCGGCCGG,0,1
AGGACGGAAGGGA,1,1
AGGACGGACCCAG,0,1
AGGACGGAGACGG,0,1
AGGACGGAGCCCA,0,1
AGGACGGAGGCCA,0,2
AGGACGGAGGCGG,1,2
AGGACGGAGGGAG,0,6
AGGACGGCAGAAA,1,1
AGGACGGCAGAAG,0,1
AGGACGGCAGACC,0,1
AGGACGGCAGCGA,1,1
AGGACGGCCAAGG,1,1
AGGACGGCCCCGC,2,2
AGGACGGCGGCAG,0,1
AGGACGGCGGCCA,0,1
AGGACGGCGGCGG,0,1
AGGACGGGACCAA,0,1
AGGACGGGAGACC,0,1
AGGACGGGAGCGC,0,1
AGGACGGGAGGAA,0,1
AGGACGGGAGGGG,0,1
AGGACGGGCAAGA,0,1
AGGACGGGCGCGG,0,1
AGGACGGGGAGCG,0,1
AGGAGAAAAAAAA,0,1
AGGAGAAAAAAAG,0,1
AGGAGAAAAACGA,0,1
AGGAGAAAAAGAA,0,1
AGGAGAAAACAAA,0,1
AGGAGAAAAGGAG,1,1
AGGAGAAACAAAA,0,1
AGGAGAAACACGA,0,1
AGGAGAAACAGAG,0,1
AGGAGAAAGAAAC,0,1
AGGAGAAAGAAAG,0,2
AGGAGAAAGAAGA,0,2
AGGAGAAAGACCA,0,2
AGGAGAAAGAGAG,0,1
AGGAGAAAGAGCC,0,1
AGGAGAAAGAGCG,0,1
AGGAGAAAGCAGA,0,1
AGGAGAAAGCCGA,0,1
AGGAGAAAGGACC,0,1
AGGAGAAAGGGGC,0,3
AGGAGAACAGAAG,0,1
AGGAGAACAGCAG,1,1
AGGAGAACCCAAC,0,2
AGGAGAACCCAAG,0,5
AGGAGAACGCAAG,0,1
AGGAGAACGCGGG,0,1
AGGAGAAGAAAGG,0,2
AGGAGAAGAAGAA,0,1
AGGAGAAGACAGA,0,1
AGGAGAAGACCAG,0,1
AGGAGAAGAGACA,0,1
AGGAGAAGAGGAG,0,1
AGGAGAAGCAAAG,0,1
AGGAGAAGCAGCA,0,4
AGGAGAAGCAGCG,0,1
AGGAGAAGCAGGG,0,1
AGGAGAAGCCCCA,0,1
AGGAGAAGCGCAG,0,1
AGGAGAAGGAAGA,1,1
AGGAGAAGGAAGG,3,3
AGGAGAAGGAGAG,0,1
AGGAGAAGGGACG,0,3
AGGAGAAGGGCAA,0,1
AGGAGAAGGGCCA,1,1
AGGAGAAGGGGAG,0,1
AGGAGAAGGGGCC,0,2
AGGAGACAAACAA,0,1
AGGAGACAACAAG,0,1
AGGAGACAAGACA,0,1
AGGAGACAAGCAG,0,3
AGGAGACACAAGA,0,1
AGGAGACACCCGG,0,1
AGGAGACAGCAGG,1,1
AGGAGACAGGCAG,1,1
AGGAGACAGGGGA,0,1
AGGAGACCCCGCG,0,1
AGGAGACCCGGCG,0,1
AGGAGACGAACGG,0,1
AGGAGACGAGACA,1,1
AGGAGACGAGAGA,0,1
AGGAGACGGGAAC,2,2
AGGAGACGGGGAC,0,1
AGGAGAGAAAAAA,0,1
AGGAGAGAAAGAG,0,1
AGGAGAGAAAGGG,0,1
AGGAGAGAACCAG,0,3
AGGAGAGAAGAAC,0,1
AGGAGAGAAGCCA,0,1
AGGAGAGAAGGCG,0,1
AGGAGAGAAGGGC,0,1
AGGAGAGACAGCG,0,2
AGGAGAGACGCCC,0,1
AGGAGAGACGGCA,1,1
AGGAGAGAGAAGG,1,1
AGGAGAGAGAGAA,0,1
AGGAGAGAGAGAG,0,2
AGGAGAGAGAGCA,2,3
AGGAGAGAGAGGG,0,1
AGGAGAGAGCCCG,0,1
AGGAGAGAGGCAG,0,1
AGGAGAGAGGGGC,0,1
AGGAGAGCAAGCC,0,1
AGGAGAGCACCAC,0,3
AGGAGAGCACCGC,0,1
AGGAGAGCAGACC,1,1
AGGAGAGCAGGGA,0,1
AGGAGAGCCAACG,0,1
AGGAGAGCCAGGA,0,1
AGGAGAGCCAGGG,0,1
AGGAGAGCCCAAC,0,2
AGGAGAGCCCAGA,0,1
AGGAGAGCCGAGG,0,1
AGGAGAGCGAGAA,0,1
AGGAGAGCGAGGA,0,1
AGGAGAGGAAAAA,0,1
AGGAGAGGAAAAG,0,1
AGGAGAGGAACCG,0,1
AGGAGAGGAAGAG,0,1
AGGAGAGGAAGCA,0,2
AGGAGAGGAAGGA,0,1
AGGAGAGGAAGGG,0,1
AGGAGAGGAGAAG,0,1
AGGAGAGGAGACA,0,1
AGGAGAGGAGAGA,0,1
AGGAGAGGAGAGG,0,1
AGGAGAGGAGGAA,1,1
AGGAGAGGAGGAC,0,2
AGGAGAGGAGGCA,0,1
AGGAGAGGCAAAA,0,1
AGGAGAGGCAGGG,0,1
AGGAGAGGCCAGA,0,1
AGGAGAGGCGAGG,0,1
AGGAGAGGGAAGG,2,2
AGGAGAGGGAGGA,1,1
AGGAGAGGGGAGA,0,1
AGGAGAGGGGCCA,1,3
AGGAGAGGGGCCG,0,1
AGGAGAGGGGGCG,0,1
AGGAGAGGGGGGA,1,1
AGGAGCAAAACAC,0,1
AGGAGCAAAGACC,0,1
AGGAGCAAAGCAC,0,1
AGGAGCAAAGGGC,0,1
AGGAGCAACAACA,0,1
AGGAGCAACAGGC,0,1
AGGAGCAAGAAGG,0,1
AGGAGCAAGACAC,0,1
AGGAGCAAGACGA,0,1
AGGAGCAAGCAGC,1,1
AGGAGCAAGCCGC,0,1
AGGAGCAAGGCGG,0,1
AGGAGCACAGCCA,0,1
AGGAGCACCAAAA,0,1
AGGAGCACCCCAC,0,1
AGGAGCACCCCGA,0,1
AGGAGCACGAACG,0,1
AGGAGCACGAGCG,0,1
AGGAGCACGAGGC,0,2
AGGAGCACGCAGA,0,1
AGGAGCACGGAGC,0,1
AGGAGCACGGGGC,0,1
AGGAGCAGAAAAG,0,1
AGGAGCAGAAGAG,0,1
AGGAGCAGAAGGC,0,1
AGGAGCAGAGCCC,0,2
AGGAGCAGAGGAC,0,1
AGGAGCAGAGGGC,0,2
AGGAGCAGCAAGA,0,1
AGGAGCAGCAGCA,0,1
AGGAGCAGCAGGG,0,10
AGGAGCAGCCCAC,0,1
AGGAGCAGGAGCA,0,1
AGGAGCAGGCCAG,0,1
AGGAGCAGGCGGC,0,1
AGGAGCAGGGCAC,0,1
AGGAGCCAACAAC,0,1
AGGAGCCACAGAG,0,1
AGGAGCCAGAAGC,0,1
AGGAGCCAGGAAG,1,1
AGGAGCCCAACAG,0,1
AGGAGCCCAAGAG,0,1
AGGAGCCCAAGGA,0,2
AGGAGCCCAGAGG,0,1
AGGAGCCCAGCAG,0,1
AGGAGCCCCCAGC,0,1
AGGAGCCCGACAC,0,1
AGGAGCCCGCCGC,0,1
AGGAGCCCGGCGC,1,1
AGGAGCCGACCCC,0,2
AGGAGCCGAGAGG,0,1
AGGAGCCGAGGCC,0,4
AGGAGCCGCACCA,0,1
AGGAGCCGCAGGA,0,1
AGGAGCCGCCCCG,0,1
AGGAGCCGCCGCA,0,1
AGGAGCCGCGACA,0,1
AGGAGCCGCGACG,0,1
AGGAGCCGGACCC,0,1
AGGAGCCGGACGC,0,1
AGGAGCCGGAGCC,1,1
AGGAGCCGGCGCC,0,1
AGGAGCCGGGCGG,0,1
AGGAGCCGGGGCC,0,1
AGGAGCGACACGA,0,5
AGGAGCGACCGGC,0,1
AGGAGCGACGCAA,0,2
AGGAGCGACGCGA,0,5
AGGAGCGACGCGG,0,1
AGGAGCGAGACAA,0,1
AGGAGCGAGGAAG,1,1
AGGAGCGCAAAGA,0,1
AGGAGCGCAACCG,0,1
AGGAGCGCAGGAG,0,1
AGGAGCGCCGGCG,0,1
AGGAGCGCGCCGC,0,1
AGGAGCGGAAAGA,0,1
AGGAGCGGAACCC,1,1
AGGAGCGGAGAAG,0,1
AGGAGCGGAGCGC,0,1
AGGAGCGGAGGAG,0,1
AGGAGCGGAGGCG,0,1
AGGAGCGGAGGGG,1,1
AGGAGCGGCAACC,0,3
AGGAGCGGCACAA,1,1
AGGAGCGGCAGCG,0,1
AGGAGCGGCAGGG,0,1
AGGAGCGGCCCGA,0,1
AGGAGCGGCGAGG,0,1
AGGAGCGGCGGGC,0,1
AGGAGCGGGACGA,0,1
AGGAGCGGGAGCC,0,1
AGGAGCGGGAGGA,1,3
AGGAGCGGGGAGG,0,1
AGGAGCGGGGCGG,0,1
AGGAGGAAAAACG,1,1
AGGAGGAAAACAA,0,1
AGGAGGAAAACAG,0,1
AGGAGGAAAAGGA,0,1
AGGAGGAAACAGG,1,1
AGGAGGAAACCAA,0,1
AGGAGGAAAGACA,0,1
AGGAGGAAAGGGA,1,1
AGGAGGAACAAGC,0,1
AGGAGGAAGAAAG,0,1
AGGAGGAAGAAGA,0,1
AGGAGGAAGACAC,0,1
AGGAGGAAGAGGA,1,2
AGGAGGAAGAGGG,0,1
AGGAGGAAGCCGG,0,1
AGGAGGAAGGGAC,0,1
AGGAGGAAGGGCA,0,1
AGGAGGAAGGGGG,0,3
AGGAGGACACCCA,0,17
AGGAGGACAGACA,0,1
AGGAGGACAGAGA,1,1
AGGAGGACAGAGC,0,1
AGGAGGACAGGAA,0,1
AGGAGGACAGGAG,0,1
AGGAGGACAGGGG,0,1
AGGAGGACCAAAG,0,1
AGGAGGACGAGGA,2,2
AGGAGGACGCAGC,1,1
AGGAGGACGGAGG,0,1
AGGAGGACGGCAG,0,1
AGGAGGACGGCGG,0,2
AGGAGGACGGGCA,0,1
AGGAGGAGAAAAG,0,1
AGGAGGAGAAAGA,0,1
AGGAGGAGAGAGA,1,1
AGGAGGAGAGAGC,1,1
AGGAGGAGAGAGG,2,2
AGGAGGAGAGGCC,0,1
AGGAGGAGAGGGG,0,1
AGGAGGAGCAAAG,0,1
AGGAGGAGCAACA,0,1
AGGAGGAGCAAGG,0,1
AGGAGGAGCACGA,0,1
AGGAGGAGCAGCA,0,5
AGGAGGAGCCAAG,0,1
AGGAGGAGCGCAA,0,1
AGGAGGAGCGGAG,1,2
AGGAGGAGCGGGG,1,1
AGGAGGAGGAAAC,0,1
AGGAGGAGGAAGA,0,2
AGGAGGAGGAAGG,0,1
AGGAGGAGGACAC,0,1
AGGAGGAGGAGAA,0,1
AGGAGGAGGAGAG,0,3
AGGAGGAGGAGGA,0,11
AGGAGGAGGAGGC,1,1
AGGAGGAGGAGGG,0,1
AGGAGGAGGCAGA,0,1
AGGAGGAGGCAGC,0,1
AGGAGGAGGCCCA,0,1
AGGAGGAGGCCGC,0,1
AGGAGGAGGGAAG,1,1
AGGAGGAGGGACG,0,1
AGGAGGAGGGCCC,0,2
AGGAGGAGGGGAA,1,1
AGGAGGAGGGGAG,1,2
AGGAGGAGGGGCG,0,1
AGGAGGAGGGGGA,0,1
AGGAGGAGGGGGG,0,2
AGGAGGCAAACAG,0,1
AGGAGGCAAACCC,0,1
AGGAGGCAACAAA,0,1
AGGAGGCAAGGCC,0,1
AGGAGGCAAGGGG,0,2
AGGAGGCACAGGC,0,1
AGGAGGCACCAGG,0,1
AGGAGGCAGAAGG,0,6
AGGAGGCAGAGAA,0,1
AGGAGGCAGCCAA,0,1
AGGAGGCAGCCAG,0,1
AGGAGGCAGCGGG,0,1
AGGAGGCAGGGAC,1,1
AGGAGGCAGGGCG,0,1
AGGAGGCAGGGGC,0,14
AGGAGGCCAAGCA,0,1
AGGAGGCCAGACC,0,1
AGGAGGCCAGAGG,0,1
AGGAGGCCCACCC,0,1
AGGAGGCCCAGGC,0,1
AGGAGGCCCAGGG,0,1
AGGAGGCCCCCCA,0,1
AGGAGGCCCCGCG,0,1
AGGAGGCCCGAGC,0,1
AGGAGGCCGAGAC,0,1
AGGAGGCCGAGAG,0,1
AGGAGGCCGCAAC,0,1
AGGAGGCCGCAGA,0,1
AGGAGGCCGCCCC,0,1
AGGAGGCCGGCCA,0,1
AGGAGGCCGGCGC,0,1
AGGAGGCCGGGAC,1,1
AGGAGGCCGGGGC,3,3
AGGAGGCGACAAC,0,1
AGGAGGCGACCCA,0,1
AGGAGGCGAGAGG,0,1
AGGAGGCGCCAGA,0,1
AGGAGGCGCCGCC,0,1
AGGAGGCGCCGGC,0,1
AGGAGGCGGAGCC,0,1
AGGAGGCGGAGCG,0,1
AGGAGGCGGCCGA,0,1
AGGAGGCGGCGAG,0,1
AGGAGGCGGCGGA,0,2
AGGAGGCGGCGGC,0,1
AGGAGGCGGGAGC,0,2
AGGAGGGAAACAA,0,1
AGGAGGGAAGAAA,1,1
AGGAGGGAAGAGA,0,1
AGGAGGGAAGCAG,1,1
AGGAGGGAAGGGG,1,2
AGGAGGGACAGCG,0,1
AGGAGGGACCGAG,0,1
AGGAGGGACGGGA,0,2
AGGAGGGAGACAG,0,1
AGGAGGGAGAGAG,0,3
AGGAGGGAGAGGA,0,1
AGGAGGGAGAGGG,0,1
AGGAGGGAGCAGG,1,1
AGGAGGGAGCCAG,0,1
AGGAGGGAGGAGA,4,16
AGGAGGGAGGAGG,0,1
AGGAGGGAGGCCG,0,1
AGGAGGGAGGGAG,0,17
AGGAGGGAGGGCC,0,1
AGGAGGGAGGGGA,1,3
AGGAGGGAGGGGG,1,1
AGGAGGGCAAGCC,0,1
AGGAGGGCAGGCC,0,1
AGGAGGGCAGGGC,0,2
AGGAGGGCCACGG,0,1
AGGAGGGCCAGCC,0,1
AGGAGGGCCCAAA,0,1
AGGAGGGCCCAGG,0,1
AGGAGGGCCCGGG,1,1
AGGAGGGCGAGAG,0,1
AGGAGGGCGAGCC,0,1
AGGAGGGCGAGGA,0,1
AGGAGGGCGAGGG,0,1
AGGAGGGGAAACA,0,1
AGGAGGGGACAGC,0,2
AGGAGGGGACAGG,0,1
AGGAGGGGAGAAG,0,1
AGGAGGGGAGGCA,0,1
AGGAGGGGAGGGA,0,2
AGGAGGGGCAGGG,0,1
AGGAGGGGCCACA,0,1
AGGAGGGGCCCAA,0,2
AGGAGGGGCCCAG,0,1
AGGAGGGGCGCGC,1,1
AGGAGGGGGAAGC,0,1
AGGAGGGGGAGGG,0,1
AGGAGGGGGCCAA,0,1
AGGAGGGGGCCAG,0,1
AGGAGGGGGCGCA,0,1
AGGAGGGGGGGAG,1,2
AGGAGGGGGGGGG,0,1
AGGCAAAAAAACA,1,1
AGGCAAAAACCAC,0,1
AGGCAAAACAAAA,0,1
AGGCAAAACCACC,0,1
AGGCAAAACCGAA,0,2
AGGCAAAAGCAGC,0,1
AGGCAAAAGCAGG,0,1
AGGCAAAAGGCAA,0,1
AGGCAAACCCGAG,1,1
AGGCAAACCGGAA,0,1
AGGCAAACGACAG,0,1
AGGCAAAGAAGAA,0,1
AGGCAAAGAAGAG,0,1
AGGCAAAGCGCGC,0,1
AGGCAAAGGAAAG,0,1
AGGCAAAGGAAGG,0,1
AGGCAAAGGACAG,0,3
AGGCAAAGGAGCA,1,1
AGGCAAAGGCAAA,0,1
AGGCAAAGGCAGC,0,1
AGGCAAAGGGACG,18,40
AGGCAAAGGGAGG,0,1
AGGCAAAGGGGCA,0,1
AGGCAACAAAGGA,0,1
AGGCAACAACACA,0,1
AGGCAACACAGGC,0,1
AGGCAACACGCAA,1,1
AGGCAACACGGCC,0,2
AGGCAACAGAAGC,1,1
AGGCAACAGGGAG,0,1
AGGCAACCAAAAA,0,1
AGGCAACCAAGCA,0,1
AGGCAACCACAGC,1,1
AGGCAACCAGGGA,0,1
AGGCAACCGCGGC,0,1
AGGCAACCGGCGG,0,1
AGGCAAGAACACG,0,1
AGGCAAGAAGCAA,0,1
AGGCAAGACCACA,0,1
AGGCAAGAGAGGC,0,1
AGGCAAGAGGCCG,0,1
AGGCAAGAGGGCA,0,1
AGGCAAGCAACAA,0,1
AGGCAAGCACGGA,1,1
AGGCAAGCAGCAC,0,1
AGGCAAGCAGCGA,0,1
AGGCAAGCAGGAA,0,1
AGGCAAGCCAACC,0,1
AGGCAAGGACAGC,0,2
AGGCAAGGCACCC,0,1
AGGCAAGGCCAGG,0,1
AGGCAAGGGAAAG,0,1
AGGCAAGGGAAGG,0,1
AGGCAAGGGACAG,1,2
AGGCAAGGGAGAG,0,4
AGGCAAGGGGAAG,1,1
AGGCAAGGGGGAG,0,1
AGGCACAAAAGAA,0,1
AGGCACAAACAAA,0,1
AGGCACAAAGCGA,0,1
AGGCACAACCGGA,0,1
AGGCACAAGAACA,1,1
AGGCACAAGAGGA,1,1
AGGCACAAGCAGA,0,1
AGGCACACAGGAA,0,1
AGGCACACCAAAG,0,1
AGGCACACCCAGC,0,2
AGGCACACGCACA,0,2
AGGCACAGACAGC,1,1
AGGCACAGACAGG,54,64
AGGCACAGACCCC,0,1
AGGCACAGACGAC,0,1
AGGCACAGAGAGA,0,1
AGGCACAGAGCAG,0,1
AGGCACAGAGCGC,0,1
AGGCACAGCAAAC,0,1
AGGCACAGGAGGC,0,1
AGGCACAGGCAAG,0,1
AGGCACAGGCACC,0,1
AGGCACAGGCAGG,0,1
AGGCACAGGGAGG,0,1
AGGCACAGGGCAG,1,1
AGGCACCAAAAAA,1,1
AGGCACCAAAAAG,2,2
AGGCACCAAACGG,0,1
AGGCACCACAGAG,0,1
AGGCACCAGCAGC,0,1
AGGCACCAGCCAC,0,1
AGGCACCAGCCAG,1,2
AGGCACCAGCCCA,0,1
AGGCACCAGGAAC,0,1
AGGCACCAGGCAG,0,2
AGGCACCCAAGGC,0,1
AGGCACCCAGGAC,1,1
AGGCACCCAGGCA,0,1
AGGCACCGAAAGA,0,1
AGGCACCGAAGGG,0,1
AGGCACCGCAGCA,3,8
AGGCACCGCAGGC,0,1
AGGCACCGCCGAG,0,5
AGGCACCGGAGGG,0,6
AGGCACGAAACAG,0,3
AGGCACGAGGCGG,1,7
AGGCACGCCCCCC,0,6
AGGCACGCGGCCC,0,6
AGGCACGCGGCGG,0,1
AGGCACGGAAAAG,0,1
AGGCACGGGAGGA,1,1
AGGCACGGGAGGC,0,2
AGGCAGAAAAACC,0,4
AGGCAGAAAAAGG,0,1
AGGCAGAAAAGCG,1,1
AGGCAGAAACAGG,0,1
AGGCAGAAACCAG,0,1
AGGCAGAAAGAAC,0,5
AGGCAGAAAGAAG,0,1
AGGCAGAAAGACC,0,4
AGGCAGAAAGGGA,0,1
AGGCAGAAGAGCA,0,1
AGGCAGAAGCAGG,1,2
AGGCAGAAGGGGA,0,7
AGGCAGACAGAAC,0,1
AGGCAGACAGGAC,0,1
AGGCAGACCCAAC,0,1
AGGCAGACCCGGC,0,3
AGGCAGACGAGAG,0,1
AGGCAGACGAGGG,0,1
AGGCAGACGGACC,0,1
AGGCAGAGAACAG,0,1
AGGCAGAGAAGAC,0,1
AGGCAGAGAAGCC,0,2
AGGCAGAGAAGGG,0,1
AGGCAGAGACAAA,0,1
AGGCAGAGACAGG,1,3
AGGCAGAGAGAAG,0,1
AGGCAGAGAGAGA,0,1
AGGCAGAGAGGCA,0,1
AGGCAGAGCACGA,0,1
AGGCAGAGCAGGA,0,1
AGGCAGAGCAGGC,0,1
AGGCAGAGCCCAG,0,1
AGGCAGAGGAGGA,1,1
AGGCAGAGGCAAG,1,1
AGGCAGAGGCAGG,1,1
AGGCAGCAAAGAA,0,1
AGGCAGCAAAGCG,0,1
AGGCAGCAAGAAA,0,2
AGGCAGCAAGAGA,1,1
AGGCAGCAAGCAC,0,1
AGGCAGCAAGGGG,0,1
AGGCAGCACACCA,0,1
AGGCAGCACAGAG,0,1
AGGCAGCACGGCC,0,1
AGGCAGCAGAACG,0,1
AGGCAGCAGAGCG,0,1
AGGCAGCAGAGGG,0,1
AGGCAGCAGGAAA,1,1
AGGCAGCAGGAGA,0,1
AGGCAGCAGGAGC,0,1
AGGCAGCAGGAGG,1,1
AGGCAGCAGGGAG,0,1
AGGCAGCCAAGGA,0,2
AGGCAGCCACCCC,0,1
AGGCAGCCAGACC,0,1
AGGCAGCCCCACA,0,1
AGGCAGCCCCAGA,0,1
AGGCAGCCCCAGC,0,1
AGGCAGCCCCCAG,0,1
AGGCAGCCCCGAG,0,1
AGGCAGCCGGCAC,0,1
AGGCAGCGAAAGC,2,3
AGGCAGCGAAGGC,0,2
AGGCAGCGACAGA,0,1
AGGCAGCGAGCGC,0,1
AGGCAGCGCAGGC,0,1
AGGCAGCGCGACC,0,1
AGGCAGCGCGCGC,0,1
AGGCAGCGCGGGG,1,1
AGGCAGCGGAGGA,0,1
AGGCAGCGGCGGG,0,1
AGGCAGCGGGCCA,0,1
AGGCAGGAACAGC,0,1
AGGCAGGAAGAGG,1,1
AGGCAGGAAGCAG,0,1
AGGCAGGACCCGC,0,1
AGGCAGGACCGAC,2,4
AGGCAGGACCGGC,0,3
AGGCAGGAGAAAG,1,3
AGGCAGGAGAGCA,0,1
AGGCAGGAGAGCC,1,3
AGGCAGGAGCCCA,0,1
AGGCAGGAGCCGG,1,1
AGGCAGGAGGAGA,1,1
AGGCAGGAGGAGG,0,1
AGGCAGGAGGCAG,0,1
AGGCAGGAGGCCA,0,1
AGGCAGGCAGAAC,0,1
AGGCAGGCAGGAC,0,1
AGGCAGGCAGGCA,0,1
AGGCAGGCCAGGG,0,5
AGGCAGGCCCAGC,0,1
AGGCAGGCCGAAC,0,1
AGGCAGGCGAAGC,0,1
AGGCAGGCGCACC,0,1
AGGCAGGCGCAGC,0,1
AGGCAGGCGCGCG,0,1
AGGCAGGGACAAC,0,2
AGGCAGGGACAGC,0,24
AGGCAGGGAGAGC,0,1
AGGCAGGGAGCCC,0,1
AGGCAGGGAGGGA,0,2
AGGCAGGGAGGGG,1,1
AGGCAGGGCACGA,0,1
AGGCAGGGCAGCC,0,1
AGGCAGGGCCAGC,0,1
AGGCAGGGCCCAG,1,1
AGGCAGGGCCCCC,4,4
AGGCAGGGGAACG,0,1
AGGCAGGGGACAC,0,1
AGGCAGGGGAGAG,0,1
AGGCAGGGGCGGC,0,1
AGGCAGGGGGAGC,1,1
AGGCCAAAAAACC,0,1
AGGCCAAAACAAC,0,2
AGGCCAAAAGAGA,0,1
AGGCCAAACCGAA,0,1
AGGCCAAACGGGC,0,2
AGGCCAAAGCAGA,0,1
AGGCCAAAGCGGC,0,1
AGGCCAAAGGAAG,1,1
AGGCCAACAAGAA,0,1
AGGCCAACACCCA,0,1
AGGCCAACCAGGC,2,6
AGGCCAACCCCAA,0,1
AGGCCAACCGAGA,1,1
AGGCCAAGAAGAC,0,1
AGGCCAAGACCGA,0,1
AGGCCAAGCAGGC,0,1
AGGCCAAGGCCCA,0,1
AGGCCAAGGCGGG,0,1
AGGCCAAGGGGAG,0,1
AGGCCACAAACAA,0,1
AGGCCACAAAGGG,0,1
AGGCCACAAGCCA,0,1
AGGCCACAAGGAC,0,1
AGGCCACACAAGA,0,1
AGGCCACACCCCC,0,1
AGGCCACACCGGG,0,1
AGGCCACAGAGAA,0,1
AGGCCACAGCAAA,0,1
AGGCCACAGCCAA,0,2
AGGCCACAGCCAC,1,1
AGGCCACAGCCGA,0,2
AGGCCACAGCGAA,0,1
AGGCCACAGGCCC,0,1
AGGCCACCAACAA,0,1
AGGCCACCAACCA,0,1
AGGCCACCAGAGC,2,3
AGGCCACCAGAGG,0,1
AGGCCACCAGCAC,0,1
AGGCCACCCACAC,0,1
AGGCCACGCACGG,0,1
AGGCCACGCCGCA,0,1
AGGCCACGCGCCC,0,4
AGGCCACGGAGGG,0,2
AGGCCAGAACAAC,0,1
AGGCCAGAACACA,0,1
AGGCCAGAAGACA,1,1
AGGCCAGAAGGCC,0,1
AGGCCAGAAGGGG,0,1
AGGCCAGACAGCA,1,1
AGGCCAGACCCAC,0,14
AGGCCAGACCCGG,0,1
AGGCCAGAGACAA,0,1
AGGCCAGAGCCCG,0,2
AGGCCAGCACGGG,0,1
AGGCCAGCAGCCA,0,1
AGGCCAGCAGGAG,0,1
AGGCCAGCCAGCA,0,1
AGGCCAGCCCCAA,0,1
AGGCCAGCCCCGC,0,1
AGGCCAGCCGGCC,0,1
AGGCCAGCGCCGC,0,2
AGGCCAGGAAACA,0,1
AGGCCAGGAAGAG,0,9
AGGCCAGGAAGGG,1,1
AGGCCAGGACAGC,1,1
AGGCCAGGACCCG,0,1
AGGCCAGGAGGCA,0,2
AGGCCAGGCACAG,1,2
AGGCCAGGCGGCA,0,1
AGGCCAGGGAAAC,0,1
AGGCCAGGGAAGC,0,1
AGGCCAGGGAAGG,0,1
AGGCCAGGGAGCA,0,1
AGGCCAGGGCACG,1,2
AGGCCAGGGCAGG,0,1
AGGCCAGGGGAAC,0,1
AGGCCAGGGGCAG,0,4
AGGCCAGGGGGGG,0,1
AGGCCCAAAGAAA,0,1
AGGCCCAAAGGAC,0,1
AGGCCCAACCGCG,0,1
AGGCCCAAGAGAG,0,1
AGGCCCAAGCCCA,0,2
AGGCCCACACGAC,0,1
AGGCCCACACGGC,0,1
AGGCCCACCCGGC,0,1
AGGCCCACGGCGG,0,1
AGGCCCAGAACCC,0,1
AGGCCCAGAGCAC,1,2
AGGCCCAGAGGAG,0,1
AGGCCCAGAGGGA,1,1
AGGCCCAGCACCC,0,1
AGGCCCAGCCAAA,0,1
AGGCCCAGCCCCC,0,1
AGGCCCAGCCCCG,0,1
AGGCCCAGCGAAA,0,1
AGGCCCAGCGAGC,0,1
AGGCCCAGGAGCG,1,1
AGGCCCAGGCAGG,0,1
AGGCCCAGGCCGC,0,1
AGGCCCAGGGAGG,0,1
AGGCCCAGGGCCG,0,1
AGGCCCCAAAAAA,0,1
AGGCCCCACCAGG,0,1
AGGCCCCACCGGA,0,1
AGGCCCCACGGAG,0,1
AGGCCCCACGGCG,0,1
AGGCCCCAGAGCC,0,1
AGGCCCCAGGAGA,0,1
AGGCCCCAGGCGG,0,1
AGGCCCCCCAGGG,0,1
AGGCCCCCGCCAC,0,1
AGGCCCCGAAACA,0,1
AGGCCCCGAAGAG,0,1
AGGCCCCGCAGCA,0,1
AGGCCCCGCGCGC,0,1
AGGCCCCGGGCCC,0,1
AGGCCCGAAAAGA,0,1
AGGCCCGAAAGAG,0,1
AGGCCCGACCCGA,0,1
AGGCCCGAGCCGC,0,4
AGGCCCGAGCGCA,0,1
AGGCCCGAGGGGC,0,1
AGGCCCGCAACAC,0,1
AGGCCCGGAGGAC,1,1
AGGCCCGGCACCC,0,1
AGGCCCGGCAGCC,0,2
AGGCCCGGCCCAA,0,1
AGGCCCGGCCCGC,0,2
AGGCCCGGCCCGG,0,1
AGGCCCGGCGGAG,1,1
AGGCCCGGGAAGC,0,1
AGGCCCGGGCCGC,0,1
AGGCCCGGGCCGG,0,2
AGGCCGAAAGAGC,0,1
AGGCCGAACCAGA,0,1
AGGCCGAACCCCC,0,1
AGGCCGAACGGAA,0,1
AGGCCGACAAAAA,0,2
AGGCCGACAACAA,0,2
AGGCCGACAAGCA,0,2
AGGCCGACGACAA,0,2
AGGCCGACGACCG,0,1
AGGCCGACGAGCA,0,19
AGGCCGACGGCAA,0,1
AGGCCGACGGGCA,0,1
AGGCCGAGAAACG,0,1
AGGCCGAGACACC,0,1
AGGCCGAGCAACA,0,1
AGGCCGAGCAGCG,0,1
AGGCCGAGCCCGG,0,1
AGGCCGAGGCCCC,3,3
AGGCCGCAAAGGC,0,1
AGGCCGCAGAGCC,0,1
AGGCCGCAGAGGC,0,1
AGGCCGCAGGCCA,0,1
AGGCCGCAGGGAA,0,1
AGGCCGCCCCGGC,0,1
AGGCCGCCGGGAG,0,1
AGGCCGCGAACCA,0,1
AGGCCGCGCAGCC,0,1
AGGCCGCGCAGGC,0,1
AGGCCGCGCCCCG,0,1
AGGCCGCGCGCGC,0,1
AGGCCGCGGAGCC,0,1
AGGCCGCGGAGGG,0,1
AGGCCGCGGCCAG,0,1
AGGCCGCGGCGCG,0,1
AGGCCGGACAGAA,0,1
AGGCCGGACGGCA,0,1
AGGCCGGCACCGC,0,1
AGGCCGGCAGGAA,0,1
AGGCCGGCCAGGC,0,1
AGGCCGGCCCGGC,0,1
AGGCCGGCGCACA,0,1
AGGCCGGCGCCCA,0,1
AGGCCGGCGCCCG,0,1
AGGCCGGCGCCGG,0,1
AGGCCGGCGGAAA,10,10
AGGCCGGCGGCCA,0,1
AGGCCGGCGGGGC,1,1
AGGCCGGGAAGGG,0,1
AGGCCGGGACCAC,0,1
AGGCCGGGAGAGA,0,1
AGGCCGGGCGCCG,0,1
AGGCCGGGCGGGG,0,1
AGGCCGGGGAAGG,0,1
AGGCCGGGGCAGC,0,1
AGGCCGGGGCCGC,3,3
AGGCGAAAGAGCA,0,1
AGGCGAAGAAAAG,0,1
AGGCGAAGCAGGG,0,1
AGGCGAAGCCGGC,0,1
AGGCGAAGCGCGA,0,1
AGGCGAAGGCAGG,0,1
AGGCGAAGGCCAA,0,1
AGGCGAAGGCGAA,0,1
AGGCGAAGGGGAC,0,1
AGGCGACACGACC,0,1
AGGCGACAGAAGA,0,3
AGGCGACAGCAGA,0,1
AGGCGACCCACAC,0,1
AGGCGACCCGAGC,0,1
AGGCGACCGCAGC,2,4
AGGCGACCGGCGG,0,1
AGGCGACGACAGC,0,1
AGGCGACGAGAAC,1,1
AGGCGAGAAACCC,0,1
AGGCGAGAAAGCA,0,1
AGGCGAGAAGAAA,0,1
AGGCGAGAAGAGC,0,2
AGGCGAGAAGAGG,0,1
AGGCGAGAGAGCA,0,1
AGGCGAGAGGGAC,0,1
AGGCGAGCCCGGG,0,1
AGGCGAGCCGGGG,0,1
AGGCGAGGAGAAC,1,1
AGGCGAGGCAACA,0,1
AGGCGAGGCCGCA,0,1
AGGCGAGGCGCGC,0,1
AGGCGAGGGACCA,0,1
AGGCGAGGGACGC,0,1
AGGCGCAAAACGA,0,1
AGGCGCAAAGGCA,0,1
AGGCGCACCCCAG,0,1
AGGCGCACCCGAC,1,1
AGGCGCAGACGGG,0,1
AGGCGCAGAGGAA,1,1
AGGCGCAGCACCA,0,4
AGGCGCAGCAGCA,0,2
AGGCGCAGCGCAC,0,1
AGGCGCAGGGCAG,0,6
AGGCGCAGGGCCA,0,1
AGGCGCCAAGGGC,0,1
AGGCGCCAGAGAA,0,1
AGGCGCCAGCGCG,0,1
AGGCGCCAGGAAG,0,1
AGGCGCCCACACA,0,1
AGGCGCCCAGGAC,0,1
AGGCGCCCGGGGG,0,2
AGGCGCCGCCGGA,0,1
AGGCGCCGCGGAA,0,1
AGGCGCCGGCACC,0,1
AGGCGCGACCCCC,1,1
AGGCGCGCCGGCC,0,1
AGGCGCGCCGGCG,0,1
AGGCGCGCGAGGC,0,1
AGGCGCGGAGGCA,0,1
AGGCGCGGGAAGG,0,1
AGGCGCGGGCAGG,0,2
AGGCGCGGGGGGC,0,1
AGGCGCGGGGGGG,0,1
AGGCGGAAAGAGG,0,1
AGGCGGACAGAGG,0,1
AGGCGGACGGGCC,0,1
AGGCGGAGAACCA,1,1
AGGCGGAGAAGCA,0,1
AGGCGGAGAAGGA,0,1
AGGCGGAGACACG,1,1
AGGCGGAGACGGG,0,3
AGGCGGAGCACAG,0,1
AGGCGGAGCAGCG,0,1
AGGCGGAGCGGAG,0,1
AGGCGGAGCGGCG,1,2
AGGCGGAGCGGGG,0,3
AGGCGGAGGAAGC,0,2
AGGCGGAGGGGAA,0,5
AGGCGGCACGCAC,0,1
AGGCGGCAGCAAG,0,1
AGGCGGCAGCGCC,0,1
AGGCGGCAGGAGG,0,1
AGGCGGCCAGACC,0,1
AGGCGGCCCCGAC,0,1
AGGCGGCCCGCGC,1,1
AGGCGGCCGAGGC,0,2
AGGCGGCCGCCCG,0,1
AGGCGGCCGCCGC,0,1
AGGCGGCGAAAAG,0,1
AGGCGGCGAAACC,0,1
AGGCGGCGAGAAC,0,1
AGGCGGCGCCCGC,0,1
AGGCGGCGCCGCC,0,1
AGGCGGCGCGGAA,0,1
AGGCGGCGGAGGA,0,1
AGGCGGCGGCAAC,0,1
AGGCGGCGGCAGG,0,1
AGGCGGCGGCCCC,0,1
AGGCGGCGGCGAA,0,1
AGGCGGCGGCGCC,0,1
AGGCGGCGGCGGC,1,8
AGGCGGCGGGGCC,0,1
AGGCGGGAAACAG,0,1
AGGCGGGACCGAG,0,1
AGGCGGGAGAAGC,3,3
AGGCGGGAGAGGG,1,1
AGGCGGGCCGGGG,1,1
AGGCGGGCGAGCG,0,1
AGGCGGGCGGCCG,0,1
AGGCGGGGAAGAG,0,1
AGGCGGGGACAGG,0,1
AGGCGGGGCAGCC,0,1
AGGCGGGGCCAGG,1,1
AGGCGGGGCGCCG,2,2
AGGCGGGGCGGCG,0,1
AGGCGGGGGCAGC,0,1
AGGCGGGGGGGGG,0,1
AGGGAAAAAAAAA,1,1
AGGGAAAAAAAAG,0,2
AGGGAAAAAACCC,0,1
AGGGAAAAACCAG,0,1
AGGGAAAAACGAG,0,1
AGGGAAAAACGCC,0,2
AGGGAAAAAGAAA,0,1
AGGGAAAAAGGAC,0,1
AGGGAAAAAGGCG,2,12
AGGGAAAACAAAA,0,2
AGGGAAAACAGAG,0,1
AGGGAAAACAGGG,0,2
AGGGAAAAGAGGG,0,1
AGGGAAAAGCACA,0,1
AGGGAAAAGCCGC,2,2
AGGGAAAAGCGGG,0,1
AGGGAAAAGGAAG,0,1
AGGGAAACCAAGC,0,1
AGGGAAACCAGGC,0,1
AGGGAAACCGAGA,0,1
AGGGAAAGAAAAA,0,1
AGGGAAAGAAAAC,0,1
AGGGAAAGAAAAG,1,1
AGGGAAAGAAAGG,0,1
AGGGAAAGAAGAA,0,1
AGGGAAAGACAGG,0,1
AGGGAAAGAGAAG,0,1
AGGGAAAGCACAG,0,1
AGGGAAAGCAGGA,0,1
AGGGAAAGCAGGC,0,1
AGGGAAAGCGAGG,0,1
AGGGAAAGCGGCG,0,2
AGGGAAAGGAACA,0,1
AGGGAAAGGACGA,0,1
AGGGAAAGGACGG,0,1
AGGGAAAGGAGGG,0,1
AGGGAAAGGCAAA,1,1
AGGGAAAGGCCAG,0,4
AGGGAAAGGGAAC,0,2
AGGGAAAGGGAGA,0,5
AGGGAAAGGGGAC,0,1
AGGGAACAAACCC,0,2
AGGGAACAACAAA,0,1
AGGGAACAAGCAG,2,3
AGGGAACACACGG,0,2
AGGGAACAGAACA,0,1
AGGGAACAGAGAG,0,1
AGGGAACAGCCGC,1,1
AGGGAACAGCGGC,0,1
AGGGAACCACGGC,1,1
AGGGAACCAGCAC,0,1
AGGGAACCCAGAA,0,2
AGGGAACCCAGCC,0,1
AGGGAACCCGACC,0,1
AGGGAACGACGCA,0,1
AGGGAACGAGGAC,0,1
AGGGAACGAGGGC,0,1
AGGGAACGGAAAC,0,1
AGGGAAGAAAACG,0,1
AGGGAAGAAAAGC,0,1
AGGGAAGAAAGAA,0,1
AGGGAAGAAAGAG,0,2
AGGGAAGAAAGGC,1,1
AGGGAAGAACGCG,1,1
AGGGAAGAAGAGG,0,1
AGGGAAGAAGGAA,1,1
AGGGAAGACACAG,0,1
AGGGAAGACACCG,0,1
AGGGAAGACAGAG,0,1
AGGGAAGACCAAG,0,1
AGGGAAGAGAAAA,0,1
AGGGAAGAGAAGG,7,8
AGGGAAGAGCAAC,0,1
AGGGAAGAGGAAG,0,2
AGGGAAGAGGAGG,0,1
AGGGAAGAGGCAG,2,3
AGGGAAGAGGGAA,1,1
AGGGAAGCACAGG,0,1
AGGGAAGCAGAGC,1,1
AGGGAAGCAGCAG,0,1
AGGGAAGCCAGCG,0,1
AGGGAAGCCCACA,0,3
AGGGAAGCCCACG,0,1
AGGGAAGCCCAGG,0,1
AGGGAAGCCCCAG,1,1
AGGGAAGCGAAAG,0,1
AGGGAAGCGAACA,0,1
AGGGAAGCGGAGC,0,1
AGGGAAGCGGGAA,0,1
AGGGAAGCGGGCA,0,2
AGGGAAGGAGGAC,0,1
AGGGAAGGAGGGA,0,1
AGGGAAGGCACCG,0,1
AGGGAAGGCAGGA,1,1
AGGGAAGGCCACG,0,1
AGGGAAGGCCCCA,0,1
AGGGAAGGCGACC,0,1
AGGGAAGGGAAAA,0,1
AGGGAAGGGAGAC,0,1
AGGGAAGGGGAAG,0,2
AGGGAAGGGGACG,1,1
AGGGAAGGGGAGA,0,1
AGGGAAGGGGCGA,0,1
AGGGAAGGGGGGG,0,2
AGGGACAAAACAG,0,1
AGGGACAAAAGAC,0,1
AGGGACAAAGCAG,0,1
AGGGACAACAAAC,0,1
AGGGACAACAAAG,2,2
AGGGACAACAACA,0,1
AGGGACAACGGAG,1,1
AGGGACAAGAAGA,0,1
AGGGACAAGGAGA,0,6
AGGGACACAGAAG,0,1
AGGGACACAGAGA,0,1
AGGGACACAGCAC,0,2
AGGGACAGAACCA,1,1
AGGGACAGAGACC,0,1
AGGGACAGAGAGA,0,1
AGGGACAGAGAGC,0,1
AGGGACAGAGCAC,1,1
AGGGACAGAGCCA,0,1
AGGGACAGAGCGC,0,1
AGGGACAGAGGCA,0,1
AGGGACAGCAAAG,7,39
AGGGACAGCACCC,0,1
AGGGACAGCAGAG,1,1
AGGGACAGCCAAC,0,1
AGGGACAGCGACG,0,1
AGGGACAGCGGCC,0,1
AGGGACAGGAACC,0,1
AGGGACAGGACAA,0,2
AGGGACAGGACAG,0,2
AGGGACAGGAGAG,1,1
AGGGACAGGAGCC,0,1
AGGGACAGGGAGC,0,1
AGGGACAGGGAGG,1,1
AGGGACCAAAAAC,0,1
AGGGACCAAAACA,0,4
AGGGACCAAAACC,0,1
AGGGACCAAAACG,0,22
AGGGACCAAAAGA,3,3
AGGGACCAAACCG,0,3
AGGGACCAAGGCC,0,1
AGGGACCACCCCC,0,1
AGGGACCAGAAGC,0,1
AGGGACCAGAGGA,0,1
AGGGACCAGGGCA,0,1
AGGGACCCAACAA,0,1
AGGGACCCAAGAG,0,1
AGGGACCCAAGCA,0,1
AGGGACCCACGGG,0,1
AGGGACCCAGAAG,0,1
AGGGACCCAGGAC,1,1
AGGGACCCAGGAG,0,1
AGGGACCCCAGCG,1,1
AGGGACCCCCAGC,0,1
AGGGACCCCCGGA,0,1
AGGGACCCCCGGG,0,1
AGGGACCCCGAGG,2,3
AGGGACCCGGAAG,0,1
AGGGACCGAACCA,1,1
AGGGACCGAGAAC,0,1
AGGGACCGAGGGC,0,1
AGGGACCGCGCGG,0,1
AGGGACCGGAGAG,1,1
AGGGACCGGGAGC,0,1
AGGGACGAAACAG,0,4
AGGGACGAAACCC,0,1
AGGGACGACAAAC,0,1
AGGGACGACGAGC,0,1
AGGGACGAGAGCC,0,1
AGGGACGAGCACG,0,1
AGGGACGAGGAGC,0,1
AGGGACGAGGAGG,1,1
AGGGACGAGGCAG,2,5
AGGGACGCCCGGC,0,1
AGGGACGCGCGGC,0,1
AGGGACGGAGCAG,0,1
AGGGACGGAGGGA,1,2
AGGGACGGGAAGC,0,1
AGGGACGGGACGC,7,17
AGGGACGGGCAGA,0,1
AGGGACGGGCGGC,0,1
AGGGACGGGGAGG,0,1
AGGGACGGGGCGA,1,1
AGGGACGGGGGCG,2,3
AGGGAGAAAAAAA,0,1
AGGGAGAAACGGG,0,1
AGGGAGAAAGAGC,0,1
AGGGAGAAAGAGG,0,1
AGGGAGAAGAAGA,0,1
AGGGAGAAGACCC,1,1
AGGGAGAAGAGAG,0,1
AGGGAGAAGAGGG,0,1
AGGGAGAAGCAGA,1,2
AGGGAGAAGCCAA,0,1
AGGGAGAAGGAGA,0,1
AGGGAGAAGGCAG,0,1
AGGGAGAAGGGAG,0,1
AGGGAGAAGGGCG,1,1
AGGGAGACAAAAA,0,1
AGGGAGACAAAAC,0,2
AGGGAGACAAGCA,0,2
AGGGAGACACAGA,0,1
AGGGAGACAGCAG,0,1
AGGGAGACAGCCA,0,1
AGGGAGACAGGAA,1,1
AGGGAGACGCACC,0,1
AGGGAGAGAAAAA,0,2
AGGGAGAGAAAGA,1,4
AGGGAGAGAACAG,1,1
AGGGAGAGACAAG,0,1
AGGGAGAGACGGA,1,1
AGGGAGAGAGACG,0,2
AGGGAGAGAGAGA,0,2
AGGGAGAGAGCGA,0,1
AGGGAGAGAGGAG,0,2
AGGGAGAGAGGGA,0,1
AGGGAGAGAGGGG,0,1
AGGGAGAGCAGAG,0,2
AGGGAGAGCAGGG,1,3
AGGGAGAGCCCCA,1,1
AGGGAGAGCCCCC,0,1
AGGGAGAGGCACC,0,1
AGGGAGAGGGAGA,0,2
AGGGAGAGGGCAA,0,1
AGGGAGAGGGGAG,0,2
AGGGAGAGGGGGC,1,1
AGGGAGCAAAACG,0,1
AGGGAGCAAAAGA,1,1
AGGGAGCAAACAA,0,1
AGGGAGCAAGCAG,1,1
AGGGAGCAAGGGG,0,1
AGGGAGCACAACC,0,2
AGGGAGCACAGGC,0,1
AGGGAGCACCAGC,0,1
AGGGAGCACCCCA,0,1
AGGGAGCACCGAG,0,1
AGGGAGCAGAAGC,0,1
AGGGAGCAGACCA,1,1
AGGGAGCAGCAGA,1,1
AGGGAGCAGCCAA,0,1
AGGGAGCAGCCAC,0,1
AGGGAGCAGGAAG,1,1
AGGGAGCAGGAGC,0,1
AGGGAGCAGGCGG,0,1
AGGGAGCCAAGCA,0,1
AGGGAGCCAAGCC,0,1
AGGGAGCCAGACA,0,2
AGGGAGCCAGAGC,0,1
AGGGAGCCAGGCA,1,1
AGGGAGCCAGGGA,0,1
AGGGAGCCCACGG,0,1
AGGGAGCCCAGAA,0,1
AGGGAGCCCAGAG,0,1
AGGGAGCCCAGGC,0,1
AGGGAGCCGACAA,0,1
AGGGAGCCGACAG,0,1
AGGGAGCCGCCAA,0,1
AGGGAGCCGGGCC,0,1
AGGGAGCGACGGC,0,1
AGGGAGCGAGCGA,1,1
AGGGAGCGCAGCA,1,1
AGGGAGCGCAGGG,2,11
AGGGAGCGCCCCG,0,2
AGGGAGCGCGGGC,0,1
AGGGAGCGGGAAA,0,1
AGGGAGCGGGCGG,0,1
AGGGAGGAAAAAA,1,1
AGGGAGGAAAAGG,0,1
AGGGAGGAAACAG,0,2
AGGGAGGAAAGCC,0,2
AGGGAGGAACAAA,0,1
AGGGAGGAAGAGA,0,1
AGGGAGGAAGGAA,0,1
AGGGAGGAAGGGA,1,1
AGGGAGGAAGGGG,0,1
AGGGAGGACACAG,0,1
AGGGAGGAGAGGA,0,5
AGGGAGGAGAGGC,0,1
AGGGAGGAGAGGG,1,3
AGGGAGGAGCAAC,0,1
AGGGAGGAGCAGC,1,1
AGGGAGGAGCAGG,0,1
AGGGAGGAGCGGC,0,3
AGGGAGGAGGAGA,0,1
AGGGAGGAGGAGC,1,1
AGGGAGGAGGAGG,1,2
AGGGAGGAGGCAG,0,1
AGGGAGGAGGCCA,0,5
AGGGAGGAGGGAC,0,1
AGGGAGGAGGGAG,0,1
AGGGAGGCAAAAC,0,1
AGGGAGGCACAGA,0,1
AGGGAGGCAGAAG,0,2
AGGGAGGCAGAGA,0,1
AGGGAGGCAGCAG,0,1
AGGGAGGCAGGGA,1,1
AGGGAGGCCAAGA,0,1
AGGGAGGCCCACG,0,4
AGGGAGGGAACAC,0,1
AGGGAGGGAACGG,0,1
AGGGAGGGAAGCC,0,1
AGGGAGGGAAGCG,0,1
AGGGAGGGAAGGG,0,1
AGGGAGGGACAGA,0,1
AGGGAGGGACCGG,0,1
AGGGAGGGACGAG,0,1
AGGGAGGGACGGG,7,18
AGGGAGGGAGAGA,0,1
AGGGAGGGAGCAG,0,1
AGGGAGGGAGGAG,0,1
AGGGAGGGAGGCG,1,1
AGGGAGGGAGGGA,0,18
AGGGAGGGAGGGG,0,1
AGGGAGGGCAACG,0,1
AGGGAGGGCAGAG,0,1
AGGGAGGGCAGCC,0,1
AGGGAGGGCAGCG,0,1
AGGGAGGGCAGGC,0,3
AGGGAGGGCAGGG,1,2
AGGGAGGGCCAGC,0,1
AGGGAGGGCCAGG,0,1
AGGGAGGGCGGCA,0,1
AGGGAGGGCGGGC,0,1
AGGGAGGGGAAAG,1,4
AGGGAGGGGAGAG,0,1
AGGGAGGGGAGCG,1,1
AGGGAGGGGAGGG,0,1
AGGGAGGGGCCGA,0,1
AGGGAGGGGGAGC,0,1
AGGGAGGGGGAGG,0,1
AGGGAGGGGGCGG,0,1
AGGGAGGGGGGGG,1,1
AGGGCAAAAAGAA,0,1
AGGGCAAAAAGGA,0,6
AGGGCAAAACAGG,0,1
AGGGCAAAAGCAC,0,1
AGGGCAAAAGGAA,0,5
AGGGCAAACAAAA,0,1
AGGGCAAACCAGG,0,1
AGGGCAAACCCGA,1,3
AGGGCAAAGAAGA,0,1
AGGGCAAAGAGGC,0,1
AGGGCAACAAGCG,0,1
AGGGCAACCCCCC,0,1
AGGGCAACGAACA,0,1
AGGGCAACGCGCG,0,1
AGGGCAACGGGCA,0,1
AGGGCAAGAGAAA,0,1
AGGGCAAGAGGAG,0,1
AGGGCAAGCAGAA,0,1
AGGGCAAGCAGGC,0,1
AGGGCAAGCAGGG,0,1
AGGGCAAGCCACA,0,1
AGGGCAAGCCGCC,0,1
AGGGCAAGCGAAA,0,1
AGGGCAAGGAGAG,0,1
AGGGCACACCGGG,0,1
AGGGCACAGACCA,0,1
AGGGCACAGACGA,0,1
AGGGCACAGGCAA,0,1
AGGGCACCACCGC,0,1
AGGGCACCCAGAA,0,1
AGGGCACCGCGGC,0,1
AGGGCACGACGGG,0,2
AGGGCACGCAGGG,0,1
AGGGCACGCCCGG,0,1
AGGGCACGCGGCG,0,1
AGGGCACGGACAA,0,1
AGGGCACGGCAGG,0,3
AGGGCAGAAAGCC,0,1
AGGGCAGAACAGG,0,1
AGGGCAGAAGCCG,0,1
AGGGCAGAAGGGA,0,1
AGGGCAGACCGCG,0,1
AGGGCAGAGAAGC,0,1
AGGGCAGAGCACG,0,1
AGGGCAGAGCAGG,1,1
AGGGCAGAGCCAG,1,1
AGGGCAGAGGAGA,0,1
AGGGCAGAGGGAG,0,2
AGGGCAGAGGGCA,1,1
AGGGCAGCAAGGG,0,1
AGGGCAGCAGGAG,0,2
AGGGCAGCCAAGC,0,1
AGGGCAGCCAGCA,0,1
AGGGCAGCCAGGA,0,1
AGGGCAGCCCAGC,0,1
AGGGCAGCCCCCC,0,1
AGGGCAGCCCGAC,0,1
AGGGCAGCCGGGC,0,1
AGGGCAGCGCAGA,0,1
AGGGCAGCGCCCC,0,1
AGGGCAGCGGCAG,0,1
AGGGCAGGAAAAA,1,1
AGGGCAGGAAAGC,0,1
AGGGCAGGAAGAA,1,2
AGGGCAGGAGAAC,0,1
AGGGCAGGAGGAC,0,1
AGGGCAGGAGGCC,1,1
AGGGCAGGAGGGA,0,1
AGGGCAGGCAGCA,0,1
AGGGCAGGCCCAG,0,2
AGGGCAGGCCGGG,0,1
AGGGCAGGGAAGG,1,1
AGGGCAGGGACAG,0,8
AGGGCAGGGAGGA,0,1
AGGGCAGGGAGGG,0,1
AGGGCAGGGCAAG,1,1
AGGGCAGGGCACC,0,1
AGGGCAGGGCAGC,0,1
AGGGCAGGGCAGG,0,3
AGGGCAGGGCCGG,0,1
AGGGCAGGGGAGG,1,1
AGGGCAGGGGCAG,0,1
AGGGCAGGGGGAG,0,1
AGGGCCAAAGGGC,0,1
AGGGCCAACAGAG,0,1
AGGGCCAAGCAAA,0,1
AGGGCCAAGGAGC,1,2
AGGGCCAAGGCCC,0,1
AGGGCCACAACCA,0,3
AGGGCCACAAGCG,0,1
AGGGCCACACCAA,0,1
AGGGCCACACCAC,0,1
AGGGCCACCAGAG,0,1
AGGGCCACCAGGG,1,1
AGGGCCACCCAGG,0,1
AGGGCCACCGACG,0,1
AGGGCCACGCCAG,0,1
AGGGCCACGGAGC,0,1
AGGGCCAGAGAGA,0,1
AGGGCCAGAGGAG,1,1
AGGGCCAGCAAAG,0,1
AGGGCCAGCACAC,0,1
AGGGCCAGCAGCA,0,1
AGGGCCAGCAGGG,1,1
AGGGCCAGCCACC,0,1
AGGGCCAGCGCGC,1,1
AGGGCCAGCGCGG,0,1
AGGGCCAGGACCC,0,2
AGGGCCAGGACGG,0,1
AGGGCCAGGCACA,1,1
AGGGCCAGGCAGG,0,1
AGGGCCAGGGCAC,0,2
AGGGCCAGGGCGC,0,1
AGGGCCAGGGGGG,0,1
AGGGCCCAAAGAA,0,1
AGGGCCCAAGCCC,0,1
AGGGCCCACAGCC,0,1
AGGGCCCAGAGAA,0,2
AGGGCCCAGAGCA,0,1
AGGGCCCAGGAAG,0,1
AGGGCCCAGGCGC,0,2
AGGGCCCAGGGAA,0,1
AGGGCCCAGGGCA,0,1
AGGGCCCCAGGAA,0,2
AGGGCCCCCCCCA,2,4
AGGGCCCCGCGGC,1,1
AGGGCCCCGGAAA,0,1
AGGGCCCCGGAAC,1,1
AGGGCCCCGGCAG,0,1
AGGGCCCGAGAAG,0,1
AGGGCCCGCGGCC,0,1
AGGGCCCGGGACA,0,5
AGGGCCCGGGCCA,0,1
AGGGCCGAAGAAA,0,1
AGGGCCGACCCGA,0,1
AGGGCCGAGCCCG,0,1
AGGGCCGAGGAGC,0,1
AGGGCCGAGGAGG,0,1
AGGGCCGCCACGA,0,1
AGGGCCGCCCGCC,0,1
AGGGCCGCGCAAC,0,1
AGGGCCGCGGGGG,0,1
AGGGCCGGGACAG,0,1
AGGGCCGGGCGGG,0,1
AGGGCGAAAAAAA,0,2
AGGGCGAAAAAGG,0,11
AGGGCGAAAAGCC,3,3
AGGGCGAAGAGGC,0,1
AGGGCGAAGGGGC,0,1
AGGGCGACAACGG,1,1
AGGGCGACACGGA,0,1
AGGGCGACAGCCG,0,1
AGGGCGACCAGGG,1,1
AGGGCGACGCGCG,0,1
AGGGCGACGCGGC,2,2
AGGGCGACGGCAA,0,1
AGGGCGAGAAAGA,0,1
AGGGCGAGACAGG,0,1
AGGGCGAGAGAGC,0,1
AGGGCGAGAGGCG,0,1
AGGGCGAGGAGAG,1,1
AGGGCGAGGAGCG,0,1
AGGGCGAGGAGGA,0,1
AGGGCGAGGCAAA,1,1
AGGGCGAGGCCGG,0,1
AGGGCGCACGGCC,0,1
AGGGCGCAGAAGA,0,1
AGGGCGCAGCCGG,0,1
AGGGCGCAGGGGA,0,1
AGGGCGCCGAGGC,0,1
AGGGCGCCGGCAG,0,1
AGGGCGCCGGGGA,0,1
AGGGCGCGAGGGA,0,1
AGGGCGCGCCCAG,0,1
AGGGCGCGGAGAG,0,1
AGGGCGCGGAGGG,0,2
AGGGCGGAACGCG,0,1
AGGGCGGAAGCAA,0,1
AGGGCGGAAGCCA,0,1
AGGGCGGACCGGG,0,3
AGGGCGGAGAAGG,0,1
AGGGCGGAGGGAA,0,4
AGGGCGGAGGGGC,0,1
AGGGCGGCACGGG,0,1
AGGGCGGCAGCAA,0,1
AGGGCGGCAGCCG,0,1
AGGGCGGCCACGC,0,1
AGGGCGGCCGCCA,0,1
AGGGCGGCCGCGA,0,1
AGGGCGGCGACAG,0,1
AGGGCGGCGCGAC,0,1
AGGGCGGGAAAGG,1,1
AGGGCGGGAACGG,1,2
AGGGCGGGAAGAA,0,2
AGGGCGGGAAGGG,0,1
AGGGCGGGAGCGG,1,1
AGGGCGGGCCCAG,0,1
AGGGCGGGCGAGA,0,1
AGGGCGGGCGGCG,1,1
AGGGCGGGCGGGG,1,1
AGGGCGGGGAAAG,2,2
AGGGCGGGGAACA,1,1
AGGGCGGGGCACA,0,2
AGGGCGGGGGCGG,0,1
AGGGGAAAAAAAA,0,1
AGGGGAAAAGAGA,0,2
AGGGGAAAAGGCA,0,1
AGGGGAAAAGGCC,0,1
AGGGGAAACAGAA,0,1
AGGGGAAACAGGC,0,1
AGGGGAAACCCGA,0,1
AGGGGAAAGAAGA,0,1
AGGGGAAAGACGC,0,1
AGGGGAAAGAGAG,0,2
AGGGGAAAGCCAA,0,1
AGGGGAACAGGCA,2,3
AGGGGAACAGGCC,2,3
AGGGGAACCAGCA,0,1
AGGGGAACGCGCG,0,1
AGGGGAACGGCGG,1,1
AGGGGAACGGGGG,0,1
AGGGGAAGAAGCA,0,1
AGGGGAAGACAGA,1,1
AGGGGAAGAGAAA,0,4
AGGGGAAGAGACG,0,1
AGGGGAAGAGAGC,0,1
AGGGGAAGAGAGG,0,1
AGGGGAAGAGGAG,0,1
AGGGGAAGCAGGG,0,1
AGGGGAAGCGCGC,0,1
AGGGGAAGCGGCC,0,1
AGGGGAAGGAAGA,0,1
AGGGGAAGGAGAA,0,1
AGGGGAAGGCGAC,0,1
AGGGGAAGGGAAG,1,1
AGGGGAAGGGACG,0,1
AGGGGAAGGGAGA,0,1
AGGGGAAGGGAGG,0,1
AGGGGACAAAGAG,0,1
AGGGGACACAAGG,0,2
AGGGGACACAGGC,0,2
AGGGGACACCCGG,0,1
AGGGGACACGAGC,0,1
AGGGGACACGGGC,0,6
AGGGGACAGACAC,0,1
AGGGGACAGGCAG,0,1
AGGGGACAGGGGC,0,1
AGGGGACCAAAGA,1,1
AGGGGACCACGGG,0,3
AGGGGACCAGAGC,1,1
AGGGGACCCAGGA,0,1
AGGGGACCCCGAA,0,1
AGGGGACCGACCC,1,1
AGGGGACCGCCCG,0,1
AGGGGACGACAGA,1,1
AGGGGACGGACGG,0,1
AGGGGACGGGGCG,0,1
AGGGGAGAAAAAA,0,1
AGGGGAGAAGACA,0,1
AGGGGAGAAGACG,0,1
AGGGGAGAAGCCA,0,1
AGGGGAGACAAGA,1,1
AGGGGAGACGGGC,0,1
AGGGGAGAGACAC,0,1
AGGGGAGAGAGAG,1,1
AGGGGAGAGGAAA,0,1
AGGGGAGAGGAGG,0,1
AGGGGAGAGGCAC,0,1
AGGGGAGAGGCAG,1,1
AGGGGAGAGGGAG,0,1
AGGGGAGCAAGGG,0,1
AGGGGAGCACCGG,0,1
AGGGGAGCAGCAC,0,1
AGGGGAGCAGGGA,0,2
AGGGGAGCAGGGG,0,3
AGGGGAGCCAGGG,0,1
AGGGGAGCCCGGC,0,1
AGGGGAGCGAGAG,1,1
AGGGGAGGAGAAG,0,1
AGGGGAGGAGAGG,1,3
AGGGGAGGAGCGA,0,1
AGGGGAGGAGGAA,0,1
AGGGGAGGAGGAC,0,1
AGGGGAGGAGGGC,0,1
AGGGGAGGCAAGA,0,3
AGGGGAGGCACAG,0,1
AGGGGAGGCCGGA,0,1
AGGGGAGGCGCAG,0,1
AGGGGAGGCGGGG,0,1
AGGGGAGGGAAGA,0,2
AGGGGAGGGACGG,0,2
AGGGGAGGGAGGA,0,1
AGGGGAGGGAGGC,0,1
AGGGGAGGGAGGG,1,2
AGGGGAGGGCAGA,0,1
AGGGGAGGGGAGC,1,1
AGGGGAGGGGCAG,0,1
AGGGGAGGGGGAG,0,1
AGGGGAGGGGGGC,0,1
AGGGGCAAAAAGG,0,1
AGGGGCAAAAGCA,0,1
AGGGGCAAAGGCC,0,1
AGGGGCAAGCAGC,0,1
AGGGGCAAGGGGC,0,1
AGGGGCACACCGG,0,1
AGGGGCACGCGAC,0,1
AGGGGCAGAGAGC,19,26
AGGGGCAGCAAGG,0,1
AGGGGCAGCAGAG,1,4
AGGGGCAGCGACG,0,1
AGGGGCAGCGGCG,0,1
AGGGGCAGGAGGA,0,1
AGGGGCAGGCCAG,0,1
AGGGGCAGGGACA,0,1
AGGGGCAGGGACG,1,2
AGGGGCAGGGCAG,0,2
AGGGGCAGGGCGG,0,1
AGGGGCAGGGGCA,1,1
AGGGGCAGGGGCC,0,1
AGGGGCAGGGGGC,1,1
AGGGGCCAAAACA,0,2
AGGGGCCACAAGG,0,1
AGGGGCCACGAGG,0,1
AGGGGCCAGCAAC,0,1
AGGGGCCAGCACA,0,1
AGGGGCCAGGCCA,1,1
AGGGGCCAGGCGA,0,1
AGGGGCCAGGGAA,0,1
AGGGGCCCAAGAA,0,1
AGGGGCCCAAGGA,0,1
AGGGGCCCAGAGC,0,1
AGGGGCCCAGCCA,0,1
AGGGGCCCAGGCG,0,1
AGGGGCCCAGGGA,0,1
AGGGGCCCAGGGC,0,1
AGGGGCCCCAGCA,0,1
AGGGGCCCCAGCG,0,6
AGGGGCCCGGCCG,0,1
AGGGGCCCGGGGA,1,1
AGGGGCCGAACAA,1,1
AGGGGCCGAGGAG,0,1
AGGGGCCGCAGCG,0,2
AGGGGCCGCGCGC,0,1
AGGGGCCGGGGAA,0,1
AGGGGCGAAACAG,0,1
AGGGGCGAAGGAG,0,1
AGGGGCGAGAAGC,0,1
AGGGGCGAGCAAA,0,1
AGGGGCGAGGGAG,0,1
AGGGGCGAGGGGC,0,1
AGGGGCGCCAGCA,0,1
AGGGGCGCGCGCC,0,2
AGGGGCGGAAGGG,0,1
AGGGGCGGACAGA,1,1
AGGGGCGGCCAGA,0,1
AGGGGCGGGAGGG,1,11
AGGGGCGGGGAAG,0,1
AGGGGCGGGGCGG,0,4
AGGGGCGGGGGGC,0,1
AGGGGGAAAAAAA,0,1
AGGGGGAAAAAAG,0,1
AGGGGGAAAAAGG,0,3
AGGGGGAAAAGAA,0,1
AGGGGGAAAAGCA,0,2
AGGGGGAAACAAA,0,1
AGGGGGAAACCAG,0,1
AGGGGGAAACCGC,1,1
AGGGGGAAAGGGA,0,1
AGGGGGAACAGAG,0,1
AGGGGGAAGACGC,0,1
AGGGGGAAGACGG,0,5
AGGGGGAAGGAAA,1,1
AGGGGGAAGGACA,1,1
AGGGGGAAGGGGA,1,2
AGGGGGACCCGAA,0,1
AGGGGGACCCGCG,0,1
AGGGGGACGAGGA,0,1
AGGGGGAGAAGAG,0,1
AGGGGGAGAGAGA,1,2
AGGGGGAGAGAGC,1,1
AGGGGGAGAGCAG,0,1
AGGGGGAGAGGAA,0,1
AGGGGGAGAGGAG,0,1
AGGGGGAGCAGCA,0,1
AGGGGGAGCAGGC,0,1
AGGGGGAGCCGCC,1,1
AGGGGGAGCCGGG,0,1
AGGGGGAGCGCCG,0,1
AGGGGGAGGAAAG,0,1
AGGGGGAGGAACA,0,1
AGGGGGAGGAGAA,0,1
AGGGGGAGGGAAG,0,5
AGGGGGAGGGAGG,0,7
AGGGGGAGGGGAG,0,1
AGGGGGAGGGGGG,0,1
AGGGGGCAAAAGA,0,1
AGGGGGCAAAGGC,0,1
AGGGGGCAACAGA,1,1
AGGGGGCACCGGG,0,3
AGGGGGCACGAGC,0,1
AGGGGGCACGCCG,0,1
AGGGGGCAGAGGG,0,1
AGGGGGCAGGAGC,1,1
AGGGGGCCAAAGC,0,1
AGGGGGCCAGAGC,0,1
AGGGGGCCAGGGG,0,1
AGGGGGCCCAGGA,0,1
AGGGGGCCCGGGG,0,1
AGGGGGCCGCAGA,0,1
AGGGGGCCGGAAC,0,1
AGGGGGCCGGGGA,0,1
AGGGGGCGACCCA,1,1
AGGGGGCGACGAG,0,1
AGGGGGCGAGCAA,0,1
AGGGGGCGAGGGA,0,3
AGGGGGCGAGGGG,1,1
AGGGGGCGCAGCG,0,1
AGGGGGCGGCAAC,0,1
AGGGGGCGGCCAG,0,1
AGGGGGCGGCGGC,0,1
AGGGGGCGGGGAG,0,1
AGGGGGGAAAGCA,0,1
AGGGGGGAAGGGA,1,1
AGGGGGGACAGAG,0,1
AGGGGGGAGAAAG,0,1
AGGGGGGAGAAGA,0,1
AGGGGGGAGGAGA,0,1
AGGGGGGAGGAGG,0,1
AGGGGGGAGGCCA,0,1
AGGGGGGAGGGCC,0,1
AGGGGGGCAGGAA,0,1
AGGGGGGCAGGAG,0,3
AGGGGGGCCGAGG,0,2
AGGGGGGCGACCC,0,1
AGGGGGGCGCGGA,0,1
AGGGGGGCGGGGC,0,1
AGGGGGGGAGAAA,0,1
AGGGGGGGAGACG,0,1
AGGGGGGGAGAGA,1,1
AGGGGGGGAGAGG,0,1
AGGGGGGGAGGGG,0,1
AGGGGGGGCCGAG,1,1
AGGGGGGGCGGCG,0,1
AGGGGGGGCGGGC,0,1
AGGGGGGGCGGGG,0,1
AGGGGGGGGCAGG,0,1
AGGGGGGGGCCCG,0,1
AGGGGGGGGGGGC,0,1
AGGGGGGGGGGGG,1,2
CAAAAAAAAAAAA,0,11
CAAAAAAAAAAAC,0,1
CAAAAAAAAAAAG,0,2
CAAAAAAAAAACA,0,1
CAAAAAAAAAAGA,0,1
CAAAAAAAAAAGC,4,6
CAAAAAAAAAAGG,0,1
CAAAAAAAAAGGC,1,1
CAAAAAAAACCAC,0,1
CAAAAAAAAGAAA,0,1
CAAAAAAAAGAAG,0,1
CAAAAAAAAGAGC,0,1
CAAAAAAAAGGAC,0,1
CAAAAAAACAAAC,0,1
CAAAAAAACAAGA,0,1
CAAAAAAACCACC,0,1
CAAAAAAACGACA,0,1
CAAAAAAAGAAAA,0,2
CAAAAAAAGAAAG,0,1
CAAAAAAAGAGAA,0,1
CAAAAAAAGAGAG,0,1
CAAAAAAAGGGGG,0,1
CAAAAAACAAAAA,0,1
CAAAAAACAAACA,0,2
CAAAAAACAACAG,0,1
CAAAAAACAACCA,0,1
CAAAAAACAAGAA,0,1
CAAAAAACAAGGA,0,1
CAAAAAACAGAAA,0,1
CAAAAAACCCCAA,0,1
CAAAAAACCCGAA,0,1
CAAAAAACCGAGC,0,1
CAAAAAAGAAAAA,0,2
CAAAAAAGAAAAG,0,1
CAAAAAAGACAAA,0,1
CAAAAAAGACAAC,0,1
CAAAAAAGACCAG,0,1
CAAAAAAGAGAAG,0,2
CAAAAAAGAGACA,0,1
CAAAAAAGAGCAC,0,1
CAAAAAAGCGACG,0,1
CAAAAAAGGCAGA,0,1
CAAAAACAAAAAA,0,3
CAAAAACAAACAA,0,1
CAAAAACAAAGCG,0,1
CAAAAACAAAGGC,0,1
CAAAAACAACAAA,0,1
CAAAAACAAGGCA,0,4
CAAAAACACCAGA,0,1
CAAAAACACGAAC,0,1
CAAAAACAGAGAA,0,1
CAAAAACAGCGGA,0,1
CAAAAACCAACAA,0,3
CAAAAACCACAAA,0,1
CAAAAACCAGAGA,0,1
CAAAAACCCAAGG,0,1
CAAAAACCCAGAG,0,1
CAAAAACCGGCAA,1,1
CAAAAACGACGGG,0,1
CAAAAACGCAGAC,0,1
CAAAAAGAAAAAA,0,1
CAAAAAGAAAAAG,0,1
CAAAAAGAAAGCG,0,1
CAAAAAGAACAAA,0,1
CAAAAAGAAGGGA,0,8
CAAAAAGACAAAA,0,2
CAAAAAGAGAGAC,0,1
CAAAAAGAGAGAG,0,1
CAAAAAGAGCAAA,0,1
CAAAAAGAGGCCC,0,1
CAAAAAGCAAAAA,0,2
CAAAAAGCAAAGA,0,1
CAAAAAGCAACAA,2,2
CAAAAAGCAGAGC,0,1
CAAAAAGCAGGCA,1,2
CAAAAAGGAAAAA,0,1
CAAAAAGGAACCA,0,1
CAAAAAGGACAAG,0,1
CAAAAAGGACAGG,0,1
CAAAAAGGAGGCA,0,1
CAAAAAGGCAAAC,0,1
CAAAAAGGCAAAG,0,1
CAAAAAGGGAAAG,0,1
CAAAACAAAAAAA,0,1
CAAAACAAAACAC,0,3
CAAAACAAAACCA,0,3
CAAAACAAAAGGA,0,1
CAAAACAAACAAC,0,1
CAAAACAAACGGA,0,1
CAAAACAAAGACC,0,2
CAAAACAAAGCAA,0,1
CAAAACAACAACC,0,3
CAAAACAACAGAA,0,2
CAAAACAACAGGA,0,13
CAAAACAACGAAA,0,2
CAAAACAACGAGA,0,1
CAAAACAACGCGG,0,1
CAAAACAAGAAAA,0,1
CAAAACAAGACAC,0,1
CAAAACAAGGACA,0,1
CAAAACAAGGCAC,0,16
CAAAACAAGGGAA,0,1
CAAAACACAAAAA,0,1
CAAAACACAAAAC,0,2
CAAAACACAAGCA,0,1
CAAAACACAAGGA,0,1
CAAAACACACACA,0,1
CAAAACACACCCA,0,1
CAAAACACAGCAC,0,1
CAAAACACAGGAG,0,1
CAAAACACCAAAG,0,1
CAAAACACCAAGG,0,1
CAAAACACCGGAA,1,1
CAAAACACGAAGA,0,1
CAAAACACGCGAC,0,1
CAAAACAGAAAAA,0,1
CAAAACAGAAGCA,0,1
CAAAACAGACAAA,1,1
CAAAACAGACACA,0,1
CAAAACAGAGAAA,0,1
CAAAACAGAGCAC,1,1
CAAAACAGAGCGC,0,1
CAAAACAGAGGCG,0,1
CAAAACAGCAAGC,0,1
CAAAACAGCAGAC,0,1
CAAAACAGCGACA,0,1
CAAAACAGGAACG,1,1
CAAAACAGGGACC,0,1
CAAAACAGGGCCC,0,2
CAAAACCAAAAAA,0,1
CAAAACCAAAAAG,0,3
CAAAACCAAAACC,0,1
CAAAACCAACACA,0,1
CAAAACCAACGGA,0,1
CAAAACCAAGAGG,0,1
CAAAACCAAGGAG,0,1
CAAAACCACAAAC,0,1
CAAAACCACAACC,0,2
CAAAACCACCAAC,0,1
CAAAACCACCAGG,0,1
CAAAACCAGCAAG,0,1
CAAAACCAGCCGA,0,1
CAAAACCAGGAAG,0,1
CAAAACCCAAAAA,0,2
CAAAACCCACAAC,0,1
CAAAACCCAGACC,0,1
CAAAACCCCAAGA,0,1
CAAAACCCCACGC,1,1
CAAAACCCGAGCC,0,3
CAAAACCCGCAAG,0,1
CAAAACCGAAGGC,0,2
CAAAACCGAGCGC,0,1
CAAAACCGCCACA,0,2
CAAAACCGCCACC,0,1
CAAAACGAAAAAA,0,1
CAAAACGAAAAAG,0,1
CAAAACGAAACCA,0,11
CAAAACGAAACCG,0,1
CAAAACGAAACGA,0,1
CAAAACGAAGAAG,0,1
CAAAACGAAGAGG,0,2
CAAAACGAGACCC,1,1
CAAAACGAGGAGG,0,1
CAAAACGCAGAGC,0,1
CAAAACGCAGCCA,0,1
CAAAACGCCCACA,0,1
CAAAACGGAAAAG,0,1
CAAAACGGAGGGA,0,5
CAAAACGGCGCGA,0,1
CAAAACGGGAGGC,0,1
CAAAAGAAAAGAA,0,2
CAAAAGAAAAGGA,0,1
CAAAAGAAACACA,0,1
CAAAAGAAACACG,1,1
CAAAAGAAAGCAC,3,9
CAAAAGAACCAGG,0,1
CAAAAGAAGAAGA,0,1
CAAAAGAAGACAC,0,1
CAAAAGAAGAGAG,0,1
CAAAAGAAGGAAG,0,1
CAAAAGACAAAAC,0,1
CAAAAGACAACGA,0,1
CAAAAGACAAGAG,0,1
CAAAAGACCAAAA,0,1
CAAAAGACCAGGC,0,1
CAAAAGACGGGGA,0,1
CAAAAGAGAAACA,0,1
CAAAAGAGAAAGC,0,1
CAAAAGAGAAGAA,0,2
CAAAAGAGAGAAA,0,1
CAAAAGAGAGAGA,0,1
CAAAAGAGAGCAG,0,1
CAAAAGAGCAAAA,0,2
CAAAAGAGCAAAC,0,1
CAAAAGAGCCAAA,0,1
CAAAAGAGCCCCC,0,1
CAAAAGAGCGGGA,0,1
CAAAAGAGGAAGA,0,1
CAAAAGAGGAGAA,0,1
CAAAAGAGGCAGA,0,1
CAAAAGCAAAACA,0,1
CAAAAGCAAAACC,0,1
CAAAAGCAAGGCA,0,1
CAAAAGCACACGG,0,1
CAAAAGCAGCCAA,0,1
CAAAAGCAGGAAG,0,1
CAAAAGCAGGAGG,0,3
CAAAAGCCACAAA,0,1
CAAAAGCCACAAC,0,1
CAAAAGCCAGAAG,0,1
CAAAAGCCAGGAA,0,1
CAAAAGCCAGGAC,0,1
CAAAAGCCGAAGG,0,1
CAAAAGCGACCAC,0,1
CAAAAGCGAGCAC,0,1
CAAAAGCGCAACA,0,1
CAAAAGCGCCAAG,0,1
CAAAAGCGGCAAG,0,1
CAAAAGCGGCAGC,0,1
CAAAAGCGGGGAG,0,1
CAAAAGGAAAAAA,0,3
CAAAAGGAAAAAG,0,1
CAAAAGGAAAAGG,0,1
CAAAAGGAAAGCC,0,1
CAAAAGGAACCAA,2,2
CAAAAGGAACCAG,0,1
CAAAAGGAACCGA,0,1
CAAAAGGAAGAAC,0,3
CAAAAGGAAGGGA,1,1
CAAAAGGAGGAAA,0,1
CAAAAGGCAACAA,0,1
CAAAAGGCAACAG,0,1
CAAAAGGCAAGGG,0,1
CAAAAGGCCAAGA,0,1
CAAAAGGCCACAC,0,1
CAAAAGGCCCAAA,0,1
CAAAAGGGAAAGA,0,1
CAAAAGGGAAGCA,0,1
CAAAAGGGAGCAC,2,3
CAAAAGGGAGGCA,0,1
CAAAAGGGCAAAG,0,1
CAAAAGGGCAGCA,0,1
CAAAAGGGCAGCC,1,1
CAAAAGGGGAAAC,0,1
CAAAAGGGGCGGG,0,1
CAAACAAAAAAAA,0,1
CAAACAAAAACCG,0,1
CAAACAAAACAGA,0,2
CAAACAAAACCCA,0,1
CAAACAAAACCCC,0,1
CAAACAAACAAAC,0,1
CAAACAAACAAAG,0,1
CAAACAAACAGAC,1,1
CAAACAAACCCAA,0,1
CAAACAAACCCAG,0,1
CAAACAAACCCCG,0,1
CAAACAAACGCAC,0,1
CAAACAAAGACGA,2,2
CAAACAAAGACGG,0,2
CAAACAAAGAGAA,0,1
CAAACAACAACCA,0,1
CAAACAACACAAA,0,1
CAAACAACAGGAC,0,16
CAAACAACCACAA,0,1
CAAACAACCAGCA,0,1
CAAACAACCAGCC,0,1
CAAACAACCGAGC,0,1
CAAACAACCGCGC,0,1
CAAACAACGACAG,0,1
CAAACAACGCAGG,0,1
CAAACAACGCGGG,0,1
CAAACAAGAAAAG,0,1
CAAACAAGAAACG,0,2
CAAACAAGAAAGA,0,1
CAAACAAGAACAC,0,1
CAAACAAGCAGAA,0,1
CAAACAAGCCAAG,0,1
CAAACAAGGCAAA,0,1
CAAACAAGGCGCA,0,2
CAAACACAAAAGA,0,1
CAAACACAAACAA,0,1
CAAACACAAGAGC,0,1
CAAACACACAAAA,0,1
CAAACACACACAG,0,1
CAAACACACACGC,0,1
CAAACACACAGAA,0,2
CAAACACACCAAG,0,1
CAAACACACGCAA,0,1
CAAACACACGCGG,0,1
CAAACACAGAACA,1,1
CAAACACAGACAG,0,1
CAAACACAGAGCC,0,1
CAAACACAGGGAC,0,1
CAAACACCGAAAA,0,1
CAAACACGAGGAC,0,3
CAAACACGCGGGA,0,1
CAAACACGGCAGA,1,1
CAAACACGGCCGA,0,1
CAAACAGAAAAAG,0,1
CAAACAGAAAACC,0,1
CAAACAGAAGCAA,0,1
CAAACAGAAGGGC,0,1
CAAACAGACACAG,0,1
CAAACAGACCAAA,1,1
CAAACAGAGACAC,0,3
CAAACAGAGCAGC,0,1
CAAACAGAGCGCC,1,1
CAAACAGAGGCCC,0,2
CAAACAGCACAGG,0,1
CAAACAGCCAAAC,0,1
CAAACAGCCGGGG,0,1
CAAACAGCGAGGC,0,1
CAAACAGGACCCG,0,1
CAAACAGGAGACA,1,1
CAAACAGGAGCCC,0,1
CAAACAGGCAACA,0,1
CAAACAGGGCCGC,0,1
CAAACAGGGGGAG,0,1
CAAACCAAAAAAA,0,1
CAAACCAAAAAAC,0,1
CAAACCAAAAAAG,0,1
CAAACCAAACACA,0,1
CAAACCAAACCAA,0,2
CAAACCAACAAAC,0,4
CAAACCAACAAAG,0,1
CAAACCAACCAAC,0,1
CAAACCAAGCCAG,0,1
CAAACCAAGGCGG,0,1
CAAACCAAGGGAG,0,1
CAAACCACAAGGG,0,1
CAAACCACACAAA,0,1
CAAACCACAGGGA,0,1
CAAACCACCAACA,0,1
CAAACCACCAACC,0,1
CAAACCACCACGC,0,1
CAAACCACCGACC,0,1
CAAACCACCGCAG,1,1
CAAACCACGCAAA,0,1
CAAACCAGAAACC,0,1
CAAACCAGGCCCC,0,19
CAAACCAGGGCAA,0,1
CAAACCAGGGGCC,0,1
CAAACCCAAACCC,0,1
CAAACCCAACAAA,0,1
CAAACCCAACGCG,0,1
CAAACCCAAGCAA,1,1
CAAACCCACAAAG,0,1
CAAACCCACAGAG,0,1
CAAACCCCAACAC,0,1
CAAACCCCAGCAC,0,1
CAAACCCCCGCAG,0,1
CAAACCCCGACCA,0,1
CAAACCCGAGAAC,0,1
CAAACCCGAGGAG,0,1
CAAACCCGCAAAA,0,1
CAAACCCGGCGAG,0,2
CAAACCGAAAAAG,0,1
CAAACCGAGCACA,0,1
CAAACCGAGGACC,0,1
CAAACCGCACCAC,0,1
CAAACCGCCACAA,0,3
CAAACCGCCACAG,1,1
CAAACCGCCCCGC,0,1
CAAACCGGAAAAC,0,1
CAAACCGGAACGC,0,1
CAAACCGGGCAAA,0,1
CAAACCGGGGGGG,1,1
CAAACGAAAAACC,0,1
CAAACGAAACACA,0,1
CAAACGAAACCCC,0,1
CAAACGAACCCAG,0,1
CAAACGAAGAACG,0,1
CAAACGAAGACAA,0,1
CAAACGACAGACC,0,1
CAAACGAGAACCA,0,1
CAAACGAGAGAAG,0,1
CAAACGAGGCCGC,0,1
CAAACGAGGGCGC,0,1
CAAACGCACCGCG,0,1
CAAACGCAGCCGG,0,1
CAAACGCAGGCAA,0,1
CAAACGCCAGGGC,0,1
CAAACGCCCAAGC,0,1
CAAACGCCCCAAG,0,1
CAAACGCCGCAAA,0,1
CAAACGCCGCCGG,0,1
CAAACGCGAGGAC,0,1
CAAACGGAACCAA,13,36
CAAACGGCAACAC,0,1
CAAACGGCCAGGA,0,6
CAAACGGCCGAAG,0,1
CAAACGGCGCGGG,0,1
CAAACGGCGGAAC,0,1
CAAACGGGACAAG,0,1
CAAACGGGACACA,0,1
CAAACGGGACAGG,0,1
CAAACGGGCCGGC,0,1
CAAAGAAAAAAAA,0,2
CAAAGAAAAAACA,0,1
CAAAGAAAAACAG,0,1
CAAAGAAAACCGA,0,1
CAAAGAAAAGAAA,0,1
CAAAGAAAAGAGA,0,3
CAAAGAAAAGGAA,0,2
CAAAGAAACAAGC,0,1
CAAAGAAAGAAGG,0,1
CAAAGAAAGACAA,0,1
CAAAGAAAGAGAG,0,1
CAAAGAACAAAAA,0,2
CAAAGAACAACAA,0,5
CAAAGAACACAGA,0,3
CAAAGAAGAAAAG,0,1
CAAAGAAGAAACA,0,1
CAAAGAAGAACCC,0,1
CAAAGAAGAAGAA,0,1
CAAAGAAGACGAC,0,1
CAAAGAAGAGAAG,0,2
CAAAGAAGAGGAA,0,1
CAAAGAAGCCCAG,0,1
CAAAGAAGGAAGA,0,1
CAAAGAAGGCCAC,0,1
CAAAGAAGGGACA,0,1
CAAAGACAAAAAC,0,2
CAAAGACAAAACC,0,1
CAAAGACAAACAA,0,2
CAAAGACAACCGG,0,1
CAAAGACACCAAA,0,1
CAAAGACACGGAA,0,1
CAAAGACAGAAAC,0,1
CAAAGACAGAAGG,2,2
CAAAGACAGAGAA,0,1
CAAAGACAGAGAC,0,1
CAAAGACAGGGAA,0,1
CAAAGACAGGGGC,0,1
CAAAGACCAAAAC,0,1
CAAAGACCAGAAC,0,1
CAAAGACCCCCGA,0,1
CAAAGACGACGAG,0,1
CAAAGACGAGCCG,0,1
CAAAGACGCCACA,0,1
CAAAGAGAAAAAC,0,1
CAAAGAGAAAACG,0,1
CAAAGAGAAACAA,0,6
CAAAGAGAAACAG,0,1
CAAAGAGAAAGAA,0,1
CAAAGAGAACCGA,0,1
CAAAGAGAAGAAA,1,1
CAAAGAGAAGAAG,1,4
CAAAGAGAAGCAG,0,1
CAAAGAGACAAAC,0,1
CAAAGAGACACGG,0,1
CAAAGAGAGAAAC,0,1
CAAAGAGAGAACG,0,1
CAAAGAGAGCACC,0,1
CAAAGAGCAAACC,0,1
CAAAGAGCAGCAA,1,1
CAAAGAGCAGGAG,0,1
CAAAGAGCCAGAG,0,1
CAAAGAGGAAGGG,0,1
CAAAGAGGCACAG,0,1
CAAAGAGGCAGCA,0,1
CAAAGAGGCCGAC,0,1
CAAAGAGGCGACA,0,1
CAAAGAGGGAAGA,0,1
CAAAGAGGGGAAA,0,1
CAAAGCAAAAAAA,0,1
CAAAGCAAAAACA,0,1
CAAAGCAAAACCG,0,1
CAAAGCAAACAAA,0,1
CAAAGCAAACACA,0,2
CAAAGCAAAGAGC,0,1
CAAAGCAACAGGG,0,1
CAAAGCAACGAGA,0,1
CAAAGCAAGAAAA,0,2
CAAAGCAAGACAA,0,1
CAAAGCAAGCCCG,0,1
CAAAGCAAGGGAA,0,1
CAAAGCACAAGAA,0,1
CAAAGCACACAAA,0,1
CAAAGCACACGGC,13,16
CAAAGCACAGAGA,0,6
CAAAGCACAGCAG,0,1
CAAAGCACAGGGC,3,3
CAAAGCACCGAAG,1,1
CAAAGCACCGAGG,0,1
CAAAGCACGAAGG,0,1
CAAAGCAGAAACC,0,1
CAAAGCAGAACAG,0,1
CAAAGCAGAACGC,0,1
CAAAGCAGACAGC,0,1
CAAAGCAGACGCG,0,1
CAAAGCAGACGGG,0,1
CAAAGCAGAGAAC,1,1
CAAAGCAGAGAAG,0,1
CAAAGCAGAGCGA,0,1
CAAAGCAGCAACC,0,1
CAAAGCAGCCCAG,0,1
CAAAGCAGGACCA,0,1
CAAAGCAGGGGAA,0,2
CAAAGCCAGGCCA,0,1
CAAAGCCAGGGAC,0,1
CAAAGCCAGGGAG,0,1
CAAAGCCCAAAGC,0,1
CAAAGCCCAGGGG,0,2
CAAAGCCCCAGAG,0,1
CAAAGCCGCCACC,0,1
CAAAGCGAAAAGG,1,1
CAAAGCGAAACCG,1,1
CAAAGCGACAGAC,0,1
CAAAGCGACAGCA,0,1
CAAAGCGACGAGA,0,1
CAAAGCGAGAAGA,0,1
CAAAGCGCAGAGA,0,1
CAAAGCGCCAGGC,0,1
CAAAGCGCGCAGA,0,1
CAAAGCGCGCCCC,0,1
CAAAGCGGAGAGA,0,1
CAAAGCGGGCCAG,0,1
CAAAGGAAAAAAA,0,1
CAAAGGAAAAACA,0,7
CAAAGGAAAACAA,0,1
CAAAGGAAAAGAA,0,3
CAAAGGAAAAGCA,0,1
CAAAGGAAAAGGG,0,1
CAAAGGAAACGGA,0,1
CAAAGGAAAGAGA,0,1
CAAAGGAAAGCAC,1,1
CAAAGGAAAGCGC,3,4
CAAAGGAAAGGGC,0,2
CAAAGGAACACAC,0,1
CAAAGGAACGGCC,0,1
CAAAGGAAGAAAG,0,1
CAAAGGAAGAACG,1,1
CAAAGGAAGACAA,0,3
CAAAGGAAGAGAA,1,1
CAAAGGAAGGGAG,0,1
CAAAGGAAGGGGG,1,1
CAAAGGACAACAG,1,1
CAAAGGACAGAAA,0,3
CAAAGGACAGAGA,0,1
CAAAGGACCACCA,0,1
CAAAGGACCCAGA,0,1
CAAAGGACCCCAC,0,1
CAAAGGACGCAGA,0,1
CAAAGGACGGACC,0,1
CAAAGGAGAAACA,0,15
CAAAGGAGAAACC,0,1
CAAAGGAGAACCA,0,1
CAAAGGAGAAGCA,0,1
CAAAGGAGCGAGA,0,1
CAAAGGAGGCAGA,0,6
CAAAGGAGGCCCA,0,1
CAAAGGCAAGCAC,1,1
CAAAGGCAAGCAG,0,1
CAAAGGCAAGGCA,0,1
CAAAGGCACAAGA,1,1
CAAAGGCACCCGG,0,1
CAAAGGCAGACCC,0,1
CAAAGGCAGAGAA,0,1
CAAAGGCAGCAAA,0,1
CAAAGGCAGCACA,0,1
CAAAGGCAGGAAG,1,1
CAAAGGCCAGCGC,0,1
CAAAGGCCAGGCC,0,1
CAAAGGCCCAACG,1,1
CAAAGGCGGCCAC,0,1
CAAAGGGAAAACA,0,8
CAAAGGGAAACGG,0,1
CAAAGGGAAAGAG,0,1
CAAAGGGAACAAA,0,1
CAAAGGGAACAAC,0,1
CAAAGGGAACCAC,1,1
CAAAGGGAACGAG,0,1
CAAAGGGAAGAAC,0,6
CAAAGGGAAGACG,0,1
CAAAGGGAAGCAC,3,6
CAAAGGGAAGCCC,12,21
CAAAGGGAAGCGC,1,3
CAAAGGGACAAGA,0,1
CAAAGGGAGGCAG,0,1
CAAAGGGAGGGGG,0,1
CAAAGGGCACCCA,0,1
CAAAGGGGAAACC,0,1
CAAAGGGGAACAG,2,3
CAAAGGGGAAGAG,0,1
CAAAGGGGACCCC,0,1
CAAAGGGGAGAGG,0,1
CAAAGGGGCAAAA,0,1
CAAAGGGGCAGCA,0,1
CAACAAAAAAAAG,0,1
CAACAAAAAAAGG,0,1
CAACAAAAAAGGC,0,1
CAACAAAACAAAA,0,1
CAACAAAACACAA,0,1
CAACAAAACACCA,0,1
CAACAAAAGAAAC,0,1
CAACAAACAAAGG,0,1
CAACAAACACAAG,0,1
CAACAAACACGAA,0,2
CAACAAACACGAG,0,2
CAACAAACCGCAG,0,2
CAACAAAGAAAAA,0,2
CAACAAAGAACAA,0,1
CAACAAAGAAGGC,0,1
CAACAAAGACGAA,0,1
CAACAAAGAGAAC,0,1
CAACAAAGCAAAA,0,1
CAACAAAGCACGG,1,1
CAACAAAGCCCGA,0,1
CAACAAAGGAGGC,0,1
CAACAACAAAACA,0,1
CAACAACAAACCG,0,2
CAACAACAACAAG,2,2
CAACAACAACAGC,0,2
CAACAACAAGAAG,2,2
CAACAACAAGCAA,0,1
CAACAACAAGCAG,0,1
CAACAACAAGGGA,1,1
CAACAACACACCG,0,1
CAACAACACCAAA,1,2
CAACAACACCCGG,0,1
CAACAACACCGGC,0,1
CAACAACACGAAG,0,1
CAACAACACGCGC,0,1
CAACAACAGCAAC,0,1
CAACAACAGCAGC,1,1
CAACAACAGCCAA,0,1
CAACAACAGCCGG,1,2
CAACAACAGGAGG,0,1
CAACAACAGGCGG,0,2
CAACAACCAAAGG,0,1
CAACAACCAACAC,0,1
CAACAACCAGCCA,0,1
CAACAACCCGAGA,0,1
CAACAACCGGAAA,0,1
CAACAACGACAGA,0,1
CAACAACGACAGG,0,3
CAACAACGCGGAG,0,1
CAACAACGGAAAA,0,1
CAACAACGGCAGG,0,1
CAACAAGAAAACA,0,1
CAACAAGAAACAC,0,1
CAACAAGAAACCC,0,1
CAACAAGAAAGGC,0,1
CAACAAGAAAGGG,0,1
CAACAAGAACAAC,0,11
CAACAAGAAGAAG,2,2
CAACAAGAAGCGG,0,1
CAACAAGAGAACC,0,1
CAACAAGAGGAGC,0,1
CAACAAGAGGGCA,1,1
CAACAAGCAGACA,0,1
CAACAAGCAGGCC,0,1
CAACAAGCCGAAA,0,1
CAACAAGGAAGGA,2,2
CAACAAGGACAAG,0,1
CAACAAGGAGAGG,0,2
CAACAAGGAGGAA,0,1
CAACAAGGCACAC,0,1
CAACAAGGCAGCA,0,3
CAACACAAAACAA,0,1
CAACACAAACACA,0,1
CAACACAAACAGG,1,1
CAACACAACAACC,0,1
CAACACAACACAA,0,1
CAACACAACCGAA,1,1
CAACACAACGAAC,0,1
CAACACAAGGAAG,0,1
CAACACACACACA,0,2
CAACACACACCCC,0,1
CAACACACACGAG,0,1
CAACACACAGAAA,0,1
CAACACACAGACG,0,1
CAACACACAGGAG,0,1
CAACACACCGCAC,0,1
CAACACACGGGCA,0,1
CAACACAGAGAGG,0,1
CAACACAGCCAAG,1,1
CAACACAGCCAGA,1,2
CAACACAGGACAC,1,1
CAACACAGGACCC,5,12
CAACACAGGCAGC,0,1
CAACACCAAAACA,0,1
CAACACCAAACCA,1,1
CAACACCAAGAGC,0,1
CAACACCAAGCCA,0,1
CAACACCACCCAG,0,1
CAACACCAGCAAC,0,1
CAACACCAGGCAC,0,1
CAACACCAGGGCC,1,4
CAACACCCACCGG,0,1
CAACACCCAGACC,0,1
CAACACCCCAACG,0,1
CAACACCCGAAGC,0,1
CAACACCCGGACC,0,1
CAACACCGACCCC,1,1
CAACACCGGCACG,0,1
CAACACGAACCGA,0,1
CAACACGAACGAC,0,1
CAACACGAAGAAG,0,1
CAACACGACCAGC,0,1
CAACACGCAAAGG,1,1
CAACACGCCGCGC,0,1
CAACACGGACCAC,0,1
CAACACGGCCAGG,1,1
CAACACGGGAAAG,0,1
CAACACGGGACCC,2,6
CAACACGGGGGAG,0,1
CAACAGAACGAGC,0,1
CAACAGAAGACAA,0,1
CAACAGAAGCAAA,0,1
CAACAGACAACAC,0,1
CAACAGACAACAG,0,1
CAACAGACACAAA,1,1
CAACAGACAGAGC,0,2
CAACAGACGCAAG,0,1
CAACAGAGAAAAC,0,3
CAACAGAGAAGGA,0,1
CAACAGAGCAAGA,0,1
CAACAGAGCACAG,0,1
CAACAGAGCAGAG,0,1
CAACAGAGGAAAA,0,1
CAACAGAGGACAC,1,1
CAACAGAGGGCCA,0,1
CAACAGCAAAGCG,0,1
CAACAGCAACAAC,0,1
CAACAGCAACCCG,0,1
CAACAGCACAGAC,0,1
CAACAGCACAGCC,0,1
CAACAGCAGAACC,0,1
CAACAGCAGCAGC,2,2
CAACAGCCAGCAG,0,1
CAACAGCCAGCCG,0,2
CAACAGCCCAAAA,0,1
CAACAGCCCCACC,0,1
CAACAGCCCCGCC,0,1
CAACAGCCGCACC,0,1
CAACAGCCGCAGA,0,1
CAACAGCCGGAGG,1,1
CAACAGCCGGGGG,0,1
CAACAGCGCAGAC,0,1
CAACAGCGCCCCC,0,2
CAACAGCGGAAGA,1,1
CAACAGCGGCCCC,0,1
CAACAGCGGCCGC,1,1
CAACAGCGGGGAG,0,2
CAACAGGAAACAA,0,1
CAACAGGAACGAG,0,1
CAACAGGAAGAAC,0,1
CAACAGGAAGACA,0,1
CAACAGGAAGCGA,0,1
CAACAGGAGCAAG,2,2
CAACAGGAGCGAC,0,1
CAACAGGCAGAAC,0,1
CAACAGGCAGGAC,0,2
CAACAGGCCAAGA,1,1
CAACAGGGAAAAA,0,1
CAACAGGGAGGAG,0,1
CAACAGGGAGGGA,0,1
CAACAGGGGACCC,0,1
CAACAGGGGCCCA,0,2
CAACCAAAAAAAA,0,1
CAACCAAAAAGAG,0,1
CAACCAAAAAGCC,0,1
CAACCAAAACAAC,0,1
CAACCAAAACACG,0,1
CAACCAAAAGGAG,0,1
CAACCAAACACAA,0,1
CAACCAAACACGG,1,1
CAACCAAACAGGG,0,1
CAACCAAACGGCC,0,1
CAACCAAAGGAGC,0,1
CAACCAAAGGGCC,0,1
CAACCAACAAGAG,0,1
CAACCAACAGCCC,0,1
CAACCAACAGCGG,1,1
CAACCAACCCCGC,0,1
CAACCAACCGCGG,0,1
CAACCAAGAAGAA,0,1
CAACCAAGCCCAA,0,1
CAACCAAGCCGAG,0,2
CAACCAAGGCAGC,0,1
CAACCAAGGCAGG,0,1
CAACCACAAGCAA,0,1
CAACCACACAGAG,0,1
CAACCACACCGGA,0,1
CAACCACAGACAC,1,2
CAACCACAGCGAG,0,1
CAACCACAGGAAG,3,3
CAACCACAGGAGG,0,1
CAACCACAGGGAC,1,5
CAACCACCAAGCA,0,1
CAACCACCAAGGC,0,1
CAACCACCCAGCC,0,1
CAACCACCCCCAG,0,1
CAACCACGCCGCG,0,1
CAACCACGCGCAG,0,1
CAACCAGACAACA,0,2
CAACCAGACAGAA,0,1
CAACCAGAGCAGC,0,1
CAACCAGCAAAAC,0,1
CAACCAGCAAGAA,2,2
CAACCAGCAAGAG,0,1
CAACCAGCACCCA,0,1
CAACCAGCCGCAA,0,2
CAACCAGCCGCCA,0,1
CAACCAGCGCAGA,0,3
CAACCAGGACCCA,0,1
CAACCAGGCCACC,0,1
CAACCAGGGAAGA,0,1
CAACCCAAAAAAA,0,1
CAACCCAAACAAG,0,1
CAACCCAAACCAG,0,1
CAACCCAAACCCC,0,1
CAACCCAAAGCCC,0,1
CAACCCAACCCAA,0,1
CAACCCAACCCCA,0,2
CAACCCAACCCCC,0,1
CAACCCAAGACCA,0,1
CAACCCACAGAGA,0,3
CAACCCACAGCAC,0,1
CAACCCACAGGGG,1,1
CAACCCACGCACC,0,1
CAACCCACGGCGA,0,1
CAACCCAGAAAAA,0,1
CAACCCAGACCAG,0,1
CAACCCAGAGAGA,0,1
CAACCCAGAGCAG,0,1
CAACCCAGCAAAA,0,1
CAACCCAGCACCA,0,3
CAACCCAGCCCGG,0,1
CAACCCAGGAAGC,0,1
CAACCCCAAAAGC,0,1
CAACCCCACCCAA,0,1
CAACCCCACCCAC,0,1
CAACCCCACCCGA,0,1
CAACCCCACGCCC,0,1
CAACCCCAGCACG,0,1
CAACCCCAGCCCG,0,1
CAACCCCAGCGAG,0,1
CAACCCCCAACCC,0,2
CAACCCCCAGAAG,0,1
CAACCCCCCACCC,0,1
CAACCCCCCCGCC,0,1
CAACCCCCGGGCG,0,1
CAACCCGACAGAA,0,1
CAACCCGAGAGCC,0,1
CAACCCGAGCGGA,0,1
CAACCCGCAAGAG,0,1
CAACCCGCAGAAC,0,1
CAACCCGGACACG,0,1
CAACCCGGAGCAA,0,1
CAACCCGGCAGCA,0,1
CAACCGAAGCCAC,0,1
CAACCGAAGCCCA,0,1
CAACCGACAACAA,0,5
CAACCGACCGAAC,0,1
CAACCGAGAAGCG,0,1
CAACCGAGCAAAA,0,1
CAACCGAGCAAAG,0,15
CAACCGAGCCAGC,0,1
CAACCGAGCCGAG,1,1
CAACCGCACGGCC,0,1
CAACCGCAGGGAA,0,2
CAACCGCCAACCC,1,1
CAACCGCCCGAAA,1,1
CAACCGCCGAACA,1,1
CAACCGCCGCACA,1,1
CAACCGCCGCACC,0,1
CAACCGCGAACCC,0,1
CAACCGCGACCAC,0,1
CAACCGCGGCAAG,0,1
CAACCGCGGGAAA,0,1
CAACCGCGGGCGG,0,1
CAACCGGAAAGAG,0,1
CAACCGGAAAGGG,1,2
CAACCGGAACGGG,0,1
CAACCGGACAGGA,1,1
CAACCGGACCACA,1,1
CAACCGGCAGCGC,0,1
CAACCGGCGGCAG,0,1
CAACCGGGACCAC,0,1
CAACCGGGACGGA,1,1
CAACGAAAAGGGG,1,1
CAACGAAACGAAA,0,1
CAACGAAACGAGG,0,1
CAACGAAAGGCCG,0,1
CAACGAACAAAAA,0,1
CAACGAACAACCC,0,1
CAACGAACCGAGG,1,1
CAACGAAGACACA,0,1
CAACGAAGAGGCG,0,1
CAACGAAGCAACC,0,1
CAACGAAGCAGGA,2,4
CAACGAAGCCCGG,0,1
CAACGAAGCGGCA,0,1
CAACGAAGGAAAA,1,1
CAACGAAGGCGAA,1,1
CAACGAAGGCGGC,0,1
CAACGACAACAAC,0,1
CAACGACAACGCG,0,1
CAACGACAGGAAA,0,10
CAACGACAGGAAG,0,1
CAACGACAGGGAG,0,1
CAACGACCAAAGG,1,1
CAACGACCAGCCG,0,1
CAACGACGACAAA,0,1
CAACGACGCACAG,0,1
CAACGACGCGAGA,0,1
CAACGAGAAAGCA,0,1
CAACGAGAAGAAC,0,1
CAACGAGACCAAC,1,1
CAACGAGAGAGAG,23,23
CAACGAGCAAAGC,0,1
CAACGAGCACAGC,1,1
CAACGAGCGACGC,0,1
CAACGAGGAGCAG,0,1
CAACGAGGAGGCC,1,1
CAACGAGGAGGCG,0,1
CAACGCAACCGGA,0,1
CAACGCACAAAAG,0,1
CAACGCACAAACG,1,1
CAACGCACACCAG,0,1
CAACGCACCAAAA,0,1
CAACGCACCAACA,0,1
CAACGCAGCCCGG,0,1
CAACGCAGGCCCC,0,1
CAACGCCACCGAG,0,1
CAACGCCACCGCC,0,1
CAACGCCACGAAA,0,1
CAACGCCGAGCCC,0,1
CAACGCCGCGCAC,0,1
CAACGCCGCGGGC,0,1
CAACGCCGGACCA,0,1
CAACGCCGGCAAC,0,1
CAACGCGAAAGGA,0,1
CAACGCGAACAAA,2,2
CAACGCGAAGAAA,1,1
CAACGCGCAAGCG,0,1
CAACGCGCCAACA,0,1
CAACGCGCCCGAG,0,1
CAACGCGCGCCAC,0,1
CAACGCGGCGGCA,0,1
CAACGCGGGGCAC,0,1
CAACGGAAACCGA,0,1
CAACGGAAGGACG,0,1
CAACGGCAAAGCA,0,1
CAACGGCAAGCGA,0,1
CAACGGCACGAGG,0,1
CAACGGCAGCCGG,1,1
CAACGGCAGGCGG,0,1
CAACGGCAGGGAA,0,1
CAACGGCCAAAAG,0,1
CAACGGCCAACGG,0,2
CAACGGCCACCAG,0,1
CAACGGCCACGCC,0,1
CAACGGCCAGGCG,3,4
CAACGGCGAAGAC,0,1
CAACGGCGCAGGA,0,1
CAACGGCGCCAAA,0,1
CAACGGCGCGGCG,0,1
CAACGGCGGAAGA,0,1
CAACGGCGGAGGC,0,1
CAACGGCGGCAGC,0,1
CAACGGCGGCAGG,0,1
CAACGGCGGCCGC,0,1
CAACGGGAAACAC,0,1
CAACGGGAAGGGC,0,1
CAACGGGACGGCG,0,1
CAACGGGAGCGAA,0,1
CAACGGGCAGCCA,0,2
CAACGGGCGGCGG,0,1
CAACGGGGAACAA,0,1
CAACGGGGGCAGA,1,2
CAACGGGGGCCGA,0,1
CAAGAAAAAAAAA,0,1
CAAGAAAAAAGAG,0,1
CAAGAAAAAAGGA,0,1
CAAGAAAAACAAC,0,1
CAAGAAAAACAGG,0,1
CAAGAAAAAGAAA,0,1
CAAGAAAAAGCCC,0,1
CAAGAAAAAGGAC,0,1
CAAGAAAAAGGAG,0,1
CAAGAAAACCAAG,1,1
CAAGAAAACCACA,0,1
CAAGAAAACCAGG,1,1
CAAGAAAACGGGA,0,2
CAAGAAAAGAAAG,0,1
CAAGAAAAGAGAG,0,1
CAAGAAAAGGAGA,0,1
CAAGAAACAAAAG,0,1
CAAGAAACAAAGA,0,1
CAAGAAACAGAAG,1,1
CAAGAAACCCCCC,0,1
CAAGAAACGAAAG,1,1
CAAGAAACGCAAG,0,1
CAAGAAACGCGGC,1,1
CAAGAAAGAAAGA,0,1
CAAGAAAGAAAGG,0,1
CAAGAAAGAAGAA,0,1
CAAGAAAGAAGAG,0,1
CAAGAAAGAGAGA,0,2
CAAGAAAGAGAGG,0,1
CAAGAAAGCAAGA,0,1
CAAGAAAGCCCCC,0,1
CAAGAAAGCCGAG,0,1
CAAGAAAGGCACA,0,1
CAAGAAAGGGAGA,0,1
CAAGAAAGGGCAC,0,1
CAAGAACAAGAAA,0,1
CAAGAACAAGGAC,0,1
CAAGAACAAGGCA,0,4
CAAGAACACAAAC,0,1
CAAGAACAGCAGA,0,1
CAAGAACAGCGGA,0,1
CAAGAACAGGGCC,0,2
CAAGAACCAAACC,0,1
CAAGAACCAAAGG,0,1
CAAGAACCAACCA,0,1
CAAGAACCAAGCG,1,1
CAAGAACCAAGGC,0,1
CAAGAACCACAAG,0,1
CAAGAACCAGAAC,0,1
CAAGAACCCCCAG,0,1
CAAGAACCGACCA,0,1
CAAGAACGACCCA,0,1
CAAGAACGAGGCG,0,1
CAAGAACGGGGCC,0,1
CAAGAAGAAAAAG,0,1
CAAGAAGAAAACC,0,1
CAAGAAGAAGAAG,1,1
CAAGAAGAAGAGA,0,1
CAAGAAGAAGAGC,0,1
CAAGAAGAAGAGG,0,3
CAAGAAGAAGCAA,0,1
CAAGAAGAGAAAG,0,4
CAAGAAGAGCCAA,0,1
CAAGAAGCAAGAG,0,1
CAAGAAGCAGAAG,0,10
CAAGAAGCAGGAG,0,1
CAAGAAGCCAGGG,0,1
CAAGAAGCCCAAA,0,1
CAAGAAGCCCCAC,0,1
CAAGAAGCGACCA,0,1
CAAGAAGCGCAGC,0,1
CAAGAAGCGCGCG,0,1
CAAGAAGCGGGCC,0,1
CAAGAAGGAAAAA,0,1
CAAGAAGGAAGAC,0,1
CAAGAAGGAGAAG,0,1
CAAGAAGGGGAGC,0,1
CAAGACAAAACAA,0,1
CAAGACAAAGAGG,0,1
CAAGACAACCCAC,0,1
CAAGACAAGAAAA,0,1
CAAGACAAGACAA,0,1
CAAGACAAGCAAC,0,2
CAAGACAAGCAAG,0,1
CAAGACAAGGAAA,0,1
CAAGACAAGGAGC,0,1
CAAGACAAGGCAG,2,2
CAAGACACAGGGG,0,1
CAAGACACCAAGA,0,1
CAAGACACGCCCG,0,1
CAAGACAGAAGAG,0,1
CAAGACAGGACAG,0,1
CAAGACAGGCAGC,1,1
CAAGACAGGCCAG,0,1
CAAGACAGGCGCG,0,1
CAAGACCACAAAA,0,1
CAAGACCACCGCA,0,1
CAAGACCAGACCA,0,1
CAAGACCAGGCCA,0,1
CAAGACCCAAACC,0,1
CAAGACCCACAGA,1,1
CAAGACCGAGGGA,0,1
CAAGACCGCGCAA,2,2
CAAGACGACAAGA,0,1
CAAGACGACCGCC,0,1
CAAGACGAGGCGG,0,1
CAAGACGCGACAA,0,1
CAAGACGGACAGC,0,1
CAAGACGGCGCAC,0,1
CAAGAGAAAAAGC,0,1
CAAGAGAAACCAC,0,1
CAAGAGAAACGCA,0,2
CAAGAGAAAGAAA,0,2
CAAGAGAAAGCAA,0,1
CAAGAGAACCGCA,1,1
CAAGAGAACCGGC,0,1
CAAGAGAAGCAGG,1,1
CAAGAGACAAAAC,0,4
CAAGAGACAAAAG,0,1
CAAGAGACAGAGA,0,1
CAAGAGACAGGCC,1,1
CAAGAGACCAAGA,0,1
CAAGAGACCGACC,0,1
CAAGAGACGAACA,2,2
CAAGAGACGCGGC,1,1
CAAGAGAGAACAG,0,1
CAAGAGAGAAGCC,0,4
CAAGAGAGACAAA,0,1
CAAGAGAGAGAGA,0,1
CAAGAGAGAGAGG,0,1
CAAGAGAGCACAA,0,1
CAAGAGAGCGGGA,0,1
CAAGAGAGGAGCC,0,4
CAAGAGAGGCAGC,0,1
CAAGAGAGGCGCC,0,6
CAAGAGAGGGAGG,0,1
CAAGAGAGGGGCC,0,1
CAAGAGCAACCGC,0,1
CAAGAGCACACCA,0,1
CAAGAGCACCCCG,0,2
CAAGAGCACGGCC,0,1
CAAGAGCAGAACC,0,1
CAAGAGCAGCGCC,0,1
CAAGAGCCACGGG,0,1
CAAGAGCCCAGCC,0,2
CAAGAGCCCCCAG,0,1
CAAGAGCCGCGGA,0,1
CAAGAGCCGCGGG,0,1
CAAGAGCGAACGA,0,5
CAAGAGCGAACGC,0,5
CAAGAGCGAGAGA,0,1
CAAGAGCGCAGAC,0,3
CAAGAGCGCAGAG,0,1
CAAGAGCGGACCA,0,2
CAAGAGCGGACGA,0,2
CAAGAGCGGAGCC,0,20
CAAGAGGAAAAAG,0,2
CAAGAGGAAAGGA,0,2
CAAGAGGAAGCAA,0,2
CAAGAGGAAGGCA,0,1
CAAGAGGACACCA,0,1
CAAGAGGAGAAAG,0,1
CAAGAGGAGCGAC,0,1
CAAGAGGAGGAGC,0,4
CAAGAGGCAAGGC,1,1
CAAGAGGCCGGCC,0,1
CAAGAGGCGAAAA,0,1
CAAGAGGCGACAC,0,1
CAAGAGGCGACCG,0,1
CAAGAGGCGCCCC,0,1
CAAGAGGCGGGCC,0,1
CAAGAGGGAAAAG,0,1
CAAGAGGGAAGCA,0,1
CAAGAGGGAAGGG,0,1
CAAGAGGGACAGA,0,1
CAAGAGGGACGGA,0,1
CAAGAGGGAGAGA,1,2
CAAGAGGGAGGCA,2,2
CAAGAGGGCAACC,0,1
CAAGAGGGCCAAG,0,1
CAAGAGGGCGGGC,0,1
CAAGAGGGGACAG,0,1
CAAGAGGGGCCAC,0,1
CAAGAGGGGCGGA,0,1
CAAGAGGGGGCAA,1,1
CAAGCAAAAAAGA,0,1
CAAGCAAACGGCC,0,3
CAAGCAAAGAAAA,0,3
CAAGCAAAGACCA,0,1
CAAGCAAAGCAAA,0,1
CAAGCAAAGCCAG,0,1
CAAGCAACAAAAA,0,1
CAAGCAACAAAGC,0,1
CAAGCAACAAGGA,0,5
CAAGCAACAGAAA,0,1
CAAGCAACCCAGA,0,1
CAAGCAACGAAAA,0,1
CAAGCAAGAAAAA,0,1
CAAGCAAGAAACG,0,1
CAAGCAAGACGCA,0,1
CAAGCAAGAGAAA,0,1
CAAGCAAGCACAG,0,1
CAAGCACAAAAAA,0,1
CAAGCACAAACAC,0,1
CAAGCACAACAGA,0,1
CAAGCACAACCAA,0,1
CAAGCACAACCCA,0,1
CAAGCACAACCCG,0,2
CAAGCACAAGGAC,0,1
CAAGCACACACAC,0,3
CAAGCACACACAG,0,1
CAAGCACACAGGG,0,1
CAAGCACACGAAA,0,1
CAAGCACACGGCA,0,1
CAAGCACAGGCAA,0,2
CAAGCACAGGCCA,0,5
CAAGCACAGGGAC,0,1
CAAGCACCACGGA,0,1
CAAGCACCACGGG,0,1
CAAGCACCAGGGA,0,3
CAAGCACCGCGGA,0,14
CAAGCACCGCGGG,2,6
CAAGCACGAGGAA,0,1
CAAGCACGCGAGC,0,1
CAAGCAGAAGACG,0,2
CAAGCAGAAGAGA,0,1
CAAGCAGAAGCCA,0,1
CAAGCAGAAGCCG,0,1
CAAGCAGAAGCGC,0,1
CAAGCAGACACAA,0,1
CAAGCAGACGACA,0,1
CAAGCAGACGAGA,0,1
CAAGCAGAGACAA,0,1
CAAGCAGAGGAGC,0,1
CAAGCAGAGGCGA,0,1
CAAGCAGAGGGCC,0,1
CAAGCAGCAACCA,0,1
CAAGCAGCAAGCA,0,1
CAAGCAGCAGACC,0,1
CAAGCAGCAGAGC,0,1
CAAGCAGCCAGAG,0,1
CAAGCAGCCCAAG,0,1
CAAGCAGCCGGGC,0,2
CAAGCAGCGGACA,0,5
CAAGCAGCGGCAG,0,2
CAAGCAGGAGCCG,0,1
CAAGCAGGCACCG,0,1
CAAGCAGGCACGC,0,6
CAAGCAGGCAGCC,0,1
CAAGCAGGCCAAG,0,1
CAAGCAGGCGAAA,1,2
CAAGCAGGGACAG,0,1
CAAGCAGGGAGCC,0,1
CAAGCCAAAACGC,0,1
CAAGCCAACCCCC,0,1
CAAGCCAAGGAAA,0,1
CAAGCCAAGGACG,0,1
CAAGCCACAAAGC,0,1
CAAGCCACAGCAG,0,1
CAAGCCACCGCGG,0,1
CAAGCCACGGGAC,0,1
CAAGCCAGAAGAG,0,1
CAAGCCAGAGGAA,0,1
CAAGCCAGGAAGA,0,1
CAAGCCAGGCCCA,0,1
CAAGCCAGGGGGC,4,4
CAAGCCCAAAAGG,0,1
CAAGCCCAAAGAG,0,2
CAAGCCCAAGACC,0,1
CAAGCCCAGACCG,1,2
CAAGCCCAGCGAG,0,1
CAAGCCCAGGGCA,0,1
CAAGCCCAGGGCC,0,1
CAAGCCCCAAGCA,0,1
CAAGCCCCACCAG,0,1
CAAGCCCCCACAG,0,1
CAAGCCCCCAGCA,0,1
CAAGCCCCCGAAA,0,1
CAAGCCCCCGAGC,0,1
CAAGCCCGAGGCA,0,1
CAAGCCCGGAGAC,0,1
CAAGCCCGGAGCG,0,9
CAAGCCCGGCAAG,0,1
CAAGCCCGGGGCG,0,1
CAAGCCGAAAGGA,0,1
CAAGCCGACCCGG,0,1
CAAGCCGAGCCCA,0,1
CAAGCCGCCGCCG,1,1
CAAGCCGGAGCGG,0,1
CAAGCCGGCAAGC,0,1
CAAGCCGGCCGCG,0,1
CAAGCGAAGAACA,0,1
CAAGCGAAGACCA,0,1
CAAGCGAAGGACA,1,1
CAAGCGACCGAAA,0,1
CAAGCGACGAGCG,0,1
CAAGCGAGCAAAA,0,1
CAAGCGAGCAAAG,0,1
CAAGCGAGCCAAC,1,1
CAAGCGAGCGAAG,1,1
CAAGCGCACAAGA,0,1
CAAGCGCAGCCCA,0,1
CAAGCGCAGGAGC,0,2
CAAGCGCCAGGGA,0,3
CAAGCGCCCGCCG,0,1
CAAGCGCCGGCGA,0,1
CAAGCGGACAGGA,0,1
CAAGCGGAGGAGC,0,1
CAAGCGGCCGCCC,0,1
CAAGCGGCCGGAG,0,1
CAAGCGGCGCCAG,0,1
CAAGCGGGCACGA,0,1
CAAGGAAAACACC,0,1
CAAGGAAAACGAG,0,1
CAAGGAAAACGGG,0,1
CAAGGAAAAGGAG,0,1
CAAGGAAACACAG,0,1
CAAGGAAACGCAG,0,1
CAAGGAAAGAAGA,1,1
CAAGGAAAGGAGG,0,1
CAAGGAAAGGGAG,0,1
CAAGGAACACAAA,0,1
CAAGGAACAGCAA,0,1
CAAGGAACAGGCC,0,1
CAAGGAACGGAAA,1,1
CAAGGAACGGAGC,0,1
CAAGGAAGAAAGG,0,1
CAAGGAAGAACCC,0,1
CAAGGAAGAAGAA,0,1
CAAGGAAGCAGAG,1,1
CAAGGAAGCGAAC,0,1
CAAGGAAGGAAGA,0,1
CAAGGAAGGACAA,2,2
CAAGGAAGGACCA,0,1
CAAGGAAGGAGAC,0,1
CAAGGAAGGAGGC,1,1
CAAGGAAGGCAGG,0,2
CAAGGAAGGGGGC,0,1
CAAGGACAACAAG,0,1
CAAGGACAAGACC,0,1
CAAGGACAAGGGC,0,1
CAAGGACACACCC,0,1
CAAGGACAGCAAA,3,4
CAAGGACAGCAAG,0,7
CAAGGACAGCACC,0,1
CAAGGACCAAAAA,0,2
CAAGGACCAAAAC,0,13
CAAGGACCAAAAG,0,1
CAAGGACCAAACA,0,1
CAAGGACCAGCCC,0,1
CAAGGACCCAGAG,0,1
CAAGGACCCAGCA,0,1
CAAGGACCGCCCA,0,1
CAAGGAGAACGCG,0,1
CAAGGAGAAGAAC,0,1
CAAGGAGAAGCAG,0,1
CAAGGAGACCCGG,0,1
CAAGGAGACGGGA,2,2
CAAGGAGAGAACA,0,1
CAAGGAGAGAAGA,0,1
CAAGGAGAGAGAG,2,2
CAAGGAGAGCCAA,0,1
CAAGGAGAGCCAG,0,1
CAAGGAGAGCCCA,0,1
CAAGGAGAGGAGG,0,2
CAAGGAGCAAGAA,0,1
CAAGGAGCAAGCC,0,1
CAAGGAGCACGCA,0,1
CAAGGAGCCAAGC,8,11
CAAGGAGCCAGCA,0,1
CAAGGAGCCCAGC,0,1
CAAGGAGCCGCAG,0,1
CAAGGAGCGCAAA,1,1
CAAGGAGGAAAAA,0,1
CAAGGAGGAACCG,0,1
CAAGGAGGAGCAC,0,1
CAAGGAGGAGCGG,1,1
CAAGGAGGGACAG,0,1
CAAGGAGGGAGGG,0,1
CAAGGCAAAACAA,0,1
CAAGGCAAAACAG,0,1
CAAGGCAAACACA,0,1
CAAGGCAAGCAAG,0,1
CAAGGCAAGCAGC,0,1
CAAGGCAAGGACA,0,1
CAAGGCACCCAGG,0,1
CAAGGCACCCCCA,0,1
CAAGGCACGAAAC,0,2
CAAGGCAGAACGA,0,1
CAAGGCAGAGAAC,0,1
CAAGGCAGAGAAG,0,1
CAAGGCAGAGGGA,0,2
CAAGGCAGGAACA,0,1
CAAGGCAGGAAGG,0,1
CAAGGCAGGACCG,1,1
CAAGGCAGGAGGA,0,1
CAAGGCAGGCAGG,1,1
CAAGGCAGGGACA,0,1
CAAGGCAGGGGAC,0,1
CAAGGCCAAACCG,0,1
CAAGGCCAAAGGA,1,1
CAAGGCCAACAAC,0,1
CAAGGCCAACCCC,0,1
CAAGGCCAAGGGG,0,1
CAAGGCCAGACCC,0,1
CAAGGCCAGCCAG,0,1
CAAGGCCAGCCCC,0,1
CAAGGCCAGGACC,0,1
CAAGGCCCAAGAG,0,1
CAAGGCCCACACG,0,2
CAAGGCCCACCCG,0,1
CAAGGCCCAGAGG,0,1
CAAGGCCCCAGCA,0,1
CAAGGCCGAGCAA,0,1
CAAGGCCGGAAGC,0,1
CAAGGCCGGCACC,0,1
CAAGGCGAACCGA,0,1
CAAGGCGAAGGCC,0,1
CAAGGCGACAACA,0,12
CAAGGCGACCCAC,0,1
CAAGGCGACCCGA,0,1
CAAGGCGACGACA,0,1
CAAGGCGAGAAGA,0,1
CAAGGCGAGCCGA,0,1
CAAGGCGCCGGCA,0,1
CAAGGCGCGGCAG,0,1
CAAGGCGGAGCGC,0,1
CAAGGCGGCACGC,0,1
CAAGGCGGCAGAA,0,2
CAAGGCGGCAGCA,0,1
CAAGGCGGCGGAA,0,5
CAAGGCGGGCAGA,0,1
CAAGGGAAAAAGA,0,1
CAAGGGAAAACAA,0,1
CAAGGGAAACGCA,0,1
CAAGGGAAAGAAA,0,1
CAAGGGAAAGCGG,0,2
CAAGGGAACGAGG,0,1
CAAGGGAACGCAA,0,1
CAAGGGAACGGAA,0,1
CAAGGGAAGAAAG,0,1
CAAGGGAAGAACA,0,1
CAAGGGAAGAAGA,0,1
CAAGGGAAGCCCC,1,1
CAAGGGAAGGAAG,1,1
CAAGGGAAGGGCC,0,1
CAAGGGAAGGGGA,0,1
CAAGGGACAAAAA,0,2
CAAGGGACAAAAC,0,1
CAAGGGACAGCCA,0,1
CAAGGGACAGGAC,0,3
CAAGGGACAGGAG,0,1
CAAGGGACAGGGA,0,1
CAAGGGACCAAGC,1,1
CAAGGGACCCAAC,0,1
CAAGGGACGAAAC,0,2
CAAGGGAGAAGAC,1,1
CAAGGGAGACAGG,1,1
CAAGGGAGAGCAG,0,2
CAAGGGAGAGCCC,0,1
CAAGGGAGCCCAG,0,1
CAAGGGAGGAAAC,0,1
CAAGGGAGGCCCA,0,2
CAAGGGAGGGGAG,1,1
CAAGGGCAAGCAG,0,1
CAAGGGCACACCG,0,1
CAAGGGCAGCAGG,0,1
CAAGGGCAGCCGG,0,1
CAAGGGCAGGAGG,0,1
CAAGGGCCACGCC,0,1
CAAGGGCCACGGG,0,1
CAAGGGCCCGACC,0,1
CAAGGGCCGCCCG,0,1
CAAGGGCGAAGAG,0,1
CAAGGGCGAGGAG,0,1
CAAGGGCGCAGCC,0,1
CAAGGGCGGCGCG,0,1
CAAGGGCGGCGGG,0,1
CAAGGGGAAAAAG,0,1
CAAGGGGAAGCGG,1,1
CAAGGGGAGGAGA,0,1
CAAGGGGCAAAGA,0,1
CAAGGGGCAAGGG,0,1
CAAGGGGCCAAGC,1,2
CAAGGGGCGAAAC,0,1
CAAGGGGCGCAGC,0,1
CAAGGGGGAAACC,0,1
CAAGGGGGAAAGG,0,1
CAAGGGGGAGGAA,0,1
CAAGGGGGAGGAG,0,1
CAAGGGGGGCGCC,0,1
CAAGGGGGGGCGC,0,1
CACAAAAAAAAAA,0,3
CACAAAAAAAAGA,0,1
CACAAAAAAAGCA,0,2
CACAAAAAAGGAA,0,5
CACAAAAAAGGAC,0,1
CACAAAAAAGGGC,0,1
CACAAAAACAAAA,0,1
CACAAAAACACGA,0,1
CACAAAAACAGCG,0,1
CACAAAAACCAAG,0,1
CACAAAAACGCAG,0,1
CACAAAAAGCGGG,0,3
CACAAAACAAAAC,0,2
CACAAAACAACCA,0,1
CACAAAACACCGG,1,1
CACAAAACAGAAG,0,1
CACAAAACCAACA,0,1
CACAAAACCAACG,0,1
CACAAAACCAAGG,0,1
CACAAAACCACAA,0,1
CACAAAACCACAC,0,1
CACAAAACCAGCC,0,1
CACAAAACCGACG,1,1
CACAAAACGAAGG,0,2
CACAAAACGGAGG,0,5
CACAAAAGAAAAG,0,1
CACAAAAGAGAAA,0,1
CACAAAAGCAAGG,0,1
CACAAAAGCACGA,0,1
CACAAAAGCAGGA,0,1
CACAAAAGCGACC,0,1
CACAAAAGCGAGC,0,1
CACAAAAGGAAAG,0,1
CACAAACAAACCC,0,1
CACAAACAAAGAC,0,2
CACAAACAAGAAC,0,1
CACAAACAAGACG,0,1
CACAAACACACAC,0,1
CACAAACACACAG,0,1
CACAAACAGACAC,0,1
CACAAACAGCAAA,0,1
CACAAACAGGAGA,1,1
CACAAACAGGCAA,0,1
CACAAACCACCAA,0,1
CACAAACCAGGGG,0,1
CACAAACCCACAA,0,1
CACAAACCGAAGG,1,1
CACAAACCGCGAC,0,1
CACAAACCGGACC,0,16
CACAAACGAAGAC,0,1
CACAAACGCAGCC,0,1
CACAAACGCAGGC,0,1
CACAAAGAACACA,2,3
CACAAAGAACGCG,0,1
CACAAAGAACGGC,0,1
CACAAAGAAGGCC,0,1
CACAAAGACAAAC,0,2
CACAAAGACCCCC,0,1
CACAAAGACGCAG,0,1
CACAAAGAGAAAA,0,1
CACAAAGAGAAAC,0,6
CACAAAGAGGCAC,0,2
CACAAAGAGGGCA,1,1
CACAAAGCAAGAA,0,3
CACAAAGCAAGGA,0,1
CACAAAGCAGAGC,0,2
CACAAAGCGAGAA,0,1
CACAAAGCGGGCC,0,1
CACAAAGGAAAAA,0,1
CACAAAGGAAAGA,0,1
CACAAAGGAAGAA,0,1
CACAAAGGCAAAG,0,1
CACAAAGGGAAAG,0,1
CACAAAGGGAACG,0,1
CACAAAGGGGAAG,0,3
CACAAAGGGGGAC,0,1
CACAACAAAACAC,0,1
CACAACAAAACGA,0,1
CACAACAACACAG,0,1
CACAACAACACCA,0,1
CACAACAACACGC,0,1
CACAACAACGGAA,0,1
CACAACAACGGGC,0,1
CACAACAAGAACA,0,1
CACAACAAGGAGA,0,1
CACAACACAAAAC,0,5
CACAACACAACAC,0,1
CACAACACAAGGA,0,1
CACAACACACACA,0,1
CACAACACAGAGA,0,1
CACAACACCAGGG,18,44
CACAACACGAAAC,0,2
CACAACACGGAGA,0,1
CACAACAGACAAC,0,1
CACAACAGACAGA,0,2
CACAACAGCCAGC,0,1
CACAACAGCCCCA,1,1
CACAACAGCCCGG,0,1
CACAACAGGAAAC,0,1
CACAACAGGAACA,0,1
CACAACCAAGCCC,0,1
CACAACCACACGA,0,1
CACAACCACAGAC,0,1
CACAACCACAGGA,3,3
CACAACCACAGGG,1,5
CACAACCAGACAG,0,1
CACAACCAGCAAG,2,2
CACAACCAGCGCA,0,3
CACAACCCACAAA,0,1
CACAACCCACAGA,0,1
CACAACCCAGCAC,0,3
CACAACCCCACCC,0,2
CACAACCCCAGCA,0,1
CACAACCCGAGAA,0,3
CACAACCCGGCAG,0,1
CACAACCCGGGAA,0,2
CACAACCGCACGG,0,1
CACAACCGCCAGA,0,1
CACAACCGCCCAA,0,1
CACAACCGGACCA,0,1
CACAACGAACAAC,0,1
CACAACGAAGCGC,0,1
CACAACGACAGGA,0,3
CACAACGACGACA,0,1
CACAACGCAGCCC,0,1
CACAACGCCAGGG,1,1
CACAACGCGAAGA,1,1
CACAACGGCAAAG,0,1
CACAACGGGCCAG,1,1
CACAAGAAAAAAG,0,1
CACAAGAAAAAGC,0,1
CACAAGAAAAAGG,0,1
CACAAGAAAACCA,1,1
CACAAGAAACACA,0,1
CACAAGAACCAAA,0,1
CACAAGAAGAAAA,0,3
CACAAGAAGAAGA,0,3
CACAAGAAGAGCC,0,1
CACAAGAAGGGCC,0,1
CACAAGACAAGAA,0,1
CACAAGACAGAAG,0,1
CACAAGACCGAGC,0,1
CACAAGACGCACA,0,1
CACAAGAGAAGCA,1,1
CACAAGAGAGCAA,0,1
CACAAGAGAGCCA,0,1
CACAAGAGCAAGC,0,1
CACAAGAGCCCAA,0,1
CACAAGAGGAAAA,1,1
CACAAGAGGGCCA,0,1
CACAAGCAAAGAC,0,2
CACAAGCAAAGCG,0,1
CACAAGCAACGAA,0,1
CACAAGCAAGAAG,1,1
CACAAGCAAGAGA,0,1
CACAAGCACAACC,0,4
CACAAGCACACAC,0,1
CACAAGCACCAAC,0,2
CACAAGCACGAGG,0,1
CACAAGCAGAAGC,0,1
CACAAGCAGAGCA,1,1
CACAAGCAGCAGG,0,1
CACAAGCAGCGGA,0,5
CACAAGCCAAAAC,0,1
CACAAGCCAAGCC,0,1
CACAAGCCAGAGA,1,6
CACAAGCCCAGGG,0,1
CACAAGCGGAAGC,0,1
CACAAGGAACACA,0,1
CACAAGGAGAGAA,0,1
CACAAGGAGGGGA,0,1
CACAAGGCAGACA,0,1
CACAAGGCAGAGA,0,1
CACAAGGCAGCAC,0,1
CACAAGGCCAAAG,0,1
CACAAGGCGCGGC,0,1
CACAAGGGAAAAA,0,3
CACAAGGGAACAA,0,1
CACAAGGGAACAG,0,1
CACAAGGGAAGCA,0,1
CACAAGGGAGAAG,0,1
CACAAGGGAGGAG,0,1
CACAAGGGCAAGC,0,1
CACAAGGGGACAG,0,1
CACACAAAAAAAA,0,1
CACACAAAAAAAG,0,2
CACACAAAAAACA,0,1
CACACAAAAACAC,0,1
CACACAAAAACCA,0,1
CACACAAAAAGCA,0,1
CACACAAACAAGA,0,2
CACACAAACACAA,0,1
CACACAAACACAC,0,1
CACACAAACACCA,0,1
CACACAAACAGGC,0,1
CACACAAACGCAG,0,1
CACACAAAGAACG,0,1
CACACAAAGCAAA,0,1
CACACAAAGCCGA,0,1
CACACAAAGGAAA,0,1
CACACAAAGGCAA,16,20
CACACAAAGGCAC,0,6
CACACAAAGGGGA,0,3
CACACAACAAGAG,0,2
CACACAACAAGGA,0,1
CACACAACACACA,0,1
CACACAACCACAG,4,8
CACACAACCAGCA,1,1
CACACAACCGCCA,0,1
CACACAAGAAGAA,0,4
CACACAAGAAGCC,0,1
CACACAAGAGGGC,0,1
CACACAAGCCAGA,1,6
CACACAAGGAACC,0,1
CACACAAGGCGGC,1,1
CACACACAAAAAA,0,3
CACACACAAAAAG,0,1
CACACACAAACAA,0,2
CACACACAAAGAA,0,1
CACACACAACCAC,3,3
CACACACACAAAA,0,1
CACACACACACAA,1,3
CACACACACACAC,5,32
CACACACACACAG,1,4
CACACACACACCC,0,1
CACACACACACGA,0,4
CACACACACAGAA,0,1
CACACACACAGCC,1,2
CACACACACAGGA,0,1
CACACACACCAGA,0,7
CACACACACCCAC,0,1
CACACACACGACC,0,4
CACACACACGCGC,0,1
CACACACAGAAAA,0,1
CACACACAGACCC,0,1
CACACACAGAGGA,0,1
CACACACAGCACA,0,1
CACACACAGCAGC,0,1
CACACACAGCCCG,0,1
CACACACAGGAAA,0,1
CACACACAGGCAA,0,1
CACACACAGGCAG,0,3
CACACACAGGCGG,0,2
CACACACAGGGAG,0,1
CACACACCAACAC,1,1
CACACACCCACAC,1,7
CACACACCCACCC,0,1
CACACACGAAAGC,0,1
CACACACGACCGG,0,3
CACACACGCGCCG,0,1
CACACACGGCCAA,0,1
CACACAGAAAAAA,0,1
CACACAGAAAACC,0,1
CACACAGAAACCA,0,1
CACACAGAAGCAC,0,1
CACACAGACACAC,0,1
CACACAGACACCC,0,1
CACACAGACCCCA,0,1
CACACAGACGAGA,0,1
CACACAGACGGCA,0,2
CACACAGAGAAAC,0,1
CACACAGAGACAG,0,1
CACACAGAGAGGG,0,1
CACACAGAGGCAA,0,1
CACACAGAGGCAC,0,6
CACACAGAGGCAG,0,1
CACACAGCACAAA,0,1
CACACAGCACACA,0,2
CACACAGCACACG,0,1
CACACAGCAGCAA,0,1
CACACAGCAGGGA,0,1
CACACAGCCAGGC,0,1
CACACAGCCCCCG,0,1
CACACAGCGGCAG,0,5
CACACAGCGGCCA,0,3
CACACAGCGGCGG,0,1
CACACAGCGGGCA,0,3
CACACAGGAAAAA,0,1
CACACAGGAAAAG,1,1
CACACAGGACACG,1,1
CACACAGGAGGAG,0,1
CACACAGGCAGCA,0,3
CACACAGGCCGGG,1,1
CACACAGGCGGCA,0,1
CACACAGGGAGAC,0,1
CACACAGGGCGAC,0,1
CACACCAAAAGAG,0,1
CACACCAAAGCAC,0,1
CACACCAACACAC,0,1
CACACCAACAGCG,0,1
CACACCAACAGGC,0,1
CACACCAACCAAG,0,1
CACACCAAGAGCC,0,1
CACACCACCAGCC,0,1
CACACCACCGCCG,0,1
CACACCACGGCAA,1,1
CACACCAGGAGCA,0,1
CACACCAGGGCCA,0,1
CACACCCACACGC,1,7
CACACCCACCCCC,0,1
CACACCCACCGCC,0,1
CACACCCAGGCAC,0,1
CACACCCCACACA,0,1
CACACCCCACCAC,0,1
CACACCCCACCCC,0,1
CACACCCCCACCC,0,1
CACACCCCCGGAG,0,1
CACACCCCGGGAG,0,2
CACACCCGCGCGG,0,1
CACACCCGGCGAG,0,1
CACACCCGGGCAA,0,1
CACACCGACAAAC,0,1
CACACCGACACCC,0,1
CACACCGAGGAAG,0,1
CACACCGCAGGCC,0,1
CACACCGCCAGCG,0,1
CACACCGGACGAG,1,1
CACACCGGCGGCG,0,1
CACACCGGGACGG,0,1
CACACGAAAGGAA,0,1
CACACGAAGAGAA,0,1
CACACGAAGAGAG,0,1
CACACGACAACAC,0,2
CACACGACCAAAA,0,1
CACACGACGCGGC,0,1
CACACGACGGCGC,0,1
CACACGAGCCGCA,0,2
CACACGCACAAGA,0,2
CACACGCACAGCA,0,2
CACACGCACGCAA,0,1
CACACGCAGAGCC,0,1
CACACGCAGGCAA,0,5
CACACGCAGGCAG,0,1
CACACGCCCACAC,0,3
CACACGCCCGCAC,0,3
CACACGCGCACAC,0,2
CACACGCGCCGAC,0,1
CACACGCGGAAGA,0,1
CACACGGAACCGG,0,1
CACACGGACGCAA,0,1
CACACGGCAGAGA,0,1
CACACGGCCAAAA,0,1
CACACGGCCGGCG,0,1
CACACGGCCGGGC,0,8
CACACGGCGCGAC,0,2
CACACGGCGCGGC,0,1
CACACGGCGGACG,1,1
CACACGGGGAGAG,0,1
CACACGGGGCCCC,0,1
CACAGAAAAAAAA,0,1
CACAGAAAAAAGA,0,2
CACAGAAAAGCAG,0,1
CACAGAAACAACA,0,3
CACAGAAACAGAC,0,2
CACAGAAACGAGG,0,1
CACAGAAAGACAG,0,1
CACAGAAAGCAAC,0,1
CACAGAACAAGAA,0,1
CACAGAACCAACA,0,1
CACAGAACCAGAG,0,1
CACAGAAGAAACC,0,1
CACAGAAGAGGAA,1,1
CACAGAAGCGGGA,0,1
CACAGAAGGGACC,0,1
CACAGACAAAACG,1,1
CACAGACAAAGGG,0,1
CACAGACAAGAAC,1,2
CACAGACACACAC,0,1
CACAGACACCACA,1,1
CACAGACACCCAG,0,1
CACAGACACGACC,0,1
CACAGACACGCCG,0,1
CACAGACAGACAG,0,1
CACAGACAGCAGC,0,1
CACAGACAGGCAG,51,64
CACAGACAGGGAG,0,1
CACAGACCAGGCA,0,1
CACAGACCCCACA,0,1
CACAGACCCCAGC,0,1
CACAGACGAAGGG,0,5
CACAGACGACGAG,0,1
CACAGACGACGGA,0,3
CACAGACGAGACG,0,1
CACAGACGGCACG,0,1
CACAGACGGCAGC,0,3
CACAGAGAAACCC,0,1
CACAGAGAAGACA,0,1
CACAGAGAAGGAA,0,1
CACAGAGACAAGA,0,1
CACAGAGACAGCA,0,1
CACAGAGACGGAA,0,1
CACAGAGAGACAG,0,1
CACAGAGAGAGAA,0,1
CACAGAGAGCAAG,0,1
CACAGAGAGCAGG,0,1
CACAGAGAGCGGC,0,2
CACAGAGAGGGAC,1,1
CACAGAGAGGGAG,0,1
CACAGAGCAGGGG,0,1
CACAGAGCCAAGA,0,1
CACAGAGCCACGG,0,1
CACAGAGGACCCC,0,1
CACAGAGGACGAG,0,1
CACAGAGGAGGCG,0,1
CACAGAGGAGGGA,0,1
CACAGAGGCAGGA,1,1
CACAGAGGCCCAG,0,1
CACAGAGGGACCA,0,1
CACAGAGGGGGAG,0,1
CACAGCAAAACAA,0,1
CACAGCAAACCAA,0,1
CACAGCAAAGACC,0,1
CACAGCAACAGCC,0,2
CACAGCAACAGGG,0,1
CACAGCAACCCGA,0,1
CACAGCACAACCA,0,1
CACAGCACAAGAG,0,2
CACAGCACACACA,0,1
CACAGCACACAGC,0,1
CACAGCACACGCG,0,1
CACAGCACAGCCA,0,1
CACAGCACAGGGC,0,1
CACAGCACCACAA,0,1
CACAGCACCGCAG,0,1
CACAGCACCGGCA,0,1
CACAGCACGACGG,0,1
CACAGCACGCCAG,0,1
CACAGCACGGGAG,0,1
CACAGCACGGGGG,0,1
CACAGCAGACAAA,0,1
CACAGCAGAGAGC,0,2
CACAGCAGAGGGC,0,1
CACAGCAGCCAAA,0,1
CACAGCAGCGACG,0,1
CACAGCAGCGCCG,0,1
CACAGCAGGCAGG,0,1
CACAGCAGGGAAA,0,1
CACAGCAGGGGGC,0,1
CACAGCCAAGCCA,0,1
CACAGCCACAACA,0,2
CACAGCCACACAG,0,1
CACAGCCACCACG,1,1
CACAGCCACCCCC,0,1
CACAGCCAGAAGC,0,1
CACAGCCAGAGCG,1,1
CACAGCCAGCACG,0,1
CACAGCCAGGCAG,0,1
CACAGCCCAAAGG,0,1
CACAGCCCAACAG,0,1
CACAGCCCACCAG,1,1
CACAGCCCAGCAA,0,1
CACAGCCCAGCAG,0,1
CACAGCCCAGGGC,0,1
CACAGCCCCAGGA,0,1
CACAGCCCCAGGG,0,1
CACAGCCCCCGCC,0,1
CACAGCCCCGGCC,0,1
CACAGCCCGAAAA,0,1
CACAGCCCGACAC,0,1
CACAGCCCGCACC,0,1
CACAGCCCGCCCG,0,1
CACAGCCGAGCAC,0,1
CACAGCCGCACAG,0,1
CACAGCCGCGGCC,0,1
CACAGCCGGCCAC,1,1
CACAGCGAAACGG,0,1
CACAGCGACGGAC,0,1
CACAGCGACGGCA,0,1
CACAGCGAGACGC,0,1
CACAGCGAGGCCG,0,2
CACAGCGCACAAC,1,1
CACAGCGCACAGC,0,1
CACAGCGCGGCGC,0,1
CACAGCGGAAGGG,0,1
CACAGCGGCAAGA,0,1
CACAGCGGCACCC,0,1
CACAGCGGCAGAC,0,2
CACAGCGGCAGCC,0,1
CACAGCGGCAGGC,0,2
CACAGCGGCCAGA,0,3
CACAGCGGGAAGG,0,1
CACAGCGGGAGGA,0,1
CACAGCGGGCAGA,0,3
CACAGCGGGGACG,0,1
CACAGCGGGGCCA,0,1
CACAGGAAAAGAC,0,1
CACAGGAAAAGCG,1,1
CACAGGAAACAAC,0,1
CACAGGAAGGCCA,0,2
CACAGGAAGGCCC,0,1
CACAGGAAGGGAG,0,1
CACAGGACACGGA,1,1
CACAGGACACGGG,1,1
CACAGGACAGAGC,1,1
CACAGGACAGGAG,0,1
CACAGGACCACCA,0,1
CACAGGACCCGGG,5,12
CACAGGACCGAGG,0,1
CACAGGACCGGAA,0,1
CACAGGAGAAGCC,0,1
CACAGGAGAAGCG,0,1
CACAGGAGAGCCA,1,1
CACAGGAGCAGAG,0,2
CACAGGAGCCCAA,0,2
CACAGGAGCGACC,0,1
CACAGGAGCGGCC,0,1
CACAGGAGGAGAA,0,1
CACAGGAGGCGGA,0,1
CACAGGAGGGGCA,0,1
CACAGGCAACCCA,0,1
CACAGGCAAGCCA,0,1
CACAGGCAAGGAC,1,1
CACAGGCAAGGGA,0,1
CACAGGCACAGCC,0,1
CACAGGCACCAGC,0,1
CACAGGCACCCAG,0,2
CACAGGCACGGGA,0,1
CACAGGCAGAAAC,0,1
CACAGGCAGGGAA,0,1
CACAGGCAGGGAG,0,1
CACAGGCCAAACA,0,5
CACAGGCCACAAA,0,1
CACAGGCCACCCA,0,1
CACAGGCCACCGA,0,1
CACAGGCCACGAC,0,1
CACAGGCCAGACC,0,1
CACAGGCCCAGCA,0,2
CACAGGCCCGCCA,0,1
CACAGGCCGGCAA,0,1
CACAGGCCGGGCG,1,1
CACAGGCGAAGGG,0,2
CACAGGCGAGAAG,0,2
CACAGGCGCCAAG,0,1
CACAGGGAAGAAA,0,1
CACAGGGAAGAGC,0,1
CACAGGGAAGCAA,0,1
CACAGGGAAGCGA,0,6
CACAGGGAAGGGA,0,1
CACAGGGACAAAC,0,1
CACAGGGACAACG,1,1
CACAGGGACCAAG,0,1
CACAGGGACCCAA,0,1
CACAGGGAGACAA,0,1
CACAGGGAGACAC,0,1
CACAGGGAGGGAC,0,1
CACAGGGCAAAAC,0,1
CACAGGGCAAGGA,0,1
CACAGGGCACCAC,1,1
CACAGGGCACCCC,0,1
CACAGGGCAGAAC,1,1
CACAGGGCAGAGG,1,1
CACAGGGCAGGGA,0,1
CACAGGGCAGGGC,0,1
CACAGGGCCACCC,0,1
CACAGGGCCGACC,0,1
CACAGGGCGACGG,0,1
CACAGGGCGGCAG,0,1
CACAGGGGACGAG,0,1
CACAGGGGAGCGC,0,1
CACAGGGGCAAAA,0,1
CACAGGGGCAAGC,0,1
CACAGGGGCAGAC,0,3
CACAGGGGCAGGG,0,1
CACAGGGGCCCAG,0,1
CACAGGGGCGACC,0,1
CACAGGGGGCCAG,0,1
CACAGGGGGGGCG,0,1
CACCAAAAAAAAA,0,1
CACCAAAAAAACC,0,1
CACCAAAAAAACG,0,1
CACCAAAAAACAA,0,1
CACCAAAAACACA,0,1
CACCAAAAAGAAA,0,1
CACCAAAAAGAGG,0,1
CACCAAAAAGCAA,2,2
CACCAAAACCCAA,0,2
CACCAAAACGCGA,0,1
CACCAAAACGGCC,0,1
CACCAAAAGCGCC,0,1
CACCAAAAGCGGC,0,1
CACCAAACAACCA,0,1
CACCAAACACCAG,0,1
CACCAAACAGAAA,0,1
CACCAAACCCAAA,0,1
CACCAAACGAAGC,0,1
CACCAAACGGGGG,0,1
CACCAAAGAAACA,0,1
CACCAAAGAAGGA,0,1
CACCAAAGAGAGC,0,1
CACCAAAGAGCAA,0,1
CACCAAAGCACCG,0,1
CACCAAAGCGAAA,1,1
CACCAAAGGACCA,0,1
CACCAAAGGAGAC,0,1
CACCAACAAGAGA,0,1
CACCAACACACAC,0,1
CACCAACACCACA,0,1
CACCAACACCCAG,0,1
CACCAACACGACC,0,1
CACCAACAGAAAC,0,1
CACCAACAGACAA,0,1
CACCAACAGCGCA,0,1
CACCAACAGGGGC,0,2
CACCAACCAAGCC,0,1
CACCAACCAAGGC,0,1
CACCAACCAGCCA,0,1
CACCAACCCAAAC,0,1
CACCAACCCCACC,1,1
CACCAACCCCAGG,0,2
CACCAACCCCCAG,0,1
CACCAACCGCACC,0,2
CACCAACCGCGAC,1,1
CACCAACGCGGCG,0,1
CACCAAGAAAAAA,0,1
CACCAAGAAAGAA,0,1
CACCAAGAAAGCC,0,1
CACCAAGACAAGG,0,1
CACCAAGAGAGGA,0,1
CACCAAGAGCCCC,0,1
CACCAAGCAACAA,0,1
CACCAAGCAGCAC,0,1
CACCAAGCAGCAG,0,2
CACCAAGCCCAAA,0,1
CACCAAGCCCCCC,0,1
CACCAAGGACAGA,1,1
CACCAAGGACAGG,1,8
CACCAAGGACCAA,0,1
CACCAAGGCAAGC,0,1
CACCAAGGCCGGA,0,1
CACCAAGGGAGCC,0,1
CACCAAGGGCAAC,0,4
CACCAAGGGCAGC,0,1
CACCAAGGGGCAA,1,1
CACCACAAAAGGA,0,1
CACCACAAACAAG,0,1
CACCACAAACACA,0,1
CACCACAAACCAA,0,1
CACCACAACAGAC,0,1
CACCACAACAGCC,0,1
CACCACACACCAC,0,1
CACCACACAGGCC,1,1
CACCACACCACCC,0,1
CACCACACCAGGG,0,1
CACCACACCCAGC,1,1
CACCACACCCGGG,0,1
CACCACACCGCAG,0,1
CACCACACGAGAG,0,1
CACCACACGGAGA,1,1
CACCACAGAAAAG,0,1
CACCACAGAAGGA,0,1
CACCACAGACAGC,0,1
CACCACAGAGACG,0,1
CACCACAGAGCAG,0,1
CACCACAGAGGCA,0,1
CACCACAGCCACC,1,1
CACCACAGCGACG,0,1
CACCACAGGGCAC,0,1
CACCACCAACCCC,0,1
CACCACCACAGAA,0,1
CACCACCACCAAC,0,1
CACCACCACCACA,0,1
CACCACCACCACC,0,4
CACCACCACGCCC,0,1
CACCACCACGGGC,0,1
CACCACCAGAGCA,0,1
CACCACCAGCAGC,0,1
CACCACCAGCCCC,1,2
CACCACCCAGCAG,0,1
CACCACCCGAGCC,0,1
CACCACCGAAAGA,0,1
CACCACCGAGAAA,0,1
CACCACCGAGCCA,0,1
CACCACCGCCCAC,0,1
CACCACCGCCGGC,0,1
CACCACCGGACAG,0,1
CACCACCGGCAGA,1,1
CACCACGAACAAC,1,2
CACCACGACAACA,0,2
CACCACGACAGCA,0,1
CACCACGAGAAGC,4,4
CACCACGCAGAGA,0,1
CACCACGCAGCCG,0,1
CACCACGCCCGGC,0,1
CACCACGCGCAAG,0,1
CACCACGCGGCAG,0,1
CACCACGGAAGGC,0,1
CACCACGGACGGG,0,1
CACCACGGCAACA,0,1
CACCACGGCCAAG,0,1
CACCACGGCCCAG,0,1
CACCACGGCCGCG,0,2
CACCACGGGACGC,0,1
CACCACGGGCAGG,0,1
CACCAGAAACAGG,0,1
CACCAGAAAGCAC,0,1
CACCAGAACACCA,0,1
CACCAGAACAGAA,0,1
CACCAGAAGCAAG,0,1
CACCAGAAGGCCA,0,1
CACCAGAAGGGCA,0,1
CACCAGACACGAA,0,1
CACCAGAGAACCA,1,1
CACCAGAGAAGAG,0,1
CACCAGAGACCAA,0,2
CACCAGAGAGCAG,0,2
CACCAGAGAGGGC,0,6
CACCAGAGCACGG,0,1
CACCAGAGCAGCA,0,1
CACCAGAGCCCGG,4,13
CACCAGAGGAAAC,0,1
CACCAGAGGACCA,0,1
CACCAGAGGACGA,0,1
CACCAGAGGCCAC,0,1
CACCAGAGGCCAG,0,1
CACCAGCAAAACC,0,1
CACCAGCAAAGAG,0,1
CACCAGCAAGCCA,0,1
CACCAGCACAACA,0,1
CACCAGCACCCAG,0,2
CACCAGCACCCGG,0,1
CACCAGCACGGCC,0,1
CACCAGCAGAGCA,0,1
CACCAGCAGCACA,0,1
CACCAGCAGCCAC,0,1
CACCAGCAGCCCC,0,1
CACCAGCAGCGAG,0,1
CACCAGCAGCGGA,0,1
CACCAGCCAAGAC,0,1
CACCAGCCAGACC,0,1
CACCAGCCAGCAA,0,2
CACCAGCCAGGCA,1,2
CACCAGCCCAAGG,0,1
CACCAGCCCAGAA,0,1
CACCAGCCCAGGA,0,1
CACCAGCCCAGGC,0,1
CACCAGCCCCACC,1,1
CACCAGCCGCACC,0,1
CACCAGCGAAGAG,0,1
CACCAGCGAGGAA,0,1
CACCAGCGAGGAC,0,1
CACCAGCGAGGAG,0,1
CACCAGCGCCCAA,0,1
CACCAGCGCCCGG,0,2
CACCAGGAACAGG,0,1
CACCAGGACCAGG,0,1
CACCAGGAGCAGC,0,2
CACCAGGAGGAAG,1,1
CACCAGGCACGAC,0,1
CACCAGGCAGAAA,0,1
CACCAGGCAGCCC,0,1
CACCAGGCCACCA,0,1
CACCAGGGAAGGC,0,1
CACCAGGGACAGG,1,2
CACCAGGGACCGC,0,2
CACCAGGGAGGCC,0,1
CACCAGGGCAGAG,2,2
CACCAGGGCCACA,0,2
CACCAGGGCCACC,0,1
CACCAGGGCCAGC,0,1
CACCAGGGCCAGG,0,1
CACCAGGGGCACA,0,1
CACCAGGGGCAGA,0,1
CACCAGGGGGAAG,0,1
CACCAGGGGGCAG,1,1
CACCAGGGGGGAC,0,1
CACCCAAAACGGG,0,4
CACCCAAACAACA,0,1
CACCCAAACACCC,0,2
CACCCAAAGCCAC,0,1
CACCCAACAGAAG,1,1
CACCCAACCAAAC,0,2
CACCCAACGCCGG,0,1
CACCCAAGAAAAA,0,1
CACCCAAGAAGCC,0,11
CACCCAAGCCGGG,0,1
CACCCAAGGAGAG,0,1
CACCCACAAGCAC,0,2
CACCCACACCAAG,0,1
CACCCACACCACC,0,1
CACCCACACCGAG,0,1
CACCCACACGCCC,1,7
CACCCACAGCCCC,0,2
CACCCACCAGCCC,0,1
CACCCACCAGGGA,0,1
CACCCACCCCACA,0,3
CACCCACCCCAGC,0,1
CACCCACCCCCAA,0,1
CACCCACCCCCAG,0,1
CACCCACCCGAAG,0,1
CACCCACCGCCGC,0,1
CACCCACCGGCCG,0,1
CACCCACGCAGAC,0,1
CACCCACGCGGCC,0,1
CACCCAGAACCCA,0,1
CACCCAGAAGCCC,0,1
CACCCAGACAACA,0,1
CACCCAGACCCAG,0,1
CACCCAGACCCGA,0,1
CACCCAGAGGAAA,0,1
CACCCAGAGGCAG,0,1
CACCCAGCACCAC,1,1
CACCCAGCACCGC,1,3
CACCCAGCAGGCG,0,1
CACCCAGCAGGGC,0,2
CACCCAGCCAAGC,0,1
CACCCAGCCCAAG,1,2
CACCCAGCCCACG,0,1
CACCCAGCCCAGA,0,1
CACCCAGCCCCCA,0,1
CACCCAGCCGGGA,1,2
CACCCAGCGCCGG,0,1
CACCCAGGAAGCC,0,1
CACCCAGGAAGGA,1,1
CACCCAGGCAAGG,3,4
CACCCAGGCACAA,0,1
CACCCAGGCCGAC,0,1
CACCCAGGGACAA,0,1
CACCCAGGGCACA,0,1
CACCCAGGGGGGA,0,1
CACCCCAAAACGC,0,1
CACCCCAAAAGCC,0,2
CACCCCAAACAGA,0,1
CACCCCAAAGGCC,0,1
CACCCCAACCCCC,0,1
CACCCCAACGCCA,0,1
CACCCCAAGACAC,0,1
CACCCCAAGGGAG,0,1
CACCCCACAGCAA,0,1
CACCCCACAGGCA,0,1
CACCCCACCACCA,0,1
CACCCCACCCCAG,0,1
CACCCCACCGACC,0,1
CACCCCAGACGCA,0,1
CACCCCAGAGACA,0,1
CACCCCAGAGGAG,0,1
CACCCCAGAGGCG,0,2
CACCCCAGGCCCA,0,2
CACCCCAGGGAAA,0,1
CACCCCCACCCAC,0,1
CACCCCCACCCCC,0,1
CACCCCCAGAGAA,0,4
CACCCCCCACCAC,0,1
CACCCCCCAGCAG,0,1
CACCCCCCCCAAG,0,1
CACCCCCCCCCCC,0,1
CACCCCCCGGCCC,1,1
CACCCCCGACGGC,0,1
CACCCCCGGAGAC,1,1
CACCCCCGGCGGC,0,1
CACCCCCGGGCAA,0,1
CACCCCGACCGGA,0,1
CACCCCGCAGCCC,0,1
CACCCCGCCCCCC,0,1
CACCCCGCCCGGA,0,2
CACCCCGCGAAGC,0,1
CACCCCGCGGAGC,1,1
CACCCCGCGGCCG,0,1
CACCCCGGGCACA,0,1
CACCCCGGGGCAG,0,1
CACCCCGGGGCGA,0,1
CACCCGAAAAAGA,0,1
CACCCGAAAAGAA,0,1
CACCCGAAGAAGA,0,1
CACCCGAAGCACC,0,1
CACCCGACACACC,0,1
CACCCGACAGCAG,0,1
CACCCGAGAACCG,0,2
CACCCGAGAAGAA,0,1
CACCCGAGAAGCC,0,3
CACCCGAGCCAAA,0,1
CACCCGAGCCGGA,0,3
CACCCGAGCGGGG,0,1
CACCCGCAGGAGA,0,1
CACCCGCAGGGAC,0,1
CACCCGCCAAGCG,0,1
CACCCGCCCGAAG,0,1
CACCCGCCCGGCC,0,1
CACCCGCGCAAAG,0,1
CACCCGCGCCGCG,0,1
CACCCGCGCGGAG,0,1
CACCCGGAAGCCC,0,1
CACCCGGCCAGAA,0,1
CACCCGGCCCGGC,0,1
CACCCGGCCGGGA,2,4
CACCCGGCGAGCC,0,1
CACCCGGCGCGCG,0,1
CACCCGGCGCGGC,0,1
CACCCGGCGGCGG,0,1
CACCCGGGCAAGG,7,7
CACCCGGGCACAA,0,1
CACCCGGGCCCAC,0,1
CACCCGGGCCGCC,0,1
CACCCGGGCGAAC,0,1
CACCCGGGCGCCG,0,1
CACCCGGGGCGGG,0,1
CACCCGGGGGAAG,0,1
CACCCGGGGGGAA,0,2
CACCGAAAAGAGA,0,1
CACCGAAACACGC,0,1
CACCGAACAAACA,0,1
CACCGAACACGAC,1,1
CACCGAACAGCGA,0,1
CACCGAACAGGAA,0,2
CACCGAACCCCGC,0,1
CACCGAAGAACCA,0,1
CACCGAAGCACAC,1,1
CACCGACAGGCGC,0,1
CACCGACCCAGAA,0,1
CACCGACCCCCAC,0,1
CACCGACCCCCAG,1,1
CACCGACCCGGCC,0,1
CACCGACCGAGAG,0,1
CACCGACCGGCCC,0,1
CACCGACGCCAGA,0,1
CACCGACGGAGAC,0,1
CACCGAGAAAAAA,0,1
CACCGAGAAAAAC,0,1
CACCGAGAAGCGC,0,1
CACCGAGAGCGAA,0,1
CACCGAGCACCGG,0,1
CACCGAGCACGAA,0,1
CACCGAGCAGCCG,1,1
CACCGAGCGCGGC,0,1
CACCGAGGACGGA,0,1
CACCGAGGAGGGA,0,1
CACCGAGGCAAAC,0,1
CACCGAGGCCGGA,0,1
CACCGAGGGAGGG,0,1
CACCGAGGGCAAA,0,1
CACCGCAAAAACC,0,1
CACCGCAAAAGGG,0,1
CACCGCAACAGCC,0,1
CACCGCAACCCAA,0,1
CACCGCACACAGA,0,1
CACCGCACCAAGA,0,1
CACCGCACCGAAG,1,1
CACCGCAGACCAC,1,1
CACCGCAGCGGAG,0,1
CACCGCAGGCCAC,0,2
CACCGCAGGCCCC,1,1
CACCGCCAAAGAA,0,1
CACCGCCACCGCC,0,2
CACCGCCACGGAA,0,1
CACCGCCACGGAC,0,2
CACCGCCAGCGGG,0,1
CACCGCCCACAGG,0,1
CACCGCCCACCGC,0,1
CACCGCCCAGCCC,0,1
CACCGCCCCAACA,0,1
CACCGCCCCCCGG,0,1
CACCGCCCCGGCC,0,1
CACCGCCCGCCCA,0,1
CACCGCCCGCGCC,0,1
CACCGCCGAGAAG,0,1
CACCGCCGCCACC,0,1
CACCGCCGCCCGG,0,1
CACCGCCGCCGCC,0,2
CACCGCCGCGCAC,1,1
CACCGCCGCGCCG,0,2
CACCGCCGGAAGA,0,1
CACCGCCGGAGGA,0,1
CACCGCCGGCCGA,0,1
CACCGCGACCACG,0,1
CACCGCGCAAGCC,0,1
CACCGCGCCAGAA,0,1
CACCGCGCCGCAA,2,3
CACCGCGCCGCCG,0,1
CACCGCGGAAAGC,0,13
CACCGCGGAGGAA,0,1
CACCGCGGCACAC,0,1
CACCGCGGCCGGC,0,1
CACCGCGGCGCCC,0,1
CACCGCGGGACCG,0,1
CACCGCGGGAGAA,0,1
CACCGCGGGGGAG,0,1
CACCGGAAAAGAA,0,1
CACCGGAAACCAG,1,1
CACCGGACACGAC,0,1
CACCGGACCGCCA,0,1
CACCGGACGGGGA,1,1
CACCGGAGGAGCG,0,1
CACCGGAGGGCGG,0,6
CACCGGCAAAGAC,0,1
CACCGGCAAGAAC,0,1
CACCGGCACGGCA,0,2
CACCGGCAGCAGG,0,1
CACCGGCAGCCGG,0,1
CACCGGCAGGCCC,0,1
CACCGGCCAAAAA,0,1
CACCGGCCAAAAC,0,1
CACCGGCCACGGC,0,1
CACCGGCCAGCCA,0,1
CACCGGCCCCACG,0,1
CACCGGCCCGAGA,0,1
CACCGGCCGCACG,0,1
CACCGGCCGCCGG,0,2
CACCGGCCGGAGA,0,1
CACCGGCCGGAGC,0,1
CACCGGCCGGGCC,0,1
CACCGGCGAAAAG,0,1
CACCGGCGAGCAG,0,1
CACCGGCGAGGAA,0,1
CACCGGCGCAACG,0,1
CACCGGCGCAGCG,0,1
CACCGGCGGCGAG,0,1
CACCGGCGGGCAG,0,1
CACCGGCGGGGAC,0,1
CACCGGGAAAACA,0,1
CACCGGGACGGGG,0,1
CACCGGGAGAAAA,2,3
CACCGGGAGACAA,1,1
CACCGGGAGAGGC,0,1
CACCGGGAGCAGA,2,2
CACCGGGAGGACC,1,1
CACCGGGAGGAGG,0,4
CACCGGGAGGCGA,0,1
CACCGGGCAACAA,1,1
CACCGGGCAAGAA,1,1
CACCGGGCAGAGA,0,1
CACCGGGCAGGGA,0,1
CACCGGGCGAAAA,2,3
CACCGGGCGAACA,1,1
CACCGGGCGGAGA,0,1
CACCGGGGAGACG,0,1
CACCGGGGAGGGG,0,1
CACCGGGGCGACC,0,1
CACGAAAAAAAAA,0,1
CACGAAAAAAAAG,0,1
CACGAAAACAGAC,1,1
CACGAAAACGAAC,0,1
CACGAAACAGAGA,0,3
CACGAAAGAAAGA,0,1
CACGAAAGAAAGC,0,1
CACGAAAGGAAGC,0,1
CACGAAAGGGGCA,0,1
CACGAACAAAAGA,0,1
CACGAACAAACCG,0,1
CACGAACAACACG,0,1
CACGAACCAAGGC,0,1
CACGAACCGGGAC,0,1
CACGAAGAAGAAG,0,1
CACGAAGACAACA,0,1
CACGAAGAGCAAG,0,1
CACGAAGAGGAAG,0,1
CACGAAGAGGCAG,0,1
CACGAAGCAAAGC,0,1
CACGAAGCCCAGG,0,1
CACGAAGGCAGGC,0,2
CACGACAACACAA,0,2
CACGACACAGACA,0,1
CACGACACCAGAA,0,1
CACGACACCAGGG,8,20
CACGACACGGACA,0,2
CACGACAGAACCG,0,1
CACGACAGCGGGC,0,1
CACGACCAAAAAC,0,1
CACGACCACCCAA,0,1
CACGACCACGAGC,0,1
CACGACCAGAAAG,0,1
CACGACCAGGACG,0,1
CACGACCCAGACA,0,1
CACGACGACCGAG,1,1
CACGACGACGACG,0,1
CACGACGAGGACC,0,1
CACGACGCAGGAC,0,1
CACGACGCCGCCG,0,1
CACGACGCGGCGA,0,1
CACGACGGCGCCG,0,1
CACGACGGGCAAG,0,1
CACGACGGGCCAG,0,1
CACGAGAAAAACC,0,1
CACGAGAAAACCC,0,1
CACGAGAACCCAA,0,1
CACGAGAACGAAA,0,1
CACGAGACAAAGA,0,1
CACGAGACCCCAG,0,1
CACGAGACGACAA,0,2
CACGAGAGACCAC,0,1
CACGAGAGAGAAC,0,1
CACGAGAGCGCCA,0,1
CACGAGAGGCAGC,0,3
CACGAGAGGGCAG,0,1
CACGAGCAACAGA,0,1
CACGAGCAACCGC,1,1
CACGAGCACGGCG,0,1
CACGAGCAGACAC,0,1
CACGAGCAGAGCA,1,1
CACGAGCAGCGGA,0,1
CACGAGCAGGAGA,0,1
CACGAGCAGGAGG,0,1
CACGAGCAGGCCA,0,1
CACGAGCGAAAAG,1,1
CACGAGCGCCAGA,0,1
CACGAGCGGCAAC,0,1
CACGAGCGGGAGG,0,1
CACGAGGAACACG,0,1
CACGAGGAAGAAA,0,1
CACGAGGAAGGAG,1,1
CACGAGGAAGGCG,0,1
CACGAGGACAAGG,0,1
CACGAGGACGACG,0,2
CACGAGGAGCCGC,0,1
CACGAGGAGCGGC,0,1
CACGAGGCAGCGG,0,1
CACGAGGCCACCA,0,2
CACGAGGCGGCGA,0,6
CACGAGGGCAAAG,0,1
CACGAGGGCAGAC,0,1
CACGCAAAAGCCA,0,1
CACGCAAAGGCAA,1,1
CACGCAACAAGGA,0,1
CACGCAACACACA,1,2
CACGCAACCACGA,0,8
CACGCAAGACGAG,0,1
CACGCAAGCGAGA,0,1
CACGCAAGGACAA,0,1
CACGCACAAGACC,0,3
CACGCACACACAC,1,2
CACGCACAGCAAG,0,1
CACGCACAGCACC,0,2
CACGCACAGGAAG,0,3
CACGCACCAAGCC,0,1
CACGCACCCACAA,0,1
CACGCACCGCCCC,0,1
CACGCACGAACGC,0,1
CACGCACGCAACA,0,1
CACGCACGCACGC,0,1
CACGCACGCGGGC,0,1
CACGCACGGAGGG,0,1
CACGCACGGCCGA,0,1
CACGCACGGGGAA,0,1
CACGCAGAAGGGA,0,1
CACGCAGACCAGC,0,1
CACGCAGAGACCG,0,1
CACGCAGCAACAG,0,1
CACGCAGCAAGGA,0,1
CACGCAGCACAGC,1,1
CACGCAGCCGACG,0,1
CACGCAGGAAGAA,0,2
CACGCAGGAGAGC,1,1
CACGCAGGCCCAA,0,1
CACGCAGGCGAAG,0,1
CACGCAGGCGAGC,0,1
CACGCAGGCGAGG,0,1
CACGCAGGCGCGC,0,1
CACGCAGGCGGAG,1,2
CACGCCAAAAGCC,0,1
CACGCCAAAGACC,0,1
CACGCCAAAGGAG,0,13
CACGCCAAAGGGG,0,1
CACGCCAAGAAAA,0,1
CACGCCAAGCAGC,0,1
CACGCCACCCACC,1,1
CACGCCAGCAACG,0,1
CACGCCAGCAGCG,0,1
CACGCCAGCCAGA,0,1
CACGCCAGCCGAG,0,1
CACGCCAGGCGGG,0,1
CACGCCCACCAAC,0,1
CACGCCCACGCCA,0,1
CACGCCCACGCGA,0,1
CACGCCCACGCGC,0,4
CACGCCCAGCGCC,0,1
CACGCCCCAAACG,0,1
CACGCCCCCCAAA,0,1
CACGCCCCCCGGA,0,1
CACGCCCCGCGCG,0,1
CACGCCCGAGCCC,0,2
CACGCCCGCACGC,0,1
CACGCCCGCGCAG,0,1
CACGCCCGGCCCC,0,2
CACGCCCGGCCGG,0,1
CACGCCCGGCGAG,0,1
CACGCCGAAAACA,0,1
CACGCCGACAACA,0,1
CACGCCGACACAA,0,1
CACGCCGACGGGG,0,1
CACGCCGAGCCCG,0,1
CACGCCGCAGACC,0,1
CACGCCGCCCACC,0,1
CACGCCGCGCCGC,0,1
CACGCCGCGGCAA,0,1
CACGCCGCGGCCG,0,1
CACGCCGGAGCAC,0,1
CACGCCGGAGGGA,0,1
CACGCCGGCCGGA,0,1
CACGCCGGCCGGC,0,1
CACGCCGGGGGGG,0,1
CACGCGAACACAA,0,1
CACGCGAGGAGAA,0,1
CACGCGCACGCGA,0,1
CACGCGCACGCGC,0,1
CACGCGCACGGCA,0,1
CACGCGCAGCCCC,0,2
CACGCGCAGGAGA,0,2
CACGCGCCCCGCC,0,1
CACGCGCCCGGCA,1,1
CACGCGCCGACAA,0,1
CACGCGCCGGGGG,0,1
CACGCGCGCCCAG,0,1
CACGCGCGCCGGC,0,1
CACGCGCGGGACG,0,1
CACGCGGAAGACC,0,1
CACGCGGAAGGAG,0,1
CACGCGGACGCGG,0,2
CACGCGGCACAAG,0,2
CACGCGGCAGCCG,0,1
CACGCGGCCCGCA,0,6
CACGCGGCCCGGC,1,1
CACGCGGCCGCCA,0,1
CACGCGGCGCAAA,0,1
CACGCGGCGGCGG,0,2
CACGCGGGAACCG,1,1
CACGCGGGCGGAC,0,1
CACGCGGGCGGGC,0,1
CACGCGGGGCAGA,0,1
CACGCGGGGGAAC,1,1
CACGGAAAAACCC,0,1
CACGGAAAACGAG,1,1
CACGGAAAACGGA,0,2
CACGGAAAAGGAA,0,1
CACGGAAAGCAGG,0,1
CACGGAACACGGG,1,3
CACGGAACCCAAG,0,1
CACGGAACGGCAG,0,1
CACGGAAGAAACC,0,1
CACGGAAGAGCAA,0,1
CACGGAAGAGGAC,0,5
CACGGAAGGCAAA,0,1
CACGGAAGGCGAA,1,1
CACGGAAGGGCAA,0,1
CACGGACAAAACC,0,1
CACGGACACCAAC,0,1
CACGGACACCGAA,0,1
CACGGACACCGGA,0,1
CACGGACACGGAC,0,1
CACGGACAGAACC,1,1
CACGGACAGGGAA,0,1
CACGGACCACAGC,0,1
CACGGACGGCGGC,2,2
CACGGAGAACCAG,0,1
CACGGAGACCGCG,0,1
CACGGAGAGGAGA,1,1
CACGGAGAGGCAG,0,1
CACGGAGCACCCA,0,1
CACGGAGCCAAGC,2,2
CACGGAGCCCCGA,1,1
CACGGAGCCGCGA,1,1
CACGGAGCGAGAC,1,1
CACGGAGCGCAAC,0,1
CACGGAGCGGAGG,0,1
CACGGAGGAAGGC,0,1
CACGGAGGAGAAA,0,1
CACGGAGGCGGCG,0,1
CACGGAGGGGCCG,0,1
CACGGCAAAAAAA,0,1
CACGGCAAAAGAA,1,1
CACGGCAACAACG,0,2
CACGGCAACGCAG,0,1
CACGGCAAGAGAG,0,1
CACGGCACCGACC,0,1
CACGGCACCGCAG,1,2
CACGGCAGAGAGG,0,1
CACGGCAGCCACC,0,1
CACGGCAGCCGCC,0,1
CACGGCAGCGGCG,0,1
CACGGCAGGAGCA,0,1
CACGGCAGGGCCA,0,1
CACGGCAGGGGGA,0,5
CACGGCCAAAACA,0,1
CACGGCCACCAAC,0,1
CACGGCCACCGAC,0,6
CACGGCCACGGAC,0,1
CACGGCCACGGGG,0,1
CACGGCCCAGGCG,0,1
CACGGCCGACCCG,0,1
CACGGCCGAGAAA,0,1
CACGGCCGCAACG,0,1
CACGGCCGCCGCC,1,3
CACGGCCGCGGAG,0,1
CACGGCCGGAAAA,0,2
CACGGCCGGCCGG,0,1
CACGGCCGGCGGA,0,1
CACGGCCGGGAAC,0,1
CACGGCCGGGCGG,0,5
CACGGCGACAGCG,0,2
CACGGCGACCGGA,0,1
CACGGCGAGCCGG,0,1
CACGGCGAGGCAG,0,1
CACGGCGCACCAG,0,1
CACGGCGCAGAGC,0,1
CACGGCGCCGGAG,0,1
CACGGCGCGACGA,0,2
CACGGCGCGCCAC,0,1
CACGGCGCGGCGG,0,1
CACGGCGGCAGCC,0,1
CACGGCGGCGCGG,0,1
CACGGCGGGGACA,0,6
CACGGCGGGGACG,0,1
CACGGCGGGGAGA,0,1
CACGGCGGGGGCA,0,2
CACGGGAAAGAAG,0,1
CACGGGAAAGAGC,0,1
CACGGGAAAGCCA,0,1
CACGGGAAGAGGC,0,1
CACGGGACAAGGC,0,1
CACGGGACCAGGG,0,1
CACGGGACCCGGG,2,6
CACGGGACCGGCC,0,1
CACGGGACGCCGC,0,1
CACGGGACGGCGC,0,1
CACGGGAGAAGAG,0,1
CACGGGAGGACAA,1,1
CACGGGAGGACAC,1,1
CACGGGAGGAGCG,0,1
CACGGGAGGCAGA,0,1
CACGGGAGGCCCA,0,1
CACGGGAGGCGGA,0,1
CACGGGCAAAGAC,0,3
CACGGGCACGGGC,0,1
CACGGGCAGCGGA,0,1
CACGGGCCACACC,1,1
CACGGGCCAGGGA,0,1
CACGGGCCGAGGA,0,2
CACGGGCGACAGC,2,2
CACGGGCGGAGGG,0,1
CACGGGCGGCAGA,1,2
CACGGGGACACAC,0,1
CACGGGGACGAAC,3,3
CACGGGGACGCGG,0,4
CACGGGGAGAGCA,0,1
CACGGGGAGGGGG,0,1
CACGGGGCCACGC,1,6
CACGGGGCCCACA,0,1
CACGGGGCGCCCG,0,1
CACGGGGCGCGGC,0,2
CACGGGGGCCGGC,0,1
CACGGGGGCGAGA,0,1
CAGAAAAAAACCA,0,2
CAGAAAAAAGACG,0,1
CAGAAAAAAGCAC,0,1
CAGAAAAAAGCGG,0,1
CAGAAAAACAAAA,0,1
CAGAAAAACAAGC,0,1
CAGAAAAACACGA,0,1
CAGAAAAACCAGA,0,2
CAGAAAAACCCAA,0,1
CAGAAAAACCCGA,0,2
CAGAAAAACCGAA,0,1
CAGAAAAACCGGA,0,1
CAGAAAAAGAAAG,0,1
CAGAAAAAGGCGC,0,1
CAGAAAACAAAAG,0,1
CAGAAAACAACCA,1,2
CAGAAAACAAGAG,0,1
CAGAAAACAAGCG,0,2
CAGAAAACACGCA,4,4
CAGAAAACCACAC,0,2
CAGAAAACCCAAA,0,1
CAGAAAACCCCAC,1,1
CAGAAAACCCCCC,0,1
CAGAAAACGACGC,0,1
CAGAAAACGCAAA,0,1
CAGAAAAGAACGA,0,1
CAGAAAAGACAAA,0,1
CAGAAAAGACCCA,0,1
CAGAAAAGCAGAG,0,1
CAGAAAAGCCCAA,0,1
CAGAAAAGCGACG,3,3
CAGAAAAGGAGGA,0,1
CAGAAAAGGAGGC,0,1
CAGAAACAAACCC,0,1
CAGAAACAAAGCA,1,1
CAGAAACAAAGGC,0,1
CAGAAACAAGGCC,0,1
CAGAAACACACGG,0,1
CAGAAACACCCCA,1,1
CAGAAACACGCAG,0,1
CAGAAACAGAACA,1,2
CAGAAACAGACAA,0,1
CAGAAACAGACAC,0,2
CAGAAACAGCCAC,0,1
CAGAAACAGCGGA,0,1
CAGAAACAGGACA,0,1
CAGAAACGAAGCA,0,1
CAGAAACGGCAGA,0,2
CAGAAACGGGCAG,1,1
CAGAAAGAAAACC,0,1
CAGAAAGAAAAGA,0,2
CAGAAAGAAAAGC,0,4
CAGAAAGAACAAA,0,5
CAGAAAGAACCAA,0,1
CAGAAAGAAGAGA,0,2
CAGAAAGAAGGAG,0,1
CAGAAAGACAGGC,0,1
CAGAAAGACCCAA,0,3
CAGAAAGAGCAAG,0,12
CAGAAAGAGGAGA,0,3
CAGAAAGCAGCCG,1,1
CAGAAAGCCCGCC,1,1
CAGAAAGGAAAAG,0,2
CAGAAAGGAAAGA,0,1
CAGAAAGGACCAA,0,5
CAGAAAGGAGCAG,1,1
CAGAAAGGCAAAA,0,1
CAGAAAGGCGAGA,0,1
CAGAAAGGGAAGG,0,1
CAGAAAGGGAGCC,0,1
CAGAAAGGGCAGC,1,1
CAGAAAGGGCGAG,0,1
CAGAAAGGGGAAG,0,1
CAGAAAGGGGACC,0,1
CAGAACAAACACC,0,1
CAGAACAAACGCC,0,2
CAGAACAAAGCCA,0,1
CAGAACAAAGGAC,0,1
CAGAACAAAGGCG,0,1
CAGAACAACAGAA,0,1
CAGAACAACCAGA,0,1
CAGAACAACGAAA,0,1
CAGAACAAGAACA,0,1
CAGAACACAAACA,0,1
CAGAACACCACAG,0,1
CAGAACACGCAAA,0,1
CAGAACAGAAGCA,1,1
CAGAACAGACACC,0,1
CAGAACAGAGCAC,0,1
CAGAACAGCAACA,0,1
CAGAACAGCCACA,0,1
CAGAACAGCCACG,0,1
CAGAACAGGAAGG,0,6
CAGAACAGGAGCA,1,2
CAGAACAGGCCAG,1,1
CAGAACAGGGAGA,0,1
CAGAACCAAACAC,1,1
CAGAACCACAGGG,0,1
CAGAACCAGAGAG,0,1
CAGAACCAGAGGG,0,1
CAGAACCCAAGAG,0,1
CAGAACCCCCGCC,0,1
CAGAACCCGCAAA,0,1
CAGAACCGCGGCC,1,1
CAGAACGCAGCGG,1,1
CAGAACGCCCAAC,0,1
CAGAACGCGGCAC,1,1
CAGAACGGGAAGC,0,1
CAGAACGGGAAGG,0,6
CAGAACGGGCCAC,0,1
CAGAAGAAAAAAC,0,1
CAGAAGAAAAGAA,0,2
CAGAAGAAACAAA,0,1
CAGAAGAAACAAC,0,2
CAGAAGAAAGAGA,8,8
CAGAAGAAAGGGA,2,2
CAGAAGAACAGGG,0,1
CAGAAGAAGCAGA,0,1
CAGAAGAAGCAGC,0,1
CAGAAGAAGCAGG,1,1
CAGAAGACAAAAG,0,1
CAGAAGACAAAGG,0,1
CAGAAGACAACAC,0,1
CAGAAGACACGAA,0,2
CAGAAGACAGGGA,1,1
CAGAAGACCAACA,0,1
CAGAAGACCCGAG,1,1
CAGAAGACGCAGG,0,1
CAGAAGAGAACAC,0,1
CAGAAGAGACAGC,0,2
CAGAAGAGACCAA,0,1
CAGAAGAGACCCC,0,1
CAGAAGAGAGACA,1,1
CAGAAGAGAGAGA,29,42
CAGAAGAGAGCCA,0,1
CAGAAGAGAGCGA,2,2
CAGAAGAGAGCGG,0,1
CAGAAGAGAGGGA,8,8
CAGAAGAGCAAAG,1,1
CAGAAGAGCAGAA,0,1
CAGAAGAGCAGGG,0,1
CAGAAGAGCCAAA,0,1
CAGAAGAGCGAGC,0,5
CAGAAGAGGAACA,1,1
CAGAAGAGGAAGC,0,2
CAGAAGAGGCAAG,0,1
CAGAAGCAAAAGA,1,1
CAGAAGCAAAGCC,0,1
CAGAAGCAACAGC,0,1
CAGAAGCAAGCCA,0,1
CAGAAGCACACGC,0,1
CAGAAGCACCACC,0,1
CAGAAGCACGCCC,0,1
CAGAAGCAGAGAG,0,1
CAGAAGCAGAGCA,1,1
CAGAAGCAGCACA,0,1
CAGAAGCAGCAGA,0,1
CAGAAGCAGCCAC,0,1
CAGAAGCAGGAAC,0,1
CAGAAGCAGGGAG,2,2
CAGAAGCAGGGCG,1,1
CAGAAGCCAAAAC,0,1
CAGAAGCCAAGAA,0,1
CAGAAGCCAGCCA,0,1
CAGAAGCCCCAGA,0,1
CAGAAGCCGAGAG,0,1
CAGAAGCGAACCC,0,1
CAGAAGCGCAAAC,0,1
CAGAAGCGGAGGA,0,1
CAGAAGCGGCAAG,0,1
CAGAAGCGGGAAA,0,1
CAGAAGGAAAACC,1,1
CAGAAGGAAAAGA,0,1
CAGAAGGAAAGAA,2,2
CAGAAGGAAAGGA,1,1
CAGAAGGAACCAA,0,1
CAGAAGGAAGAGC,0,2
CAGAAGGAAGAGG,0,1
CAGAAGGACAAAA,0,1
CAGAAGGACCAGG,0,1
CAGAAGGACCCAG,0,1
CAGAAGGAGAACC,2,4
CAGAAGGAGAAGC,0,1
CAGAAGGAGGAGC,0,1
CAGAAGGAGGAGG,0,1
CAGAAGGAGGGGG,0,1
CAGAAGGCACAGA,0,1
CAGAAGGCACCAC,0,1
CAGAAGGCACCCA,0,1
CAGAAGGCAGACG,0,1
CAGAAGGCCAGGC,0,1
CAGAAGGCGACGC,0,1
CAGAAGGCGCGCG,0,1
CAGAAGGGAAAGA,0,1
CAGAAGGGAAGAA,0,2
CAGAAGGGACCAA,0,3
CAGAAGGGAGACA,0,1
CAGAAGGGAGAGC,0,1
CAGAAGGGCAAAC,0,3
CAGAAGGGCACGC,0,2
CAGAAGGGCAGAA,0,1
CAGAAGGGGACAG,1,1
CAGAAGGGGCAGC,0,1
CAGAAGGGGCCAG,2,3
CAGAAGGGGGCGC,0,1
CAGACAAAAACGA,0,1
CAGACAAAACACA,0,1
CAGACAAAACGAC,0,1
CAGACAAACAGGA,1,1
CAGACAAACCACC,0,1
CAGACAAAGCCCA,0,1
CAGACAAAGGCGG,0,1
CAGACAACAAGAA,0,1
CAGACAACACCAA,0,1
CAGACAACAGCAC,0,1
CAGACAACGAAGA,1,1
CAGACAAGAACAG,0,1
CAGACAAGAAGGG,0,1
CAGACAAGAGGGC,0,1
CAGACAAGCACAG,0,5
CAGACAAGCCACC,0,1
CAGACAAGGCACC,0,1
CAGACAAGGCAGG,0,1
CAGACACAAAACA,0,1
CAGACACAAAACC,1,1
CAGACACACAAAG,0,1
CAGACACACAAGC,1,6
CAGACACACGGAC,0,1
CAGACACCAAAAA,0,1
CAGACACCACAGA,1,1
CAGACACCAGAAA,0,1
CAGACACCAGACA,0,1
CAGACACCAGCAC,0,1
CAGACACCGCAAA,0,1
CAGACACGAACAA,0,1
CAGACACGAAGAA,0,1
CAGACACGACCAG,0,1
CAGACACGCCGAC,0,1
CAGACAGACAGAC,0,2
CAGACAGACCCAA,0,1
CAGACAGACCCGG,0,1
CAGACAGACGGCA,0,1
CAGACAGAGCACA,0,1
CAGACAGCAAGCA,1,1
CAGACAGCAGAAA,0,1
CAGACAGCAGAGC,0,1
CAGACAGCAGCCA,0,1
CAGACAGCAGCCC,0,1
CAGACAGCAGCGC,0,2
CAGACAGCAGGGA,0,1
CAGACAGCCACAC,0,1
CAGACAGCCCCAA,0,1
CAGACAGCGAACC,0,1
CAGACAGCGGGCG,0,1
CAGACAGGAAAGA,0,1
CAGACAGGAGCGG,0,1
CAGACAGGCAACC,1,1
CAGACAGGCAGAC,0,4
CAGACAGGCCAGG,0,1
CAGACAGGCCGAA,0,1
CAGACAGGCCGAG,0,1
CAGACAGGCGGAG,0,3
CAGACAGGGACAC,1,1
CAGACAGGGAGAG,1,1
CAGACAGGGAGGG,0,1
CAGACAGGGCAAA,1,1
CAGACAGGGCCAC,0,1
CAGACCAAAAGGA,0,1
CAGACCAAAGCCC,0,1
CAGACCAAGGACA,0,1
CAGACCAAGGCAC,0,1
CAGACCAAGGCCA,0,1
CAGACCAAGGCCC,0,1
CAGACCACAGCAG,0,1
CAGACCACCGCCG,0,1
CAGACCACGCCGG,0,2
CAGACCAGAGGGG,0,2
CAGACCAGCACCA,1,1
CAGACCAGCAGGG,0,1
CAGACCAGGCAAG,0,1
CAGACCCAACCAC,0,1
CAGACCCACAGGC,0,1
CAGACCCACCGAG,0,6
CAGACCCACCGGG,0,12
CAGACCCACGGGC,0,1
CAGACCCAGGAAA,0,1
CAGACCCAGGACA,0,1
CAGACCCAGGGGC,0,1
CAGACCCCACAGC,0,1
CAGACCCCCCGCG,0,1
CAGACCCCGACCC,0,1
CAGACCCCGCGGC,0,1
CAGACCCGACGCG,0,1
CAGACCCGCCGGG,0,1
CAGACCGAAAGAG,0,1
CAGACCGCAAAAA,1,2
CAGACCGCACGGA,0,1
CAGACCGCAGCCG,0,2
CAGACCGGCGACG,0,1
CAGACGAACAGAA,1,1
CAGACGAACCACG,0,1
CAGACGACAAAGA,0,1
CAGACGACACCGG,0,1
CAGACGACACGAG,0,2
CAGACGAGAAGAG,0,1
CAGACGAGACGAC,0,1
CAGACGAGAGAGC,0,1
CAGACGAGCCGAA,0,1
CAGACGAGCGCGA,0,1
CAGACGAGGAGAA,0,1
CAGACGAGGGAGC,0,1
CAGACGCAGAGGC,1,1
CAGACGCAGCAGC,0,1
CAGACGCCGCACG,0,1
CAGACGCCGCGCG,0,2
CAGACGCCGGCGG,0,1
CAGACGCGGGACG,0,1
CAGACGGACAGAC,1,1
CAGACGGACAGGA,0,1
CAGACGGACCGAC,0,1
CAGACGGACGGGC,0,2
CAGACGGAGGGAG,0,1
CAGACGGCAAGAG,0,1
CAGACGGCACGAC,0,1
CAGACGGCAGAAA,1,1
CAGACGGCAGCGC,0,1
CAGACGGCAGGAA,0,1
CAGACGGCCACAC,0,3
CAGACGGCCACAG,0,1
CAGACGGCCCACC,0,1
CAGACGGGCACGG,0,2
CAGAGAAAAAGAG,1,1
CAGAGAAAAAGGA,0,1
CAGAGAAAACAAA,0,1
CAGAGAAAACCGG,0,1
CAGAGAAAACGGG,0,1
CAGAGAAAAGAAA,0,1
CAGAGAAAAGACA,0,1
CAGAGAAACCCCC,0,1
CAGAGAAAGAACC,0,4
CAGAGAAAGAAGA,0,1
CAGAGAAAGACCC,0,1
CAGAGAAAGAGAC,0,1
CAGAGAAAGAGAG,0,1
CAGAGAAAGGAAC,0,2
CAGAGAAAGGGAG,0,1
CAGAGAACAAAAA,0,1
CAGAGAACAAAGG,1,1
CAGAGAACACAGG,0,1
CAGAGAACAGAAA,1,1
CAGAGAACAGGCC,0,1
CAGAGAACGCGAG,0,1
CAGAGAAGAAGAA,0,1
CAGAGAAGAAGAC,0,2
CAGAGAAGAAGCC,0,1
CAGAGAAGAAGGA,0,1
CAGAGAAGAGAAA,0,1
CAGAGAAGAGAGA,0,1
CAGAGAAGAGAGG,0,1
CAGAGAAGAGGGA,0,1
CAGAGAAGCCACC,0,1
CAGAGAAGCCAGG,0,7
CAGAGAAGGAAGA,0,1
CAGAGAAGGAAGC,0,1
CAGAGAAGGCCGC,0,1
CAGAGAAGGGGAC,0,1
CAGAGACAAAAAC,0,1
CAGAGACAAACGA,0,1
CAGAGACAACACG,0,1
CAGAGACAAGAAG,0,1
CAGAGACACCAGA,0,1
CAGAGACACCCCA,0,1
CAGAGACACGCCG,0,2
CAGAGACAGGAGC,1,3
CAGAGACCAAAAA,0,1
CAGAGACCACCGA,0,1
CAGAGACCAGACC,0,1
CAGAGACCAGACG,1,1
CAGAGACCCACCC,0,1
CAGAGACCCGGGG,0,2
CAGAGACCGAAGA,0,1
CAGAGACCGGGGC,0,2
CAGAGACGAGGCC,0,1
CAGAGACGCAGCG,0,1
CAGAGACGCCCAG,0,1
CAGAGACGGAGAG,0,1
CAGAGAGAACCGA,0,1
CAGAGAGACAGGG,0,1
CAGAGAGACCAGG,0,1
CAGAGAGAGAACA,0,1
CAGAGAGAGAAGC,0,1
CAGAGAGAGACCA,0,2
CAGAGAGAGAGAA,0,6
CAGAGAGAGAGAC,0,1
CAGAGAGAGAGAG,1,2
CAGAGAGAGAGGC,0,1
CAGAGAGAGAGGG,0,1
CAGAGAGAGGCAG,0,1
CAGAGAGAGGCCA,0,5
CAGAGAGAGGGAG,0,1
CAGAGAGAGGGGA,0,1
CAGAGAGCAAGGA,0,1
CAGAGAGCAAGGC,0,1
CAGAGAGCACACG,8,17
CAGAGAGCACGGA,1,1
CAGAGAGCAGAAA,0,2
CAGAGAGCAGGCC,0,1
CAGAGAGCAGGGC,0,1
CAGAGAGCCAGAG,0,1
CAGAGAGCCAGGA,0,1
CAGAGAGCCAGGC,0,1
CAGAGAGCCAGGG,0,1
CAGAGAGCCCAAC,0,1
CAGAGAGCCCCGA,0,1
CAGAGAGCCCCGG,0,1
CAGAGAGCGAGAC,19,26
CAGAGAGCGCCGC,0,1
CAGAGAGGAAACC,0,1
CAGAGAGGAAGAA,0,1
CAGAGAGGAAGAC,0,2
CAGAGAGGAAGCA,0,1
CAGAGAGGAAGCC,1,2
CAGAGAGGAGAAA,0,1
CAGAGAGGAGAGA,0,1
CAGAGAGGAGCGG,0,1
CAGAGAGGAGGAG,0,1
CAGAGAGGCAGCG,0,10
CAGAGAGGCAGGC,0,1
CAGAGAGGCAGGG,0,1
CAGAGAGGCCAGG,0,3
CAGAGAGGCGAGA,0,5
CAGAGAGGGACAA,0,1
CAGAGAGGGACAG,1,1
CAGAGAGGGACCA,0,1
CAGAGAGGGAGAC,0,1
CAGAGAGGGCAAC,0,6
CAGAGAGGGGAAA,0,2
CAGAGAGGGGACC,0,4
CAGAGAGGGGAGA,0,2
CAGAGAGGGGGAG,0,5
CAGAGAGGGGGCC,0,1
CAGAGCAAAACAG,1,1
CAGAGCAACAAAG,0,1
CAGAGCAACACGC,0,1
CAGAGCAACCGAG,0,1
CAGAGCAAGAACA,0,1
CAGAGCAAGACAA,0,1
CAGAGCAAGCGCA,0,1
CAGAGCACAAAAC,0,1
CAGAGCACAGCGC,0,1
CAGAGCACAGCGG,0,1
CAGAGCACGCACC,0,1
CAGAGCAGAAACA,1,2
CAGAGCAGAAGGA,0,1
CAGAGCAGAGAAA,0,7
CAGAGCAGAGACA,0,11
CAGAGCAGAGAGC,1,1
CAGAGCAGCAAGC,0,1
CAGAGCAGCCGAC,0,1
CAGAGCAGGACGC,0,2
CAGAGCAGGCAAG,0,1
CAGAGCAGGCACA,2,2
CAGAGCAGGCAGC,0,1
CAGAGCAGGGCAG,0,1
CAGAGCAGGGCCC,0,1
CAGAGCAGGGCCG,0,2
CAGAGCAGGGCGC,1,1
CAGAGCAGGGGAA,0,1
CAGAGCCAAAAAA,0,1
CAGAGCCAAGACC,0,1
CAGAGCCAAGCCG,0,1
CAGAGCCAAGGCG,0,2
CAGAGCCACACGC,0,1
CAGAGCCACCCAG,0,2
CAGAGCCACCGGC,0,2
CAGAGCCACGGCC,0,1
CAGAGCCACGGGG,0,2
CAGAGCCAGCCCC,0,1
CAGAGCCAGCCGC,1,1
CAGAGCCAGCGCC,0,1
CAGAGCCAGGCAG,0,1
CAGAGCCCAACGG,0,1
CAGAGCCCACAAC,1,1
CAGAGCCCACCAG,0,1
CAGAGCCCACCGA,0,2
CAGAGCCCACCGG,0,4
CAGAGCCCAGACA,0,1
CAGAGCCCAGACC,0,1
CAGAGCCCAGGGA,0,1
CAGAGCCCAGGGC,0,3
CAGAGCCCCAGAC,0,1
CAGAGCCCCGCGG,0,1
CAGAGCCCGAAAA,0,1
CAGAGCCCGGAGA,0,1
CAGAGCCGCCCGC,0,3
CAGAGCCGCGACG,0,1
CAGAGCCGCGGCC,0,1
CAGAGCCGGAGCA,0,1
CAGAGCCGGCGCC,0,4
CAGAGCCGGGCCC,0,1
CAGAGCGAAGAAG,0,1
CAGAGCGACAAGG,0,1
CAGAGCGACCCAA,0,1
CAGAGCGACCCAC,0,1
CAGAGCGAGAACC,1,1
CAGAGCGAGAGAA,0,1
CAGAGCGAGGGGC,0,1
CAGAGCGCAAACC,0,1
CAGAGCGCAAAGA,0,1
CAGAGCGCACGAG,1,1
CAGAGCGCCAGCG,1,1
CAGAGCGCCGAAC,1,1
CAGAGCGCCGAGG,0,1
CAGAGCGCGCGGG,0,1
CAGAGCGGACCGG,0,2
CAGAGCGGAGAGG,0,3
CAGAGCGGCGAAC,0,1
CAGAGCGGCGGAG,1,1
CAGAGCGGGCACA,0,1
CAGAGCGGGGCGG,0,1
CAGAGGAAAAAAA,0,1
CAGAGGAAAGAGC,0,1
CAGAGGAACAAGG,1,1
CAGAGGAACGGAG,1,1
CAGAGGAAGAGAA,0,1
CAGAGGAAGCAGC,1,1
CAGAGGAAGCCAG,0,1
CAGAGGAAGCCGC,0,1
CAGAGGAAGGCAG,0,1
CAGAGGAAGGGAA,0,3
CAGAGGACAAGAA,0,1
CAGAGGACACACC,0,1
CAGAGGACACAGG,1,1
CAGAGGACAGCCA,0,1
CAGAGGACAGCCG,0,1
CAGAGGACCAAAA,0,2
CAGAGGACCCAAG,0,2
CAGAGGACCCAGA,1,1
CAGAGGACCCAGC,0,1
CAGAGGACGAGAG,0,1
CAGAGGACGAGGG,1,1
CAGAGGAGAAAAG,1,1
CAGAGGAGAAAGA,0,1
CAGAGGAGACAGG,0,1
CAGAGGAGACGAG,1,1
CAGAGGAGAGCGA,0,1
CAGAGGAGAGGAA,0,1
CAGAGGAGAGGAG,0,1
CAGAGGAGCACGA,0,3
CAGAGGAGCAGGA,0,1
CAGAGGAGCAGGG,0,1
CAGAGGAGCCACC,0,1
CAGAGGAGCCCGA,0,1
CAGAGGAGCGGCA,0,1
CAGAGGAGCGGCC,0,1
CAGAGGAGGAAAA,0,1
CAGAGGAGGAAGA,1,1
CAGAGGAGGAAGC,0,1
CAGAGGAGGAGAG,1,1
CAGAGGAGGAGCA,0,1
CAGAGGAGGCAGG,1,1
CAGAGGAGGCCGC,0,1
CAGAGGAGGCGGG,0,1
CAGAGGAGGGAAA,0,1
CAGAGGCAAAGGA,1,1
CAGAGGCAAGAGG,1,1
CAGAGGCACAGAA,0,1
CAGAGGCACAGGA,1,1
CAGAGGCACGAAA,0,1
CAGAGGCAGAGAG,1,3
CAGAGGCAGCAGG,1,1
CAGAGGCAGCCCG,0,1
CAGAGGCAGCCGC,0,1
CAGAGGCAGGAAC,0,2
CAGAGGCAGGAGG,2,2
CAGAGGCAGGCCC,0,1
CAGAGGCCACAGA,0,1
CAGAGGCCACCAG,0,1
CAGAGGCCACGAA,0,1
CAGAGGCCAGGCC,0,1
CAGAGGCCAGGGA,0,1
CAGAGGCCAGGGG,0,1
CAGAGGCCCAAAG,0,1
CAGAGGCCCAGAG,0,2
CAGAGGCCCAGCA,0,1
CAGAGGCCCCACC,0,1
CAGAGGCCCCGGG,0,1
CAGAGGCCGCCGG,0,1
CAGAGGCGACGGC,0,1
CAGAGGCGAGAAG,0,1
CAGAGGCGAGGAG,0,1
CAGAGGCGCAGAG,13,15
CAGAGGCGCCCGG,0,2
CAGAGGCGGAACA,1,1
CAGAGGCGGAGAG,0,1
CAGAGGGAAAACA,0,1
CAGAGGGAAAAGA,0,1
CAGAGGGAAGCAC,0,1
CAGAGGGAAGCGC,0,3
CAGAGGGAAGCGG,0,1
CAGAGGGACCACC,0,1
CAGAGGGACCGAG,0,1
CAGAGGGACGAAA,0,1
CAGAGGGACGACG,0,1
CAGAGGGAGAACG,1,1
CAGAGGGAGAAGC,1,2
CAGAGGGAGACGA,0,1
CAGAGGGAGAGAG,0,1
CAGAGGGAGCCAA,0,1
CAGAGGGAGGAAA,0,1
CAGAGGGAGGAGA,0,1
CAGAGGGAGGAGG,1,1
CAGAGGGAGGCCA,0,1
CAGAGGGAGGCCC,0,1
CAGAGGGAGGGCA,0,1
CAGAGGGCAAAAA,0,7
CAGAGGGCAAAAG,0,1
CAGAGGGCAACAG,0,1
CAGAGGGCAACGC,0,1
CAGAGGGCACAGA,0,1
CAGAGGGCACAGG,1,2
CAGAGGGCACCGC,0,1
CAGAGGGCCAACA,0,1
CAGAGGGCCAGAA,0,1
CAGAGGGCCAGGA,0,1
CAGAGGGCCCCCC,0,2
CAGAGGGCGAGGC,0,1
CAGAGGGCGCACG,0,1
CAGAGGGGAAAGA,0,1
CAGAGGGGACCGC,0,1
CAGAGGGGAGGAG,0,1
CAGAGGGGCAAGC,0,4
CAGAGGGGCGACC,1,1
CAGAGGGGGAAGA,0,1
CAGAGGGGGAGAG,0,1
CAGCAAAAAAAAA,0,1
CAGCAAAAAAACC,0,1
CAGCAAAAACAAC,0,1
CAGCAAAAAGAAA,0,1
CAGCAAAAAGAAC,1,1
CAGCAAAACAAAG,0,1
CAGCAAAACACAG,1,1
CAGCAAAACCACC,0,1
CAGCAAAACGGCG,0,1
CAGCAAAAGCCCC,0,1
CAGCAAAAGGAAC,0,1
CAGCAAAAGGAAG,1,1
CAGCAAAAGGGCA,0,1
CAGCAAACAGAAA,0,1
CAGCAAACAGCAG,1,1
CAGCAAACAGGGA,0,1
CAGCAAACCACAA,0,1
CAGCAAACCGAAA,0,1
CAGCAAACGCACA,0,3
CAGCAAACGGCAA,0,1
CAGCAAAGAAGAG,0,1
CAGCAAAGACCAA,0,1
CAGCAAAGCAAAC,0,1
CAGCAAAGCAAGC,0,1
CAGCAAAGCACCG,1,1
CAGCAAAGCCAGG,0,1
CAGCAAAGCGAAA,1,1
CAGCAAAGCGCGC,0,1
CAGCAAAGGGAGG,2,4
CAGCAAAGGGGAA,3,4
CAGCAAAGGGGAC,1,1
CAGCAAAGGGGAG,0,5
CAGCAAAGGGGGG,1,3
CAGCAACAACCCG,0,1
CAGCAACAAGGGC,0,1
CAGCAACAGCAAA,0,2
CAGCAACAGCACA,0,1
CAGCAACAGCAGC,1,1
CAGCAACAGCCAG,0,2
CAGCAACAGCGGC,1,1
CAGCAACCAAACA,0,1
CAGCAACCCACAG,0,1
CAGCAACGCACAC,0,1
CAGCAACGCCGAG,0,1
CAGCAACGGAGGG,0,1
CAGCAAGAACCAC,0,1
CAGCAAGAAGAGA,1,1
CAGCAAGAAGAGG,0,1
CAGCAAGAAGGAA,1,1
CAGCAAGAGAACC,1,1
CAGCAAGAGACCG,0,1
CAGCAAGAGGAGA,0,1
CAGCAAGAGGCCG,0,1
CAGCAAGCAACAA,0,1
CAGCAAGCACACA,0,1
CAGCAAGCAGCCC,0,1
CAGCAAGCCCAGA,0,2
CAGCAAGCCGGAG,0,1
CAGCAAGCGAAGA,0,1
CAGCAAGCGGACA,0,1
CAGCAAGGAACGG,0,1
CAGCAAGGAAGGC,0,2
CAGCAAGGAAGGG,0,1
CAGCAAGGACCAC,0,1
CAGCAAGGCAAGA,0,1
CAGCAAGGCAAGG,0,1
CAGCAAGGCACAC,0,1
CAGCAAGGCAGAA,0,1
CAGCAAGGCAGGG,0,1
CAGCAAGGCGAAC,0,1
CAGCAAGGCGACC,0,1
CAGCAAGGGAAGA,0,1
CAGCAAGGGAGAA,1,1
CAGCAAGGGGCAA,0,1
CAGCAAGGGGGCG,0,1
CAGCACAAACAGA,0,1
CAGCACAACACAG,0,1
CAGCACAACACGA,1,1
CAGCACAAGAAGA,0,1
CAGCACACAAAAC,1,1
CAGCACACAACAA,0,2
CAGCACACACAGA,0,1
CAGCACACACAGC,0,1
CAGCACACACAGG,0,1
CAGCACACAGCAC,0,1
CAGCACACCGCCC,0,1
CAGCACACCGGCC,0,1
CAGCACACGAGCG,0,1
CAGCACAGAAGAC,0,1
CAGCACAGACAGA,0,1
CAGCACAGAGAAG,0,1
CAGCACAGCAGCC,0,1
CAGCACAGCCAGC,0,1
CAGCACAGGACCA,0,1
CAGCACAGGCAGC,1,1
CAGCACAGGCCAG,0,1
CAGCACAGGCCCA,0,2
CAGCACAGGGGGC,0,1
CAGCACCAACCGC,0,2
CAGCACCAAGGAC,1,10
CAGCACCACAACA,0,1
CAGCACCACCAAG,3,3
CAGCACCACCACC,0,2
CAGCACCACCAGC,0,1
CAGCACCACGGCC,0,1
CAGCACCAGCCCA,0,1
CAGCACCAGCCGC,0,1
CAGCACCAGCGAG,0,2
CAGCACCAGCGCC,0,1
CAGCACCAGGCAC,0,1
CAGCACCAGGGAC,0,1
CAGCACCCAAACA,0,1
CAGCACCCAGACA,0,1
CAGCACCCAGACC,0,1
CAGCACCCAGCAC,1,1
CAGCACCCAGCGC,0,1
CAGCACCCGGCCC,0,1
CAGCACCGAGAGC,0,1
CAGCACCGCAGGC,0,1
CAGCACCGCGCGG,0,1
CAGCACCGCGGCC,0,1
CAGCACCGGCACG,0,1
CAGCACCGGCGAG,0,1
CAGCACGACGGGC,0,1
CAGCACGCACGAA,0,1
CAGCACGCAGGAG,1,2
CAGCACGCAGGCG,0,1
CAGCACGCAGGGG,1,1
CAGCACGCCAAGC,0,1
CAGCACGCCCACG,0,5
CAGCACGCGCCGG,1,1
CAGCACGCGGAAG,0,1
CAGCACGGACCAC,0,1
CAGCACGGCGGCG,0,1
CAGCACGGGAGGC,0,1
CAGCACGGGGCCC,0,1
CAGCACGGGGCGC,0,1
CAGCAGAAAAAGG,0,1
CAGCAGAAACCAA,0,1
CAGCAGAAAGAAG,0,1
CAGCAGAACAGGG,0,1
CAGCAGAACCCAA,0,1
CAGCAGAACGCAG,0,1
CAGCAGAAGAAGG,0,1
CAGCAGAAGAGAG,0,3
CAGCAGAAGAGCA,1,1
CAGCAGAAGAGGC,0,1
CAGCAGAAGCAAC,0,1
CAGCAGAAGCAGG,0,3
CAGCAGAAGCCGG,0,1
CAGCAGAAGGCGG,0,2
CAGCAGAAGGGCC,1,1
CAGCAGACAAAAC,1,1
CAGCAGACAAAGC,0,1
CAGCAGACCAAGG,0,1
CAGCAGACGCCCA,0,1
CAGCAGACGGCAG,1,1
CAGCAGAGAAAGG,0,1
CAGCAGAGAAGCC,1,1
CAGCAGAGAGCAC,1,1
CAGCAGAGCAGAC,1,2
CAGCAGAGCCCAG,0,1
CAGCAGAGCGAGA,0,1
CAGCAGAGGAACC,0,3
CAGCAGAGGACCC,0,1
CAGCAGAGGAGGA,0,1
CAGCAGAGGGCAG,0,2
CAGCAGCAAAACC,0,1
CAGCAGCAAACAA,0,2
CAGCAGCAAAGCG,0,1
CAGCAGCAACAAG,0,1
CAGCAGCAACAGC,0,1
CAGCAGCAACCGG,0,1
CAGCAGCAACGGG,1,1
CAGCAGCAAGAAC,0,1
CAGCAGCAAGCGA,0,1
CAGCAGCAAGGAC,0,1
CAGCAGCACAACA,2,2
CAGCAGCACAAGA,1,1
CAGCAGCACAGCA,0,1
CAGCAGCACAGCC,0,3
CAGCAGCACCAGC,0,1
CAGCAGCACCCCA,0,1
CAGCAGCACGCAC,0,1
CAGCAGCACGGCC,0,1
CAGCAGCAGAAAC,0,1
CAGCAGCAGAAGC,0,1
CAGCAGCAGCAAC,0,2
CAGCAGCAGCAAG,0,1
CAGCAGCAGCAGA,1,2
CAGCAGCAGCAGC,1,3
CAGCAGCAGCAGG,0,1
CAGCAGCAGCCAC,0,5
CAGCAGCAGCCCC,0,1
CAGCAGCAGGCAC,0,2
CAGCAGCAGGGAC,0,1
CAGCAGCCAAACA,0,1
CAGCAGCCAAGCA,0,1
CAGCAGCCAAGGG,0,1
CAGCAGCCACAAA,0,5
CAGCAGCCACAAC,0,7
CAGCAGCCACAGC,0,1
CAGCAGCCACAGG,0,1
CAGCAGCCACCAG,0,2
CAGCAGCCAGAGA,0,1
CAGCAGCCAGGGA,0,1
CAGCAGCCCAACG,0,1
CAGCAGCCCACCC,0,1
CAGCAGCCCAGAC,0,1
CAGCAGCCCAGCC,0,1
CAGCAGCCCCAGC,0,1
CAGCAGCCCGGGC,0,1
CAGCAGCCGCCGC,1,1
CAGCAGCCGCGAC,0,1
CAGCAGCCGGAGC,0,1
CAGCAGCCGGGAC,0,1
CAGCAGCGAAGGG,0,1
CAGCAGCGACGAC,0,1
CAGCAGCGAGCGC,0,1
CAGCAGCGAGCGG,1,1
CAGCAGCGAGGAC,0,1
CAGCAGCGCAACC,0,1
CAGCAGCGCCGGG,0,1
CAGCAGGAAAAGC,0,1
CAGCAGGAAAGCC,0,1
CAGCAGGAACAGA,0,2
CAGCAGGAACAGC,1,1
CAGCAGGAACAGG,5,67
CAGCAGGAACCGG,0,3
CAGCAGGAAGGGG,0,1
CAGCAGGACAAGA,0,1
CAGCAGGACAGGA,0,2
CAGCAGGACCCAA,0,1
CAGCAGGACCCCA,0,1
CAGCAGGACCGAG,0,1
CAGCAGGACGGGA,1,1
CAGCAGGAGAACC,0,2
CAGCAGGAGCAGA,0,1
CAGCAGGAGCAGC,0,1
CAGCAGGAGCCAC,0,1
CAGCAGGAGCCAG,0,1
CAGCAGGAGCCGG,0,1
CAGCAGGAGGACG,0,1
CAGCAGGAGGAGG,0,1
CAGCAGGAGGGAC,0,1
CAGCAGGAGGGCG,0,1
CAGCAGGCAACAA,0,1
CAGCAGGCAACGG,0,1
CAGCAGGCACAGA,54,63
CAGCAGGCACAGC,0,1
CAGCAGGCACCAG,0,2
CAGCAGGCAGACA,0,1
CAGCAGGCCAACA,0,2
CAGCAGGCCAACC,1,1
CAGCAGGCCGGGG,0,1
CAGCAGGCGAGCC,0,1
CAGCAGGCGCAGG,0,1
CAGCAGGGAAAAC,0,1
CAGCAGGGAACGA,0,1
CAGCAGGGAAGCC,0,1
CAGCAGGGACAGA,1,1
CAGCAGGGACAGC,0,2
CAGCAGGGACGAG,0,1
CAGCAGGGAGACG,0,1
CAGCAGGGAGCAG,0,1
CAGCAGGGAGCGG,0,1
CAGCAGGGCCAGC,0,2
CAGCAGGGCCGGC,1,1
CAGCAGGGCGCAG,0,1
CAGCAGGGCGGAG,0,1
CAGCAGGGGAGAG,1,1
CAGCAGGGGGAAG,0,1
CAGCAGGGGGCCC,0,1
CAGCCAAACACGG,1,1
CAGCCAAACAGAA,0,2
CAGCCAAAGAAAA,0,1
CAGCCAAAGAAGA,0,1
CAGCCAAAGAAGC,2,2
CAGCCAAAGAGAA,0,1
CAGCCAAAGCACC,0,1
CAGCCAAAGGAGA,0,1
CAGCCAAAGGGCC,0,1
CAGCCAACAGAGC,0,1
CAGCCAACCAAAC,0,1
CAGCCAACCAAGG,0,1
CAGCCAACCGAAC,0,1
CAGCCAACCGAGA,0,1
CAGCCAACGACAA,0,1
CAGCCAACGCACC,1,1
CAGCCAAGAAGCC,0,2
CAGCCAAGACAGG,0,1
CAGCCAAGACGAA,0,1
CAGCCAAGACGAG,0,1
CAGCCAAGCAGAC,0,1
CAGCCAAGCAGAG,0,1
CAGCCAAGCCACG,0,1
CAGCCAAGCCCAA,0,1
CAGCCAAGCCGAG,0,1
CAGCCAAGGAAGA,1,1
CAGCCAAGGACAA,1,2
CAGCCAAGGAGAC,0,2
CAGCCAAGGGGGC,0,1
CAGCCACAACAGC,0,3
CAGCCACACAACC,0,1
CAGCCACACACAC,0,4
CAGCCACACACCC,0,1
CAGCCACACAGAA,0,1
CAGCCACACCCAA,0,1
CAGCCACACGGGA,0,1
CAGCCACAGAAGA,0,1
CAGCCACAGAGCC,0,1
CAGCCACAGCACG,0,1
CAGCCACAGCAGC,0,2
CAGCCACAGCGCG,0,1
CAGCCACCAAAAA,0,1
CAGCCACCAGCAA,0,1
CAGCCACCAGGAG,1,1
CAGCCACCAGGCA,0,1
CAGCCACCCAGCC,0,1
CAGCCACCCCAGC,0,4
CAGCCACCGAAAA,0,1
CAGCCACGGGAGG,0,1
CAGCCACGGGGGG,0,1
CAGCCAGAAGAAG,0,1
CAGCCAGAAGCAG,0,1
CAGCCAGACCCAC,0,1
CAGCCAGACGGCA,0,1
CAGCCAGAGAGAG,0,1
CAGCCAGAGAGCC,0,1
CAGCCAGAGCACC,0,3
CAGCCAGAGCACG,0,1
CAGCCAGAGCCAA,0,1
CAGCCAGAGGAGC,0,1
CAGCCAGAGGGGC,0,7
CAGCCAGCAAAGC,0,2
CAGCCAGCACGCA,0,1
CAGCCAGCAGAAG,0,1
CAGCCAGCAGCAA,0,1
CAGCCAGCAGCGC,0,1
CAGCCAGCCAAAC,0,3
CAGCCAGCCAGAG,0,1
CAGCCAGCCAGCC,0,2
CAGCCAGCCCCCG,0,1
CAGCCAGCCGACC,0,1
CAGCCAGCCGGCC,0,1
CAGCCAGCGACCC,0,1
CAGCCAGCGCCAA,0,1
CAGCCAGGAACAC,0,1
CAGCCAGGACAGG,0,4
CAGCCAGGAGGGA,0,1
CAGCCAGGCCCGC,0,3
CAGCCAGGGACGA,0,1
CAGCCAGGGCAGA,0,1
CAGCCCAAAAACA,0,1
CAGCCCAAAACAA,0,1
CAGCCCAAAACAC,0,2
CAGCCCAAAACAG,0,2
CAGCCCAAAGCGC,0,1
CAGCCCAAAGGCC,0,1
CAGCCCAACGGCC,0,1
CAGCCCAAGAGCA,0,1
CAGCCCAAGGAAA,0,1
CAGCCCAAGGCCC,0,2
CAGCCCACCAACC,0,1
CAGCCCACGAGAA,0,1
CAGCCCACGGCGC,0,1
CAGCCCACGGGCG,0,1
CAGCCCAGAAACA,0,1
CAGCCCAGAGGAG,0,1
CAGCCCAGAGGCA,0,2
CAGCCCAGAGGCG,0,5
CAGCCCAGCAACC,0,1
CAGCCCAGCAGGA,0,1
CAGCCCAGCCCCA,0,1
CAGCCCAGGAAAC,0,1
CAGCCCAGGAAGC,1,1
CAGCCCAGGACAA,0,1
CAGCCCAGGGCCG,0,1
CAGCCCCAAACCC,0,1
CAGCCCCACAACC,0,1
CAGCCCCACACAC,0,1
CAGCCCCACAGCC,5,5
CAGCCCCACCAAC,0,1
CAGCCCCACCACG,1,1
CAGCCCCACCAGC,0,1
CAGCCCCACCCAC,0,1
CAGCCCCACCCCC,0,1
CAGCCCCAGACAA,0,1
CAGCCCCAGACGC,0,1
CAGCCCCAGAGGG,0,1
CAGCCCCAGCAGC,0,2
CAGCCCCAGGAAG,0,2
CAGCCCCAGGGCA,0,1
CAGCCCCAGGGCC,0,1
CAGCCCCCAAGGA,1,1
CAGCCCCCACAGA,0,1
CAGCCCCCACCCC,0,1
CAGCCCCCAGCCA,0,1
CAGCCCCCAGCCC,0,1
CAGCCCCCGACCC,1,1
CAGCCCCCGAGAA,0,1
CAGCCCCCGCCAA,0,1
CAGCCCCCGGCCG,0,1
CAGCCCCGAGGCG,0,4
CAGCCCCGCCAGC,0,1
CAGCCCCGCCCAC,1,1
CAGCCCCGCCCCA,0,1
CAGCCCCGGCCCA,0,1
CAGCCCCGGCCCC,0,1
CAGCCCCGGCCGC,0,3
CAGCCCCGGCGCC,0,1
CAGCCCCGGGCCC,0,1
CAGCCCCGGGGCA,0,1
CAGCCCCGGGGGA,0,1
CAGCCCGACACCG,0,1
CAGCCCGACCCAG,0,1
CAGCCCGACGGAC,1,1
CAGCCCGAGAGCC,0,1
CAGCCCGAGCCCC,0,1
CAGCCCGCACCAC,0,1
CAGCCCGCAGGCA,0,1
CAGCCCGCCAACA,0,1
CAGCCCGCCACAC,0,1
CAGCCCGCCACCC,0,1
CAGCCCGCCCCAG,0,1
CAGCCCGCCCCGA,0,1
CAGCCCGCCCGGC,0,1
CAGCCCGCCGGCG,0,1
CAGCCCGCGGGCA,0,1
CAGCCCGCGGGGC,0,1
CAGCCCGGACACC,1,1
CAGCCCGGACGGG,0,1
CAGCCCGGAGCAG,0,1
CAGCCCGGAGCCG,0,8
CAGCCCGGCAGCC,0,1
CAGCCCGGCCGCA,1,1
CAGCCCGGCGGCA,0,1
CAGCCCGGCGGGG,0,2
CAGCCCGGGAGGA,0,1
CAGCCCGGGCCCC,0,1
CAGCCCGGGCGGG,0,1
CAGCCCGGGGGGC,0,1
CAGCCGAAGGCCC,0,1
CAGCCGACCCCGC,0,1
CAGCCGACGAAAG,0,1
CAGCCGACGGGAC,0,1
CAGCCGACGGGCA,0,1
CAGCCGAGAACCA,0,1
CAGCCGAGCCCCA,0,1
CAGCCGAGCGAGG,4,4
CAGCCGAGGCCGG,0,2
CAGCCGCACAGGA,0,1
CAGCCGCACCGCA,0,1
CAGCCGCACGCCC,0,1
CAGCCGCACGCCG,0,1
CAGCCGCCAGCAA,0,1
CAGCCGCCAGCGC,0,1
CAGCCGCCCAGGG,0,1
CAGCCGCCCGCCA,1,1
CAGCCGCCCGGCA,0,1
CAGCCGCCGCAGC,0,1
CAGCCGCCGCCGC,1,2
CAGCCGCCGCGCC,0,1
CAGCCGCCGGGCC,0,1
CAGCCGCGCGACG,0,1
CAGCCGCGCGGCA,0,1
CAGCCGCGGCACG,0,1
CAGCCGCGGCGGC,0,1
CAGCCGGAACCCA,0,1
CAGCCGGAAGGAC,0,1
CAGCCGGAAGGGG,0,1
CAGCCGGAGCAGC,0,1
CAGCCGGAGCCCG,0,1
CAGCCGGAGGGAC,0,12
CAGCCGGCACGCG,0,1
CAGCCGGCCCCGC,0,1
CAGCCGGCCCGGA,0,1
CAGCCGGCCGAGA,0,1
CAGCCGGCCGCGG,0,1
CAGCCGGCCGGCC,0,1
CAGCCGGGCCCAA,0,1
CAGCCGGGCCGCA,0,1
CAGCCGGGCGACC,0,1
CAGCCGGGCGGGC,0,2
CAGCCGGGGGCAG,0,1
CAGCCGGGGGCCC,0,1
CAGCGAAAAACGC,0,1
CAGCGAAAACAAC,0,1
CAGCGAAACGGCC,0,1
CAGCGAAAGAACG,0,1
CAGCGAAAGCAAG,2,3
CAGCGAACAAAGA,0,1
CAGCGAACGAGGG,0,1
CAGCGAAGAGACA,1,1
CAGCGAAGCGACG,0,1
CAGCGACAACCAC,0,1
CAGCGACAGAGAG,0,1
CAGCGACAGCCAA,0,2
CAGCGACAGCCAC,0,1
CAGCGACCAACAG,0,1
CAGCGACCACAGC,0,1
CAGCGACCACCGA,0,1
CAGCGACCGAGCA,0,1
CAGCGACCGGGAC,0,1
CAGCGACGAAGAA,1,1
CAGCGACGACGGC,0,2
CAGCGACGAGAGA,0,1
CAGCGACGGACAG,0,1
CAGCGACGGAGAG,0,1
CAGCGACGGAGCC,0,1
CAGCGACGGCAGC,0,1
CAGCGACGGGAAC,1,1
CAGCGAGAACGGC,0,1
CAGCGAGAAGGAC,0,1
CAGCGAGAAGGCG,0,1
CAGCGAGACAACC,0,1
CAGCGAGACGAAA,0,1
CAGCGAGCACGGC,0,1
CAGCGAGCCAGCG,1,1
CAGCGAGCGCAGA,1,1
CAGCGAGCGCAGC,0,1
CAGCGAGCGCCCG,0,1
CAGCGAGCGGGCC,0,1
CAGCGAGGAAAAG,0,1
CAGCGAGGACAAA,0,1
CAGCGAGGAGAAG,0,1
CAGCGAGGCCCGG,0,1
CAGCGAGGCCGAG,0,2
CAGCGAGGGGCAA,0,2
CAGCGAGGGGCCG,0,1
CAGCGAGGGGGCA,0,1
CAGCGCAAACCCC,0,1
CAGCGCAAGGGCG,0,1
CAGCGCACAACGG,1,1
CAGCGCACAAGAA,0,1
CAGCGCACAGCAC,0,1
CAGCGCACCGGAC,0,1
CAGCGCACCGGGG,0,1
CAGCGCACGGGCG,1,1
CAGCGCAGACAAA,0,1
CAGCGCAGACCAC,0,1
CAGCGCAGCCCCG,0,3
CAGCGCAGCCGAC,0,1
CAGCGCAGGAGAA,0,1
CAGCGCAGGCACA,0,1
CAGCGCAGGCCAC,0,1
CAGCGCAGGCCCG,0,1
CAGCGCCAAAAAA,0,1
CAGCGCCACGGAA,0,5
CAGCGCCAGCAAC,1,1
CAGCGCCAGCCCA,0,1
CAGCGCCAGGGCC,0,2
CAGCGCCCCACAA,0,1
CAGCGCCCCCAGG,0,1
CAGCGCCCCCCCG,0,1
CAGCGCCCGCGCC,0,1
CAGCGCCCGGCAC,1,1
CAGCGCCGACGCC,1,1
CAGCGCCGAGCCC,0,1
CAGCGCCGCAAAA,0,1
CAGCGCCGCCAAG,0,1
CAGCGCCGCCGCC,0,1
CAGCGCCGCGCCA,0,1
CAGCGCCGCGCGC,0,1
CAGCGCCGCGGGA,0,3
CAGCGCCGGAGGC,0,1
CAGCGCCGGGCGG,0,1
CAGCGCCGGGGCG,1,1
CAGCGCGACAAGC,0,1
CAGCGCGACGAGC,0,1
CAGCGCGAGACGG,0,1
CAGCGCGAGCCCC,1,1
CAGCGCGCCCCGA,0,1
CAGCGCGCCCGGC,0,1
CAGCGCGCCGAGG,0,1
CAGCGCGCCGCCG,0,1
CAGCGCGCCGGAC,0,1
CAGCGCGCCGGCA,0,6
CAGCGCGCGCACA,0,1
CAGCGCGCGCGGA,0,1
CAGCGCGCGGCGG,0,1
CAGCGCGGACGAG,0,1
CAGCGCGGAGCCC,0,1
CAGCGCGGAGCGG,1,1
CAGCGCGGCGGCC,0,1
CAGCGCGGGAGAG,0,5
CAGCGCGGGGGCC,0,1
CAGCGGAAGAACC,1,1
CAGCGGACACAAG,0,1
CAGCGGACCAGGG,0,1
CAGCGGAGAACGA,1,1
CAGCGGAGACCGG,1,1
CAGCGGAGAGGAC,0,1
CAGCGGAGCCCCG,0,2
CAGCGGAGCCCGC,0,1
CAGCGGAGCCCGG,0,1
CAGCGGAGCGCAA,0,1
CAGCGGAGCGCGG,0,1
CAGCGGAGGAACC,0,1
CAGCGGAGGAGAA,0,1
CAGCGGAGGGGAA,0,1
CAGCGGCACCCAG,0,1
CAGCGGCAGAAAG,0,1
CAGCGGCAGCACC,0,1
CAGCGGCAGCGGC,0,1
CAGCGGCCAGGGG,0,1
CAGCGGCCCCAGG,0,1
CAGCGGCCCCGCG,0,1
CAGCGGCCGCGCA,0,1
CAGCGGCCGGCCA,0,1
CAGCGGCCGGCGG,0,1
CAGCGGCCGGGCG,0,1
CAGCGGCGACAAG,0,1
CAGCGGCGACGAG,0,1
CAGCGGCGCGGGC,0,1
CAGCGGCGGCAGC,0,1
CAGCGGCGGCCGC,0,1
CAGCGGCGGCGGC,0,1
CAGCGGCGGGGCG,0,1
CAGCGGGAACAGA,1,1
CAGCGGGAAGGCG,0,1
CAGCGGGAGAGCA,1,1
CAGCGGGAGCAGA,0,1
CAGCGGGAGCCGA,0,1
CAGCGGGAGCGGG,1,1
CAGCGGGAGGAAG,0,1
CAGCGGGAGGAGC,0,1
CAGCGGGAGGCCG,0,1
CAGCGGGCAACGG,0,16
CAGCGGGCACGCA,1,1
CAGCGGGCCAAGA,0,1
CAGCGGGCCAGAG,0,1
CAGCGGGCGGCAG,0,1
CAGCGGGGAACAG,0,1
CAGCGGGGAGAAG,0,1
CAGCGGGGCCACG,0,1
CAGCGGGGCCAGG,0,1
CAGCGGGGCCCCG,0,2
CAGCGGGGCCCGG,0,1
CAGCGGGGCCGAC,0,1
CAGCGGGGGAGGC,0,2
CAGCGGGGGGGCC,0,1
CAGCGGGGGGGGC,0,1
CAGGAAAAAAAAA,0,1
CAGGAAAAAAAAC,0,1
CAGGAAAAAACGC,0,1
CAGGAAAACACGA,0,2
CAGGAAAACCCAC,0,2
CAGGAAAACGAGA,0,1
CAGGAAAACGCAA,0,1
CAGGAAAAGACAG,0,1
CAGGAAAAGCGGG,1,1
CAGGAAACAGAAC,0,1
CAGGAAACAGGAC,1,1
CAGGAAACAGGGA,0,1
CAGGAAACCCGAA,0,1
CAGGAAACGAAGG,0,1
CAGGAAACGCAAC,0,5
CAGGAAACGCCGC,0,1
CAGGAAAGAACGC,0,1
CAGGAAAGAGACA,0,1
CAGGAAAGAGCGC,0,1
CAGGAAAGAGGCG,0,1
CAGGAAAGCCAAA,0,1
CAGGAAAGCGCGC,0,1
CAGGAAAGGCAGC,0,1
CAGGAAAGGGAAA,2,11
CAGGAAAGGGAAG,0,1
CAGGAAAGGGGAA,0,1
CAGGAACAAAAAC,0,1
CAGGAACAAAACG,0,1
CAGGAACAACAAG,0,1
CAGGAACAAGCAA,0,2
CAGGAACACACAG,0,1
CAGGAACAGCAAA,1,1
CAGGAACAGCAAG,0,1
CAGGAACAGCGCG,0,1
CAGGAACAGGGGA,0,3
CAGGAACAGGGGC,0,1
CAGGAACCAGCAG,0,2
CAGGAACCCCAGC,0,1
CAGGAACCGAGAC,1,1
CAGGAACCGGCCA,0,1
CAGGAACCGGGAC,0,2
CAGGAACGAAAGC,0,1
CAGGAACGCGGGC,1,2
CAGGAACGGCCGA,0,1
CAGGAACGGCGGC,0,1
CAGGAAGAAAAGA,0,1
CAGGAAGAAAAGG,0,1
CAGGAAGAAAGAC,0,1
CAGGAAGAAGAGG,0,1
CAGGAAGAAGGAA,0,2
CAGGAAGAAGGGC,0,1
CAGGAAGAAGGGG,0,1
CAGGAAGACAAAC,0,1
CAGGAAGACGCGG,0,1
CAGGAAGAGACCA,0,1
CAGGAAGAGAGAA,0,7
CAGGAAGAGGAAG,0,6
CAGGAAGAGGACA,0,1
CAGGAAGAGGAGG,0,15
CAGGAAGCAAGAA,0,1
CAGGAAGCAAGAG,0,1
CAGGAAGCACCAG,0,1
CAGGAAGCCAAGC,0,1
CAGGAAGCCACGG,0,1
CAGGAAGCCGCCA,0,1
CAGGAAGCGAAAA,0,1
CAGGAAGCGCAAG,0,1
CAGGAAGCGGAGG,0,1
CAGGAAGCGGCGC,0,1
CAGGAAGCGGGCA,0,1
CAGGAAGGAGACA,1,1
CAGGAAGGAGGAA,0,1
CAGGAAGGCAAAA,0,2
CAGGAAGGCCACG,0,2
CAGGAAGGCCCCA,0,1
CAGGAAGGCCCGG,0,1
CAGGAAGGCGAAG,0,1
CAGGAAGGCGACC,0,6
CAGGAAGGGAGAA,0,1
CAGGAAGGGAGCA,0,1
CAGGAAGGGAGGA,0,1
CAGGAAGGGAGGC,0,1
CAGGAAGGGAGGG,0,1
CAGGAAGGGCAGC,0,1
CAGGAAGGGGGGC,0,1
CAGGAAGGGGGGG,0,1
CAGGACAAAAGGA,0,1
CAGGACAAAGACA,0,1
CAGGACAAAGCAG,0,1
CAGGACAACAAAC,0,2
CAGGACAACAACA,0,1
CAGGACAAGAGGC,0,1
CAGGACAAGAGGG,0,1
CAGGACAAGCCCG,0,1
CAGGACAAGGGGC,0,1
CAGGACACCAGAG,1,2
CAGGACACCCAAG,0,1
CAGGACACGCCGA,0,1
CAGGACACGGACC,0,1
CAGGACACGGCCG,0,1
CAGGACACGGGAG,0,1
CAGGACAGACCCC,0,1
CAGGACAGAGCAC,1,1
CAGGACAGAGCAG,0,1
CAGGACAGAGCGA,0,1
CAGGACAGCGAGA,1,1
CAGGACAGGACAG,1,1
CAGGACAGGAGAA,0,1
CAGGACAGGCAGA,1,1
CAGGACAGGGGAC,1,1
CAGGACCACGCCG,0,1
CAGGACCAGAGGA,0,1
CAGGACCAGGGAA,0,1
CAGGACCCAACAC,0,1
CAGGACCCAACGG,0,1
CAGGACCCCAAGC,0,1
CAGGACCCCAAGG,0,1
CAGGACCCCGGCG,0,1
CAGGACCCCGGGA,0,1
CAGGACCCGCGCG,0,1
CAGGACCCGGCGC,0,1
CAGGACCCGGGCG,0,10
CAGGACCGACACC,1,1
CAGGACCGAGCCC,0,1
CAGGACCGGGCGC,0,1
CAGGACGACAAAA,1,2
CAGGACGACACCC,0,1
CAGGACGACCGGC,0,1
CAGGACGACGAAG,1,1
CAGGACGAGGCAC,0,1
CAGGACGAGGCGG,0,1
CAGGACGCAGAGC,0,1
CAGGACGCGGCGC,0,1
CAGGACGGACCGC,0,1
CAGGACGGCCAAG,1,1
CAGGACGGCGGCA,0,1
CAGGACGGGAAGG,0,3
CAGGACGGGAGCG,1,1
CAGGACGGGGAGC,0,1
CAGGAGAAAAAAA,0,3
CAGGAGAAAAAGA,0,1
CAGGAGAAAGAAA,0,1
CAGGAGAAAGACC,0,2
CAGGAGAACAGAA,0,1
CAGGAGAACCCAA,0,2
CAGGAGAACCCAC,0,1
CAGGAGAACGCAA,0,1
CAGGAGAAGAGGA,0,1
CAGGAGAAGCGCA,0,1
CAGGAGAAGCGGG,0,1
CAGGAGAAGGGGG,1,1
CAGGAGACAAAAA,0,1
CAGGAGACAACCA,0,1
CAGGAGACAAGCA,0,3
CAGGAGACACAAG,0,1
CAGGAGACAGCAG,1,1
CAGGAGACCCCGC,0,1
CAGGAGAGAAACA,0,1
CAGGAGAGAAGGG,0,1
CAGGAGAGACGGC,1,1
CAGGAGAGAGAGG,0,1
CAGGAGAGCAAGC,0,1
CAGGAGAGCAGGG,0,1
CAGGAGAGCCGAG,1,1
CAGGAGAGGAACC,0,1
CAGGAGAGGAAGC,0,2
CAGGAGAGGAAGG,0,1
CAGGAGAGGAGGC,1,2
CAGGAGAGGCAAA,0,1
CAGGAGAGGCACC,0,1
CAGGAGAGGGAGG,1,1
CAGGAGCAAAACA,0,1
CAGGAGCAAAGAC,0,1
CAGGAGCAAAGCA,0,1
CAGGAGCAAAGGG,0,1
CAGGAGCACCCCA,0,1
CAGGAGCACCCCG,0,1
CAGGAGCAGAAGA,0,1
CAGGAGCAGAAGG,0,2
CAGGAGCAGAGCC,0,1
CAGGAGCAGCAAG,0,1
CAGGAGCAGCAGC,0,1
CAGGAGCAGCGGC,0,1
CAGGAGCAGGAGC,0,1
CAGGAGCAGGCCA,0,1
CAGGAGCCAACAA,0,1
CAGGAGCCACAGA,0,1
CAGGAGCCAGAAG,0,1
CAGGAGCCAGGCA,0,1
CAGGAGCCCAAGA,0,1
CAGGAGCCCAAGG,0,2
CAGGAGCCCAGAG,0,1
CAGGAGCCCGCCG,0,1
CAGGAGCCGAGAG,0,1
CAGGAGCCGAGGC,0,4
CAGGAGCCGCCCC,0,1
CAGGAGCCGGACC,0,1
CAGGAGCCGGACG,0,1
CAGGAGCCGGAGC,1,1
CAGGAGCCGGAGG,0,1
CAGGAGCCGGCGC,0,1
CAGGAGCCGGGGC,0,1
CAGGAGCGCCAAG,0,1
CAGGAGCGCGCCG,0,1
CAGGAGCGGAGAA,0,1
CAGGAGCGGAGGC,0,1
CAGGAGCGGCAGC,0,1
CAGGAGCGGCCCG,0,1
CAGGAGCGGCGAA,0,1
CAGGAGCGGGGCC,0,3
CAGGAGGAAGAAA,0,1
CAGGAGGAAGGGG,0,3
CAGGAGGACAGGG,0,1
CAGGAGGACCAAA,0,1
CAGGAGGACGGAC,0,1
CAGGAGGACGGAG,0,1
CAGGAGGACGGGC,0,1
CAGGAGGAGAAAG,0,2
CAGGAGGAGCAAG,0,1
CAGGAGGAGCGCA,0,1
CAGGAGGAGGAGG,1,2
CAGGAGGAGGGAC,0,1
CAGGAGGAGGGGA,1,1
CAGGAGGAGGGGG,0,3
CAGGAGGCAAACA,0,1
CAGGAGGCAACAC,0,1
CAGGAGGCAAGGC,0,1
CAGGAGGCAAGGG,0,2
CAGGAGGCACAGG,0,1
CAGGAGGCACGAA,0,1
CAGGAGGCAGACC,0,1
CAGGAGGCAGCGC,0,5
CAGGAGGCAGCGG,0,1
CAGGAGGCCAAGC,0,1
CAGGAGGCCCAGG,0,1
CAGGAGGCCGAGA,0,1
CAGGAGGCGGAGC,0,1
CAGGAGGCGGCCG,0,1
CAGGAGGCGGGAG,0,2
CAGGAGGGAAGCA,1,1
CAGGAGGGAAGGG,0,1
CAGGAGGGACCAG,0,1
CAGGAGGGACGGG,0,2
CAGGAGGGAGAGA,0,4
CAGGAGGGAGGCC,0,1
CAGGAGGGAGGGC,0,1
CAGGAGGGCAAGC,0,1
CAGGAGGGCAAGG,0,1
CAGGAGGGCAGGG,0,1
CAGGAGGGCCACG,0,1
CAGGAGGGCCAGC,0,1
CAGGAGGGCCCAG,0,1
CAGGAGGGCCCGG,1,1
CAGGAGGGCGAGC,0,1
CAGGAGGGGAGGG,0,2
CAGGAGGGGCCCA,0,2
CAGGCAAAAAAGA,0,1
CAGGCAAAAACCA,0,1
CAGGCAAAGAAGA,0,1
CAGGCAAAGACAA,1,1
CAGGCAACAACAC,0,1
CAGGCAACACGGC,0,2
CAGGCAACCAAAA,0,1
CAGGCAACCAAGC,0,1
CAGGCAACCACAG,1,1
CAGGCAACCAGGG,0,1
CAGGCAAGCAGGA,0,1
CAGGCAAGCCAAC,0,1
CAGGCAAGGGAAG,0,1
CAGGCAAGGGAGA,0,4
CAGGCAAGGGGAA,1,1
CAGGCAAGGGGGC,0,3
CAGGCACAACCGG,0,1
CAGGCACACAGGA,0,1
CAGGCACACCCAG,0,2
CAGGCACACGCAC,0,2
CAGGCACAGACAG,56,65
CAGGCACAGACCC,0,1
CAGGCACAGAGCG,0,1
CAGGCACAGCAAA,0,1
CAGGCACAGCCGG,0,1
CAGGCACAGGCAA,0,1
CAGGCACCAAACG,0,1
CAGGCACCACAGG,1,1
CAGGCACCAGCAG,0,1
CAGGCACCAGCCA,0,3
CAGGCACCAGGCA,0,2
CAGGCACCCAGGA,0,1
CAGGCACCGAAGG,0,1
CAGGCACCGACAC,0,1
CAGGCACGACAAG,0,1
CAGGCACGAGGCG,0,6
CAGGCACGCCCCC,0,6
CAGGCACGCGGCC,0,6
CAGGCACGGCCAG,1,1
CAGGCACGGGAGC,1,1
CAGGCAGAAAAGC,0,1
CAGGCAGAAAGAA,0,5
CAGGCAGAACAAC,0,1
CAGGCAGAAGAAA,0,1
CAGGCAGAAGAGC,0,1
CAGGCAGACAGAA,0,1
CAGGCAGACGAGA,0,1
CAGGCAGACGAGG,0,1
CAGGCAGAGACAG,0,2
CAGGCAGAGACGC,0,1
CAGGCAGAGAGAA,0,1
CAGGCAGAGCACG,0,1
CAGGCAGCAAAGC,0,1
CAGGCAGCAAGAA,0,1
CAGGCAGCACAGA,0,1
CAGGCAGCACGGC,0,1
CAGGCAGCAGAAC,0,1
CAGGCAGCAGAGG,0,1
CAGGCAGCAGGAG,1,2
CAGGCAGCAGGCC,0,1
CAGGCAGCAGGGA,0,1
CAGGCAGCCAAAG,0,2
CAGGCAGCCACAC,0,1
CAGGCAGCCACCC,0,1
CAGGCAGCCCCAC,0,1
CAGGCAGCCCCAG,0,1
CAGGCAGCCCCCA,0,1
CAGGCAGCCCCGA,0,1
CAGGCAGCCGGCA,0,1
CAGGCAGCGAAAG,2,3
CAGGCAGCGAGCG,0,1
CAGGCAGCGCGGG,1,1
CAGGCAGGACAAC,0,2
CAGGCAGGACACC,0,1
CAGGCAGGAGAGC,1,4
CAGGCAGGAGCCG,1,1
CAGGCAGGAGGCG,0,1
CAGGCAGGCCAGG,0,1
CAGGCAGGCGCAC,0,1
CAGGCAGGCGCGC,0,1
CAGGCAGGGAGAG,0,1
CAGGCAGGGCACG,1,1
CAGGCCAACAAGA,0,1
CAGGCCAACCAGG,2,6
CAGGCCAACCGAG,1,1
CAGGCCAAGACCG,0,1
CAGGCCAAGCCGC,1,1
CAGGCCAAGGCGG,0,1
CAGGCCACAAACA,0,1
CAGGCCACACCGG,0,1
CAGGCCACCAGAG,2,3
CAGGCCACCAGCA,0,1
CAGGCCAGAAGAC,1,1
CAGGCCAGACCCA,0,1
CAGGCCAGCAGAA,0,2
CAGGCCAGCAGCC,0,1
CAGGCCAGCAGGA,1,1
CAGGCCAGCCCCG,0,1
CAGGCCAGCCGGC,0,1
CAGGCCAGCGAGC,0,2
CAGGCCAGCGCCG,0,1
CAGGCCAGGAAAC,0,1
CAGGCCAGGAAGA,0,9
CAGGCCAGGAAGG,1,1
CAGGCCAGGCACA,1,2
CAGGCCAGGCGGC,0,1
CAGGCCAGGGAAA,0,2
CAGGCCAGGGAAG,0,1
CAGGCCAGGGGAA,0,1
CAGGCCAGGGGCA,0,4
CAGGCCCAAGCCC,0,2
CAGGCCCAGAACC,0,1
CAGGCCCAGCACC,0,1
CAGGCCCAGCCAA,0,1
CAGGCCCAGCCCC,0,2
CAGGCCCAGCCCG,0,1
CAGGCCCAGCGAA,0,1
CAGGCCCAGCGAG,0,1
CAGGCCCAGGCAG,0,1
CAGGCCCCAAAAA,0,1
CAGGCCCCACGGA,0,1
CAGGCCCCAGGCG,0,1
CAGGCCCCGCGCG,0,1
CAGGCCCCGGGCC,0,1
CAGGCCCGAAAGA,0,1
CAGGCCCGAGGCC,0,1
CAGGCCCGAGGGG,0,1
CAGGCCCGCGGGA,0,2
CAGGCCCGGCAGC,0,2
CAGGCCCGGCCCA,0,1
CAGGCCCGGCCCC,0,1
CAGGCCCGGCCCG,1,3
CAGGCCGAACCAG,0,1
CAGGCCGAACCCC,0,1
CAGGCCGACAAAA,0,2
CAGGCCGACAACA,0,2
CAGGCCGACAAGC,0,2
CAGGCCGACGACA,0,2
CAGGCCGACGACC,0,1
CAGGCCGACGAGC,0,19
CAGGCCGACGGCA,0,1
CAGGCCGACGGGC,0,1
CAGGCCGCAAAGG,0,1
CAGGCCGCAGAGC,0,1
CAGGCCGCCACAA,0,1
CAGGCCGCCACAG,0,5
CAGGCCGCGAACC,0,1
CAGGCCGCGCAGC,0,1
CAGGCCGCGCAGG,0,1
CAGGCCGCGGAGC,0,1
CAGGCCGCGGCCA,0,1
CAGGCCGCGGCGC,0,1
CAGGCCGGACGGC,0,1
CAGGCCGGCAGGA,0,1
CAGGCCGGCGCCC,0,2
CAGGCCGGCGGGG,1,1
CAGGCCGGGAAGG,0,1
CAGGCCGGGAGAG,0,1
CAGGCCGGGCGCC,0,1
CAGGCCGGGCGGG,0,1
CAGGCCGGGGAGC,0,1
CAGGCGAAAGAGC,0,1
CAGGCGAAGAGAC,0,1
CAGGCGAAGCGCG,0,1
CAGGCGACCGGCG,0,1
CAGGCGAGAAACC,0,1
CAGGCGAGAAGAG,0,2
CAGGCGAGCCCGG,0,1
CAGGCGAGGGACC,0,1
CAGGCGCACCCGA,0,1
CAGGCGCAGCGCA,0,1
CAGGCGCAGGGCA,0,6
CAGGCGCAGGGCC,0,1
CAGGCGCCAAGGG,0,1
CAGGCGCCAGGAA,0,1
CAGGCGCCAGGCA,0,1
CAGGCGCCCACAC,0,1
CAGGCGCCGACCC,0,1
CAGGCGCGCCGGC,0,1
CAGGCGCGCGGGA,0,1
CAGGCGCGGCCGG,0,1
CAGGCGCGGGAAG,0,1
CAGGCGCGGGCAG,0,2
CAGGCGCGGGGGG,0,2
CAGGCGGAAAGAG,0,1
CAGGCGGACAGAG,0,1
CAGGCGGACCCAA,0,1
CAGGCGGAGAACC,1,1
CAGGCGGAGACGG,0,3
CAGGCGGAGGAAG,0,2
CAGGCGGAGGACA,0,1
CAGGCGGCAGCGC,0,1
CAGGCGGCAGGAG,0,1
CAGGCGGCAGGGC,0,1
CAGGCGGCCAACA,0,1
CAGGCGGCCGCCG,0,1
CAGGCGGCGAAAA,0,1
CAGGCGGCGCCGC,0,1
CAGGCGGCGGCAA,0,1
CAGGCGGCGGCAG,0,1
CAGGCGGCGGCGC,0,1
CAGGCGGCGGCGG,0,1
CAGGCGGGGCAGC,0,1
CAGGCGGGGCGCC,0,2
CAGGCGGGGGGGG,0,1
CAGGGAAAAACCA,0,1
CAGGGAAAACCCA,0,1
CAGGGAAAAGCAC,0,1
CAGGGAAAGCAGG,0,1
CAGGGAAAGCCGG,0,1
CAGGGAAAGGAAC,0,1
CAGGGAAAGGACG,0,1
CAGGGAAAGGAGG,0,1
CAGGGAAAGGGAA,0,2
CAGGGAACAAGCA,2,3
CAGGGAACGACGC,0,1
CAGGGAAGAAAAG,0,1
CAGGGAAGACACA,0,2
CAGGGAAGACACC,0,1
CAGGGAAGAGCAA,0,1
CAGGGAAGAGGAA,0,2
CAGGGAAGAGGAG,0,1
CAGGGAAGAGGCA,2,3
CAGGGAAGCAGCA,0,1
CAGGGAAGCGAAA,1,1
CAGGGAAGCGAAC,0,1
CAGGGAAGGCCAC,0,1
CAGGGAAGGCCCC,0,1
CAGGGAAGGGAAA,0,1
CAGGGAAGGGAGA,0,1
CAGGGAAGGGGAC,0,1
CAGGGAAGGGGAG,0,1
CAGGGAAGGGGGG,0,1
CAGGGACAAAAGA,0,1
CAGGGACAAACCA,0,2
CAGGGACAAAGGA,0,2
CAGGGACAACAAA,2,3
CAGGGACAACGGA,1,1
CAGGGACAGAGCC,0,1
CAGGGACAGAGCG,0,1
CAGGGACAGCAAA,7,39
CAGGGACAGGAAC,0,1
CAGGGACAGGAGA,1,1
CAGGGACAGGAGC,0,1
CAGGGACAGGCCA,0,1
CAGGGACCAAGCG,0,1
CAGGGACCAAGGC,0,1
CAGGGACCAGAAG,0,1
CAGGGACCAGAGG,0,1
CAGGGACCAGCAC,0,3
CAGGGACCCAAGC,0,1
CAGGGACCCAGGA,0,1
CAGGGACCCCCAG,0,1
CAGGGACCCCCGG,0,1
CAGGGACCCGGGC,0,1
CAGGGACCGCGCG,0,1
CAGGGACCGGCGC,0,1
CAGGGACGAAACA,0,1
CAGGGACGAGCAC,0,1
CAGGGACGAGGCA,2,5
CAGGGACGAGGGC,0,1
CAGGGACGGGCAG,0,1
CAGGGACGGGGAG,0,1
CAGGGACGGGGCG,1,1
CAGGGAGAAAAGA,0,1
CAGGGAGAAAGCA,0,1
CAGGGAGAAAGCG,0,1
CAGGGAGAAGAAG,0,1
CAGGGAGAAGGCA,0,1
CAGGGAGACAAAA,0,1
CAGGGAGACAAGC,0,1
CAGGGAGACACAG,0,1
CAGGGAGAGAACA,1,1
CAGGGAGAGAGGA,0,1
CAGGGAGAGAGGG,0,1
CAGGGAGAGCCCC,1,1
CAGGGAGAGCCGA,0,1
CAGGGAGAGGGGA,0,1
CAGGGAGAGGGGG,1,1
CAGGGAGCAAACA,0,1
CAGGGAGCAAGGG,0,1
CAGGGAGCACCAG,0,1
CAGGGAGCACCCC,0,2
CAGGGAGCAGACC,1,1
CAGGGAGCAGCCA,0,3
CAGGGAGCAGGAA,1,1
CAGGGAGCAGGAG,0,1
CAGGGAGCAGGCG,0,1
CAGGGAGCCAAGA,0,1
CAGGGAGCCAGAC,0,3
CAGGGAGCCAGGC,1,1
CAGGGAGCCCAAC,0,1
CAGGGAGCCCACG,0,1
CAGGGAGCCCAGA,0,1
CAGGGAGCGCAGC,0,1
CAGGGAGCGCGGG,0,1
CAGGGAGCGGAGC,0,1
CAGGGAGCGGCCG,0,1
CAGGGAGCGGGAA,0,1
CAGGGAGGAAACA,0,1
CAGGGAGGAACCG,0,1
CAGGGAGGAAGCC,0,1
CAGGGAGGAAGGG,0,1
CAGGGAGGACACA,0,1
CAGGGAGGAGCAA,0,1
CAGGGAGGAGGCC,0,5
CAGGGAGGCAAAA,0,1
CAGGGAGGCAGCA,0,1
CAGGGAGGCAGGG,1,1
CAGGGAGGGACAC,0,1
CAGGGAGGGACGA,0,1
CAGGGAGGGACGC,0,1
CAGGGAGGGCAGC,0,2
CAGGGAGGGCAGG,1,2
CAGGGAGGGGAGA,0,1
CAGGGAGGGGAGC,1,1
CAGGGAGGGGCCG,0,1
CAGGGAGGGGGCG,0,1
CAGGGCAAAACAG,0,1
CAGGGCAAACCAG,0,1
CAGGGCAAAGGGG,0,1
CAGGGCAACAGAG,0,1
CAGGGCAAGAGAA,0,1
CAGGGCAAGCAGA,0,1
CAGGGCAAGCAGG,0,1
CAGGGCACAGACC,0,1
CAGGGCACAGGGC,0,1
CAGGGCACCACCA,1,1
CAGGGCACGGACA,0,1
CAGGGCACGGCAG,0,3
CAGGGCACGGGAG,0,1
CAGGGCAGAACAG,1,1
CAGGGCAGAAGCC,0,1
CAGGGCAGAGCAC,0,1
CAGGGCAGAGCAG,2,2
CAGGGCAGAGGGA,0,2
CAGGGCAGAGGGC,1,1
CAGGGCAGCAAGG,0,1
CAGGGCAGCACCG,0,1
CAGGGCAGCAGCA,1,1
CAGGGCAGCAGGA,0,1
CAGGGCAGCCAAG,0,1
CAGGGCAGCCCAG,0,1
CAGGGCAGCGGCA,0,1
CAGGGCAGGAAGA,1,2
CAGGGCAGGAGAA,0,1
CAGGGCAGGAGGG,0,1
CAGGGCAGGCAGC,0,1
CAGGGCAGGCCCA,0,1
CAGGGCAGGGAAG,1,1
CAGGGCAGGGACA,0,8
CAGGGCAGGGAGG,0,1
CAGGGCAGGGCAA,1,1
CAGGGCAGGGCAC,0,1
CAGGGCAGGGCAG,0,1
CAGGGCAGGGCCG,0,1
CAGGGCAGGGGCG,0,2
CAGGGCAGGGGGA,0,1
CAGGGCCAAAGGG,0,1
CAGGGCCACAACC,0,3
CAGGGCCACACCA,0,1
CAGGGCCACCAGA,0,1
CAGGGCCACCCAG,0,1
CAGGGCCACCGAC,0,1
CAGGGCCAGAGAG,0,1
CAGGGCCAGCAAA,0,1
CAGGGCCAGCACA,0,1
CAGGGCCAGCAGC,0,1
CAGGGCCAGCAGG,1,1
CAGGGCCAGCCAC,0,1
CAGGGCCAGCCCC,0,1
CAGGGCCAGCGCG,0,1
CAGGGCCAGGACC,0,1
CAGGGCCAGGACG,0,1
CAGGGCCAGGCAC,1,1
CAGGGCCAGGGCA,0,2
CAGGGCCAGGGCG,0,1
CAGGGCCCAAAGA,0,1
CAGGGCCCAAGCC,0,1
CAGGGCCCACAGC,0,1
CAGGGCCCAGAGG,0,1
CAGGGCCCAGGGA,0,1
CAGGGCCCAGGGC,0,1
CAGGGCCCCAGGA,0,2
CAGGGCCCCGCGG,1,1
CAGGGCCCCGGCA,0,1
CAGGGCCCGCGGC,0,1
CAGGGCCCGGGAC,0,5
CAGGGCCCGGGCC,0,1
CAGGGCCGAAGAG,0,1
CAGGGCCGAAGGG,0,1
CAGGGCCGACCCG,0,1
CAGGGCCGCCACG,0,1
CAGGGCCGCGCAA,0,1
CAGGGCCGCGCGC,0,1
CAGGGCCGCGGGG,0,1
CAGGGCCGGCCAC,1,1
CAGGGCCGGCCGC,0,1
CAGGGCCGGGGCC,0,2
CAGGGCGAAGGGG,0,1
CAGGGCGACACGG,0,1
CAGGGCGACAGCC,0,1
CAGGGCGACCCAC,0,1
CAGGGCGACGCGC,0,1
CAGGGCGACGCGG,2,2
CAGGGCGACGGCA,0,1
CAGGGCGAGGCAA,0,1
CAGGGCGAGGCCG,0,1
CAGGGCGCAGCCG,0,1
CAGGGCGCAGGGG,0,1
CAGGGCGCGGAGA,0,1
CAGGGCGCGGCGG,0,1
CAGGGCGGAACGA,1,1
CAGGGCGGAACGC,0,1
CAGGGCGGAAGCA,0,1
CAGGGCGGAAGCC,0,1
CAGGGCGGAGGGA,0,3
CAGGGCGGCCGCC,0,1
CAGGGCGGCCGCG,0,1
CAGGGCGGGAACG,1,1
CAGGGCGGGCCCA,0,1
CAGGGCGGGGAAC,1,1
CAGGGCGGGGCAC,0,1
CAGGGCGGGGGCG,0,1
CAGGGGAAACCCG,0,1
CAGGGGAACAGGC,2,3
CAGGGGAAGACAG,1,1
CAGGGGAAGGGAA,1,1
CAGGGGACAAAAA,0,1
CAGGGGACACAAG,0,2
CAGGGGACACAGG,0,2
CAGGGGACACGAG,0,1
CAGGGGACACGGG,0,7
CAGGGGACCAGAG,1,1
CAGGGGACCCAGG,0,1
CAGGGGACGAGAG,0,1
CAGGGGAGAAACC,0,1
CAGGGGAGAAGAC,0,1
CAGGGGAGACGGG,0,1
CAGGGGAGAGAGA,1,1
CAGGGGAGCAAGG,0,1
CAGGGGAGCACCG,0,1
CAGGGGAGCAGCA,0,1
CAGGGGAGCAGGG,0,1
CAGGGGAGGAGGA,0,1
CAGGGGAGGGAGG,0,2
CAGGGGAGGGCAG,0,1
CAGGGGAGGGGGG,0,1
CAGGGGCAAGCAG,0,1
CAGGGGCACACCG,0,1
CAGGGGCAGACAC,0,4
CAGGGGCAGACAG,0,4
CAGGGGCAGGCCA,0,1
CAGGGGCAGGGAC,0,2
CAGGGGCAGGGCG,0,1
CAGGGGCAGGGGC,0,1
CAGGGGCAGGGGG,1,1
CAGGGGCCAAGGC,0,1
CAGGGGCCACGAG,0,1
CAGGGGCCAGGCG,0,1
CAGGGGCCCAGCC,0,1
CAGGGGCCCAGGC,0,1
CAGGGGCCGAGGA,0,1
CAGGGGCCGCGGC,0,1
CAGGGGCCGGGGA,0,1
CAGGGGCGAGGGG,0,1
CAGGGGCGCCAGC,0,1
CAGGGGCGGGGCG,0,1
CAGGGGCGGGGGG,0,1
CAGGGGGAACAGA,0,1
CAGGGGGAAGGGG,1,1
CAGGGGGACCCCC,0,1
CAGGGGGACCCGC,0,1
CAGGGGGACGAGG,0,1
CAGGGGGAGAGGA,0,1
CAGGGGGAGCAGG,1,1
CAGGGGGAGCGCC,0,1
CAGGGGGCAGAGG,0,1
CAGGGGGCCAAAG,0,1
CAGGGGGCCCAGG,0,2
CAGGGGGCGACCC,1,1
CAGGGGGCGAGGG,0,1
CAGGGGGCGGGGA,0,1
CAGGGGGGAAAGA,0,1
CAGGGGGGACAGA,0,1
CAGGGGGGAGGCC,0,1
CAGGGGGGCAGGA,0,2
CAGGGGGGCGACC,0,1
CAGGGGGGGAGAC,0,1
CAGGGGGGGAGAG,0,1
CAGGGGGGGCCGA,1,1
CAGGGGGGGCGGC,0,1
CAGGGGGGGCGGG,0,1
CAGGGGGGGGCAG,0,1
CCAAAAAAAAAAA,0,7
CCAAAAAAAAAGA,0,1
CCAAAAAAACAAG,0,1
CCAAAAAAACCGC,0,1
CCAAAAAAACGAC,0,1
CCAAAAAAAGAAA,0,2
CCAAAAAACAAAC,0,2
CCAAAAAACAACC,0,1
CCAAAAAACAAGC,0,1
CCAAAAAACCAGC,0,1
CCAAAAAACCCCA,0,1
CCAAAAAAGAAAA,0,2
CCAAAAAAGACAA,0,1
CCAAAAAAGAGCA,0,1
CCAAAAAAGGCAG,0,1
CCAAAAACAAGGA,0,1
CCAAAAACCCAAA,0,1
CCAAAAACCCAGA,0,1
CCAAAAAGAAAAA,0,2
CCAAAAAGAACAA,0,1
CCAAAAAGAGCAA,0,1
CCAAAAAGAGGCC,0,1
CCAAAAAGCAACA,2,2
CCAAAAAGCAGGC,1,2
CCAAAAAGGAAAA,0,1
CCAAAAAGGACAG,0,1
CCAAAAAGGGAAA,0,1
CCAAAACAAAACC,0,3
CCAAAACAAAAGG,0,1
CCAAAACAAAGCA,0,1
CCAAAACAACAAC,0,3
CCAAAACAACAGA,0,2
CCAAAACAACGAG,0,1
CCAAAACAAGAAA,0,1
CCAAAACACAAAA,0,1
CCAAAACACAAGC,0,1
CCAAAACACAAGG,0,2
CCAAAACACAGAC,0,1
CCAAAACACAGGA,0,1
CCAAAACACGAAG,0,1
CCAAAACAGAGAA,0,1
CCAAAACAGAGCA,1,1
CCAAAACAGCGAC,0,1
CCAAAACAGGGCC,0,2
CCAAAACCAAAAG,0,1
CCAAAACCACCAG,0,1
CCAAAACCAGACC,0,1
CCAAAACCAGCAA,0,1
CCAAAACCCGAGC,0,1
CCAAAACCGAAGC,0,1
CCAAAACCGCCAC,0,1
CCAAAACCGCCGC,0,1
CCAAAACGAAACC,0,11
CCAAAACGAAACG,0,1
CCAAAACGAAGAG,0,2
CCAAAACGAGGAG,0,1
CCAAAACGAGGCA,0,1
CCAAAACGCCCAC,1,1
CCAAAACGGCGCG,0,1
CCAAAACGGGACC,0,1
CCAAAAGAAAGCA,3,9
CCAAAAGAACCAG,0,1
CCAAAAGAAGAAG,0,1
CCAAAAGACAACG,0,1
CCAAAAGACAAGA,0,1
CCAAAAGAGAAAC,0,1
CCAAAAGAGAAGA,0,2
CCAAAAGAGAGCA,0,1
CCAAAAGAGCAAA,0,2
CCAAAAGAGCCCC,0,1
CCAAAAGAGCGGG,0,1
CCAAAAGAGGAGA,0,1
CCAAAAGCAAAAG,0,1
CCAAAAGCAGCCA,0,1
CCAAAAGCAGCGA,0,1
CCAAAAGCAGGGA,0,1
CCAAAAGCCACAA,0,1
CCAAAAGCCGAAG,0,1
CCAAAAGCGCCAA,0,1
CCAAAAGCGGCAA,0,1
CCAAAAGGAAGGG,1,1
CCAAAAGGAGGAA,0,1
CCAAAAGGGAAAG,0,1
CCAAAAGGGAGCA,2,3
CCAAACAAAAAAA,0,1
CCAAACAAACGCA,0,2
CCAAACAAAGAGG,0,1
CCAAACAACAGGA,0,10
CCAAACAACCACA,0,1
CCAAACAACCAGC,0,1
CCAAACAAGCCAA,0,1
CCAAACACAAACA,0,1
CCAAACACACACA,0,1
CCAAACACAGAAC,1,1
CCAAACACGAGGA,0,1
CCAAACACGGCAG,1,1
CCAAACACGGCCG,0,1
CCAAACAGAAAAC,0,1
CCAAACAGAAGCA,0,1
CCAAACAGAAGGG,0,1
CCAAACAGAGCAA,0,1
CCAAACAGCACAG,0,1
CCAAACAGCCAAA,0,1
CCAAACAGGGCCG,0,1
CCAAACCAAACAC,0,1
CCAAACCAAACCA,0,2
CCAAACCAACAAA,0,1
CCAAACCAACGGC,0,1
CCAAACCAAGGCG,0,1
CCAAACCACAAGG,0,1
CCAAACCACAGGG,0,1
CCAAACCACCACG,0,1
CCAAACCAGCCGG,0,1
CCAAACCAGGGCA,0,1
CCAAACCCAACGC,0,1
CCAAACCCCGACC,0,1
CCAAACCCGAGAA,0,1
CCAAACCGCACCA,0,1
CCAAACCGCCACA,0,2
CCAAACGAAAAAC,0,1
CCAAACGAAGAAC,0,1
CCAAACGAAGCCC,0,1
CCAAACGAGAAGC,1,1
CCAAACGAGGCCG,0,1
CCAAACGCAAACG,0,1
CCAAACGCACCGC,0,1
CCAAACGCCCAAG,0,1
CCAAACGGCCAGA,0,1
CCAAACGGCCAGG,0,4
CCAAACGGCCGAA,0,1
CCAAACGGGACAA,0,1
CCAAACGGGACAC,0,1
CCAAACGGGACAG,0,1
CCAAACGGGCCGG,0,1
CCAAAGAAAAAAA,0,1
CCAAAGAAACAAG,0,1
CCAAAGAAAGAAG,0,1
CCAAAGAAGAACG,0,1
CCAAAGAAGAGAA,0,1
CCAAAGAAGCACC,0,1
CCAAAGAAGGAAG,0,1
CCAAAGACAAAAA,0,1
CCAAAGACAACCG,0,1
CCAAAGACAAGCC,0,1
CCAAAGACAGAAA,0,1
CCAAAGACAGGCC,0,1
CCAAAGACAGGGG,0,1
CCAAAGACCAAAA,0,1
CCAAAGACCAGAA,0,1
CCAAAGACCGCAA,0,1
CCAAAGACGGCAA,1,1
CCAAAGAGAAAAA,0,1
CCAAAGAGAACAG,0,1
CCAAAGAGAAGAA,1,1
CCAAAGAGAGAAA,0,1
CCAAAGAGAGAAC,0,1
CCAAAGAGAGCAC,0,1
CCAAAGAGCAAAC,0,1
CCAAAGAGCAACC,0,1
CCAAAGAGCACAG,0,1
CCAAAGAGGAAGG,0,5
CCAAAGAGGCGAC,0,1
CCAAAGCAAAGAG,0,1
CCAAAGCACAAGA,0,1
CCAAAGCACCGAG,0,1
CCAAAGCACCGCG,0,1
CCAAAGCAGAACG,0,1
CCAAAGCAGACGC,0,1
CCAAAGCCCACCG,0,1
CCAAAGCCCAGAG,0,1
CCAAAGCCCAGGG,0,2
CCAAAGCCCGAGC,0,1
CCAAAGCGAAACC,1,1
CCAAAGCGACGGA,0,1
CCAAAGCGCCAAG,0,1
CCAAAGGAAAAGA,0,3
CCAAAGGAAAGGG,0,1
CCAAAGGAAGAAC,1,1
CCAAAGGAAGAGA,1,1
CCAAAGGAAGGGA,0,1
CCAAAGGACAAGG,0,1
CCAAAGGACCACC,0,1
CCAAAGGACCCCA,0,1
CCAAAGGACGCAG,0,1
CCAAAGGACGGAC,0,1
CCAAAGGAGAACC,0,1
CCAAAGGAGCAAA,0,1
CCAAAGGCAAAAA,0,1
CCAAAGGCAAGGC,0,1
CCAAAGGCACAAG,1,1
CCAAAGGCAGACC,0,1
CCAAAGGCAGAGA,0,6
CCAAAGGCCAACA,0,1
CCAAAGGCCAGGC,0,1
CCAAAGGGAAGAA,0,8
CCAAAGGGAAGCA,0,2
CCAAAGGGAAGCG,1,3
CCAAAGGGCGCCA,1,1
CCAACAAAAAAAA,0,1
CCAACAAAACACA,0,1
CCAACAAACACGA,0,4
CCAACAAAGAAAA,0,1
CCAACAAAGAACA,0,1
CCAACAAAGAAGG,0,1
CCAACAAAGACGA,0,1
CCAACAACAAACC,0,2
CCAACAACAAGGG,1,1
CCAACAACACCGG,0,1
CCAACAACAGCCG,0,1
CCAACAACAGGAC,0,1
CCAACAACAGGAG,0,1
CCAACAACCAAAG,0,1
CCAACAACGCGGA,0,1
CCAACAAGAAAAC,0,1
CCAACAAGAACAA,0,1
CCAACAAGAAGCG,0,1
CCAACAAGAGAAC,0,1
CCAACAAGAGAGA,0,1
CCAACAAGAGGAG,0,1
CCAACAAGCGAAG,0,1
CCAACAAGGAAGG,2,2
CCAACAAGGCGCG,0,1
CCAACACAACAAC,0,1
CCAACACAAGCAA,0,1
CCAACACCACACA,0,1
CCAACACCAGCAA,0,1
CCAACACCAGGCA,0,1
CCAACACCCAGAC,0,1
CCAACACCCCAAC,0,1
CCAACACGACCAG,0,1
CCAACACGAGGCA,0,1
CCAACAGAAACCC,0,1
CCAACAGAAGAAG,0,1
CCAACAGACAACA,0,1
CCAACAGACACAA,1,1
CCAACAGCAACAA,0,1
CCAACAGCAACAG,0,1
CCAACAGCAACCC,0,1
CCAACAGCACAGC,0,1
CCAACAGCCAGCC,0,1
CCAACAGCCCCGC,0,1
CCAACAGCGCAGA,0,1
CCAACAGCGGCCC,0,1
CCAACAGGAACGA,0,1
CCAACAGGAGCGA,0,1
CCAACAGGGAAGC,0,1
CCAACAGGGAGGC,0,1
CCAACAGGGGACC,0,1
CCAACAGGGGCCC,0,2
CCAACCAAAACAC,0,1
CCAACCAAACGGC,0,1
CCAACCAAAGCCA,0,1
CCAACCAAGACGG,0,1
CCAACCAAGCCGA,0,1
CCAACCAAGGCGC,0,1
CCAACCAAGGGCG,0,1
CCAACCACAACAA,0,3
CCAACCACACACC,0,1
CCAACCACACCGG,0,1
CCAACCACAGACA,1,1
CCAACCACCAAGG,0,1
CCAACCACCAGCA,0,1
CCAACCACCCCCA,0,1
CCAACCACGGCAG,0,1
CCAACCAGCACCC,0,1
CCAACCAGCCGCC,0,1
CCAACCAGGCCCC,0,1
CCAACCCAAAAAA,0,1
CCAACCCAAACCA,0,1
CCAACCCAACCCA,0,1
CCAACCCAACCCC,0,2
CCAACCCAACCCG,0,1
CCAACCCAAGCAG,0,1
CCAACCCACAGAG,0,2
CCAACCCACAGGG,1,1
CCAACCCAGAGAG,0,1
CCAACCCCACCGC,1,1
CCAACCCCACGCC,0,1
CCAACCCCAGGGC,0,1
CCAACCCCCAACC,0,2
CCAACCCCCACCC,0,2
CCAACCCCCAGAA,0,1
CCAACCCCCAGCG,0,1
CCAACCCCCCACC,0,1
CCAACCCCCCCGC,0,1
CCAACCCCCGGGC,0,1
CCAACCCGCAAGA,0,1
CCAACCCGCGGCG,0,1
CCAACCCGGACCA,0,1
CCAACCGACCGAA,0,1
CCAACCGAGAAGC,0,1
CCAACCGAGCCAG,0,1
CCAACCGAGGAGG,0,1
CCAACCGCAAGGA,0,2
CCAACCGCAGGGA,0,2
CCAACCGCGACCA,0,1
CCAACCGCGGCAA,0,1
CCAACCGGACAGG,1,1
CCAACCGGCAGCA,0,1
CCAACGAAACGAG,0,1
CCAACGAAAGGCC,0,1
CCAACGAACCGAA,1,1
CCAACGAAGCAGG,2,4
CCAACGACAACGC,0,1
CCAACGAGACCAA,1,1
CCAACGAGCAAAG,0,1
CCAACGAGGAGGC,0,1
CCAACGCACCAAA,0,1
CCAACGCCACGAA,0,1
CCAACGCCGCCCA,2,2
CCAACGCCGGACC,0,1
CCAACGCCGGCCA,1,1
CCAACGCGAAAGG,0,1
CCAACGCGGCGGC,0,1
CCAACGGCCAACA,0,1
CCAACGGCCACGC,0,1
CCAACGGCGCACC,0,1
CCAACGGCGGAAG,0,1
CCAACGGCGGAGG,0,1
CCAACGGCGGCCG,0,1
CCAACGGGAAGGG,0,1
CCAACGGGACGGC,0,1
CCAACGGGCAGCC,0,2
CCAACGGGCGGCG,0,1
CCAACGGGGGCAG,1,2
CCAACGGGGGCCG,0,1
CCAAGAAAAAAAA,0,1
CCAAGAAAAACAG,0,1
CCAAGAAAAAGAA,0,1
CCAAGAAAAAGGA,0,1
CCAAGAAAACCAG,1,1
CCAAGAAAAGAGA,0,1
CCAAGAAACAAAG,0,1
CCAAGAAACAGAA,0,1
CCAAGAAACGAAA,1,1
CCAAGAAACGCAA,0,1
CCAAGAAAGAAGA,0,2
CCAAGAAAGCCCC,0,1
CCAAGAAAGCGGA,0,1
CCAAGAACAAAGA,0,1
CCAAGAACAAAGG,0,1
CCAAGAACAACAA,0,1
CCAAGAACAAGAC,0,1
CCAAGAACAGGGC,0,2
CCAAGAACCAACC,0,1
CCAAGAACCAAGG,0,1
CCAAGAACCCCCA,0,1
CCAAGAACCGACC,0,1
CCAAGAACGACCC,0,1
CCAAGAACGAGGC,0,2
CCAAGAACGGGGC,0,1
CCAAGAAGAAAAC,0,1
CCAAGAAGAAAAG,0,1
CCAAGAAGAAACC,0,1
CCAAGAAGAAGCC,0,1
CCAAGAAGCGACC,0,1
CCAAGAAGGAAGA,0,1
CCAAGACAAAGAG,0,1
CCAAGACAAGCAA,0,2
CCAAGACAAGGAA,0,1
CCAAGACAGGACA,0,1
CCAAGACAGGCGC,0,1
CCAAGACCACACG,0,1
CCAAGACCCACAG,1,1
CCAAGACCGAGGG,0,1
CCAAGACGAAGGG,0,1
CCAAGACGACAAG,0,1
CCAAGACGACCGC,0,1
CCAAGACGGACAG,0,1
CCAAGAGAAAGCG,0,1
CCAAGAGACAGAG,0,1
CCAAGAGACAGGC,1,1
CCAAGAGACCAAG,0,1
CCAAGAGACGCGG,1,1
CCAAGAGAGAAGC,0,4
CCAAGAGAGCGGC,0,1
CCAAGAGAGCGGG,0,1
CCAAGAGAGGAGC,0,5
CCAAGAGAGGCGC,0,5
CCAAGAGAGGGGC,0,1
CCAAGAGCAACCG,0,1
CCAAGAGCACACC,0,1
CCAAGAGCACGGC,0,1
CCAAGAGCAGCGC,0,1
CCAAGAGCAGGGC,0,1
CCAAGAGCCCAGC,0,2
CCAAGAGCCCCCA,0,1
CCAAGAGCCGACC,0,1
CCAAGAGCGAACG,0,11
CCAAGAGCGAGGC,0,1
CCAAGAGCGGACC,0,2
CCAAGAGCGGACG,0,2
CCAAGAGCGGAGC,0,20
CCAAGAGCGGGGC,0,1
CCAAGAGGAAGCA,0,1
CCAAGAGGACAGC,0,1
CCAAGAGGCACGC,0,1
CCAAGAGGCGACC,0,1
CCAAGAGGCGCAG,0,1
CCAAGAGGGAAGG,0,1
CCAAGCAAAACGG,0,1
CCAAGCAAACGGC,0,3
CCAAGCAAAGAGG,0,1
CCAAGCAACAAGG,0,1
CCAAGCAAGAAAC,0,1
CCAAGCAAGCCAG,0,1
CCAAGCACAAAAA,0,1
CCAAGCACAGGCA,0,2
CCAAGCAGAGGCG,0,1
CCAAGCAGCAAGC,0,1
CCAAGCAGCGGCA,0,2
CCAAGCAGGCACG,0,6
CCAAGCAGGCAGC,0,1
CCAAGCCAAGGCC,0,1
CCAAGCCACGGGA,0,1
CCAAGCCAGGAAA,0,1
CCAAGCCCAAAAG,0,1
CCAAGCCCAGGGC,0,1
CCAAGCCCCAAGC,0,1
CCAAGCCCCCAGC,0,1
CCAAGCCCCCGAG,0,1
CCAAGCCCGCCCA,2,2
CCAAGCCCGGAGA,0,1
CCAAGCCGAGAGC,0,1
CCAAGCCGAGCCC,0,1
CCAAGCGAAGGGC,1,1
CCAAGCGACCGAA,0,1
CCAAGCGAGCAAA,0,1
CCAAGCGAGGCAC,0,1
CCAAGCGCCCGCC,0,1
CCAAGCGGGCCAC,1,1
CCAAGGAAAACGG,0,1
CCAAGGAAACACA,0,1
CCAAGGAAAGAAA,0,1
CCAAGGAACAGGC,0,2
CCAAGGAAGGAGG,1,1
CCAAGGACAGCAC,0,1
CCAAGGACAGGCA,0,5
CCAAGGACCAAAA,0,14
CCAAGGACCCAGA,0,1
CCAAGGAGAACAC,0,1
CCAAGGAGAACGC,0,1
CCAAGGAGAAGCA,0,1
CCAAGGAGACAGC,0,1
CCAAGGAGAGACG,0,1
CCAAGGAGAGCCC,0,1
CCAAGGAGCAAGA,0,1
CCAAGGAGCAGCC,0,1
CCAAGGAGCCGAA,0,1
CCAAGGAGGAACC,0,1
CCAAGGAGGGAGG,0,1
CCAAGGCAAAACA,0,1
CCAAGGCAAACAA,0,1
CCAAGGCAAGCAG,0,1
CCAAGGCAAGGAC,0,1
CCAAGGCAGAGGG,0,3
CCAAGGCAGGAAC,0,1
CCAAGGCAGGAGG,0,1
CCAAGGCAGGGGA,0,1
CCAAGGCCAAACC,0,1
CCAAGGCCAAGGG,0,1
CCAAGGCCAGACC,0,1
CCAAGGCCCACAC,0,2
CCAAGGCCCACCC,0,1
CCAAGGCCCAGAC,0,1
CCAAGGCCCAGAG,0,1
CCAAGGCCCCAGC,0,1
CCAAGGCCGCCCA,1,1
CCAAGGCCGGAAG,0,1
CCAAGGCGACAAC,0,1
CCAAGGCGACGAC,0,1
CCAAGGCGCCGGC,0,1
CCAAGGCGGAGCG,0,1
CCAAGGCGGCACG,0,1
CCAAGGCGGCGGA,0,1
CCAAGGCGGGCAG,0,1
CCAAGGGAAAGGA,0,1
CCAAGGGAACGAG,0,5
CCAAGGGAACGCA,0,1
CCAAGGGAAGGGC,0,1
CCAAGGGACAAAA,0,1
CCAAGGGACAGGA,0,1
CCAAGGGAGCAAC,0,1
CCAAGGGAGCCCA,0,1
CCAAGGGAGGAAA,0,1
CCAAGGGAGGCCC,0,2
CCAAGGGCAAAGA,0,1
CCAAGGGCACACC,0,1
CCAAGGGCAGCAG,0,1
CCAAGGGCAGCCG,0,1
CCAAGGGCAGGAG,0,1
CCAAGGGCCGCCC,0,1
CCAAGGGGCAAGG,0,1
CCAAGGGGCAGCG,0,1
CCAAGGGGCGAAA,0,1
CCAAGGGGCGCAG,0,1
CCAAGGGGGAAAG,0,1
CCACAAAAAAAGA,0,1
CCACAAAAACAAA,0,1
CCACAAAAGAGAA,0,1
CCACAAAAGCAAG,0,1
CCACAAAAGCACG,0,1
CCACAAAAGCGAG,0,1
CCACAAACAAACC,0,1
CCACAAACAAAGA,0,1
CCACAAACAAAGG,0,1
CCACAAACACACC,0,1
CCACAAACCACCA,0,1
CCACAAACCGCGA,0,1
CCACAAACGCAGC,0,1
CCACAAACGCCGC,0,1
CCACAAAGAACAC,3,3
CCACAAAGAACGC,1,1
CCACAAAGCAAGG,0,1
CCACAAAGCCAAC,0,4
CCACAAAGGAACA,0,1
CCACAAAGGCAAA,0,1
CCACAAAGGGAAA,0,1
CCACAACACAAAA,0,4
CCACAACACAACA,0,1
CCACAACACGAAA,0,2
CCACAACAGACAA,0,1
CCACAACAGCCCG,0,1
CCACAACAGGGAG,0,1
CCACAACCACACG,0,1
CCACAACCACAGA,0,1
CCACAACCAGCGC,0,3
CCACAACCCCACC,0,1
CCACAACCCCCAC,0,1
CCACAACGAAGCG,0,1
CCACAACGACAGG,0,3
CCACAAGAAAAAG,0,1
CCACAAGAAAACA,0,3
CCACAAGAGAAGC,1,1
CCACAAGAGCAAG,0,1
CCACAAGCAAAGA,0,1
CCACAAGCAAAGC,0,1
CCACAAGCAACGA,0,1
CCACAAGCAAGAA,1,1
CCACAAGCACAAC,0,4
CCACAAGCAGAAG,0,4
CCACAAGCCAAAA,0,1
CCACAAGCGGAAG,0,1
CCACAAGGACGCG,0,1
CCACAAGGAGGGG,0,1
CCACAAGGCAGAC,0,1
CCACAAGGCCGGA,0,1
CCACAAGGGAACA,0,1
CCACAAGGGAAGC,0,1
CCACACAAACACC,1,1
CCACACAACCACA,0,4
CCACACAACCAGC,1,1
CCACACAACCGCC,0,1
CCACACAACGCAA,0,1
CCACACACACACA,0,3
CCACACACACACG,0,1
CCACACACACGCC,0,1
CCACACACAGCAG,0,1
CCACACACCCACC,0,1
CCACACACGCGCC,0,1
CCACACAGAAAAC,0,2
CCACACAGACACC,0,1
CCACACAGAGAAC,0,1
CCACACAGAGGGC,0,1
CCACACAGCAGGG,0,1
CCACACAGCCAAG,1,1
CCACACAGCCAGG,5,7
CCACACAGCGGCG,0,1
CCACACAGGCCGG,1,1
CCACACCAAAAGA,0,2
CCACACCAACAGG,0,1
CCACACCAAGAGC,0,1
CCACACCACCGCC,0,1
CCACACCCAAGGC,13,25
CCACACCCACCCC,0,1
CCACACCCCCACC,0,1
CCACACCCGGGCA,0,1
CCACACCGCAGGC,0,1
CCACACCGCGCCG,0,2
CCACACCGGACGA,0,1
CCACACCGGGACG,0,1
CCACACGACCAAA,0,1
CCACACGCCCACA,0,3
CCACACGCCCGCA,0,4
CCACACGGCCAGG,10,22
CCACACGGGGAGA,0,1
CCACAGAAAAGCA,0,1
CCACAGAAACGAG,0,1
CCACAGAAAGACA,0,1
CCACAGAAAGCAA,0,1
CCACAGAACCAGA,0,1
CCACAGAAGAAAG,0,1
CCACAGAAGCGGG,0,1
CCACAGAAGGAAA,0,1
CCACAGACAAAGG,0,1
CCACAGACACACC,0,1
CCACAGACACCAC,1,1
CCACAGACAGCAG,0,1
CCACAGACGAAGG,0,5
CCACAGACGCCAC,0,1
CCACAGAGACAGC,0,1
CCACAGAGACGGA,0,1
CCACAGAGAGCAG,0,1
CCACAGAGAGCGG,0,3
CCACAGAGCAGCC,0,1
CCACAGAGCAGGG,0,1
CCACAGAGGACAG,0,1
CCACAGAGGCCCA,0,1
CCACAGAGGGACC,0,1
CCACAGAGGGGGA,0,1
CCACAGCAAAGAC,0,1
CCACAGCAACAGG,0,1
CCACAGCAAGAGC,0,1
CCACAGCACAAAG,1,1
CCACAGCACACCC,0,1
CCACAGCACAGAG,0,2
CCACAGCACAGCC,0,1
CCACAGCACCACA,0,1
CCACAGCACGGAG,0,3
CCACAGCACGGCC,0,1
CCACAGCAGACAA,0,1
CCACAGCAGAGAG,0,1
CCACAGCAGAGGG,0,1
CCACAGCAGCGAC,0,1
CCACAGCAGGGGG,0,1
CCACAGCCACAGC,0,1
CCACAGCCACCAC,1,1
CCACAGCCACCCA,1,1
CCACAGCCACCCC,0,1
CCACAGCCAGGGC,0,1
CCACAGCCCAGCA,0,1
CCACAGCCCAGGG,0,1
CCACAGCCCCACC,0,2
CCACAGCCCGCAC,0,1
CCACAGCCGAGCA,0,1
CCACAGCGAAACG,0,1
CCACAGCGACGGC,0,1
CCACAGCGGCACC,0,1
CCACAGCGGCGGC,0,1
CCACAGCGGGAGG,0,1
CCACAGGAAACAA,0,1
CCACAGGAAGCAG,0,1
CCACAGGAGCGAC,0,1
CCACAGGAGCGGC,0,1
CCACAGGCAAAGC,0,1
CCACAGGCAACCC,0,1
CCACAGGCACAGC,0,1
CCACAGGCACCCA,0,2
CCACAGGCACCCC,0,1
CCACAGGCACGAC,0,1
CCACAGGCCACCG,0,1
CCACAGGCCCAGC,1,1
CCACAGGCGAAGG,0,2
CCACAGGCGCCAA,0,1
CCACAGGGACCAA,1,5
CCACAGGGCAAAA,0,1
CCACAGGGCACCA,1,1
CCACAGGGCAGAG,1,2
CCACAGGGCCACC,0,1
CCACAGGGCCGAC,0,1
CCACAGGGCGACG,0,1
CCACAGGGGCCCA,0,1
CCACAGGGGGCCA,0,1
CCACAGGGGGGGC,0,1
CCACCAAAAAACA,0,1
CCACCAAAACAAG,0,2
CCACCAAACCCAA,0,1
CCACCAAAGACGG,0,1
CCACCAAAGAGAG,0,1
CCACCAAAGAGCC,0,1
CCACCAACACCAC,0,1
CCACCAACACCCA,0,1
CCACCAACACGAC,0,1
CCACCAACAGAAA,0,1
CCACCAACCAAGG,0,1
CCACCAACCCCAC,1,1
CCACCAACCCCAG,0,2
CCACCAACGCGGC,0,1
CCACCAAGAAAGA,0,1
CCACCAAGAAAGC,0,1
CCACCAAGAACAC,0,1
CCACCAAGCAACA,0,1
CCACCAAGCAGCA,0,2
CCACCAAGCCCCC,0,1
CCACCAAGCGACA,0,1
CCACCAAGGCCGG,0,1
CCACCAAGGGCAG,0,1
CCACCACAAAAGG,0,1
CCACCACAACAAG,0,4
CCACCACAACCAC,0,1
CCACCACACCACC,0,1
CCACCACACGGAG,1,1
CCACCACAGAAGG,0,1
CCACCACAGAGCA,0,1
CCACCACAGCAAC,0,1
CCACCACAGCCAC,0,1
CCACCACAGCCCA,0,1
CCACCACCAACCC,0,1
CCACCACCACAGA,0,1
CCACCACCACAGC,0,1
CCACCACCACAGG,0,1
CCACCACCACCAA,0,1
CCACCACCACCAC,0,4
CCACCACCACCGC,0,1
CCACCACCACCGG,0,1
CCACCACCACGCC,0,2
CCACCACCAGCCC,0,2
CCACCACCGCCCA,0,1
CCACCACGAACAA,1,2
CCACCACGAGCCC,0,1
CCACCACGCCCGG,0,1
CCACCACGCGGCA,0,1
CCACCACGGGCAG,0,1
CCACCAGAAGCAA,0,1
CCACCAGAAGGGC,0,1
CCACCAGAGCAGC,0,1
CCACCAGAGCCCG,6,13
CCACCAGAGGCCA,0,1
CCACCAGAGGGAC,0,1
CCACCAGCAAGCC,0,1
CCACCAGCACCCA,0,2
CCACCAGCACGGC,0,1
CCACCAGCAGCAC,0,1
CCACCAGCAGCGG,0,1
CCACCAGCCAAGA,0,1
CCACCAGCCCCAC,1,2
CCACCAGCCGGGC,0,1
CCACCAGCGAAGA,0,1
CCACCAGCGCCCG,0,2
CCACCAGGAAGGA,0,1
CCACCAGGACCAA,0,1
CCACCAGGAGGGC,1,1
CCACCAGGCCGGC,0,1
CCACCAGGGAGGC,0,1
CCACCAGGGCCAG,0,1
CCACCAGGGGCAG,0,1
CCACCCAAACACC,0,1
CCACCCAACAGAA,1,1
CCACCCAACCAAA,0,1
CCACCCAACCCGA,0,1
CCACCCAAGGAGA,0,1
CCACCCACACCAA,0,1
CCACCCACACCAC,0,1
CCACCCACAGCCC,0,2
CCACCCACCAGCC,0,1
CCACCCACCAGGG,0,1
CCACCCACCCCAC,3,3
CCACCCACCGGCC,0,1
CCACCCACGCAGA,0,1
CCACCCACGCGGC,0,1
CCACCCAGAACCC,0,1
CCACCCAGAGGAA,0,1
CCACCCAGCAGGC,0,1
CCACCCAGCAGGG,0,2
CCACCCAGCCCAA,2,2
CCACCCAGCCCAC,0,1
CCACCCAGCCCAG,0,1
CCACCCAGCCCCC,0,1
CCACCCAGCCGGG,1,2
CCACCCAGGCCGA,0,1
CCACCCAGGGCAC,0,1
CCACCCAGGGCCC,0,1
CCACCCAGGGGGG,0,1
CCACCCCAAAACC,0,1
CCACCCCAAAACG,0,1
CCACCCCAAGACA,0,1
CCACCCCACACCC,0,1
CCACCCCACAGCA,0,1
CCACCCCACAGGC,0,1
CCACCCCACCACC,0,1
CCACCCCAGACGC,0,1
CCACCCCAGAGGC,0,2
CCACCCCAGCCAA,0,4
CCACCCCAGGCCA,1,1
CCACCCCAGGCCC,0,1
CCACCCCCACCCA,0,1
CCACCCCCAGAGA,0,4
CCACCCCCAGGAG,1,1
CCACCCCCCAGCA,0,1
CCACCCCCCGGCC,1,1
CCACCCCCGACGG,0,1
CCACCCCCGGAGA,1,1
CCACCCCCGGCAG,0,1
CCACCCCCGGCGG,0,1
CCACCCCCGGGCA,0,1
CCACCCCGCCCCC,0,1
CCACCCCGCGAAG,0,1
CCACCCCGCGGCC,0,1
CCACCCGAAGAAG,0,1
CCACCCGACAGCA,0,1
CCACCCGAGCCGG,0,4
CCACCCGAGCGGG,0,1
CCACCCGGAGGCA,0,1
CCACCCGGCCAGA,0,1
CCACCCGGCCCGG,0,1
CCACCCGGCCGCC,0,1
CCACCCGGCCGGG,2,4
CCACCCGGGCAGC,0,1
CCACCCGGGCCCA,0,1
CCACCCGGGCGAA,0,1
CCACCCGGGGGGA,0,1
CCACCGAAACACG,0,1
CCACCGAACAGCG,0,1
CCACCGAACAGGA,0,2
CCACCGAACCCCG,0,1
CCACCGACAAAAG,0,1
CCACCGACAACCC,0,1
CCACCGACCCCCA,0,1
CCACCGACGCCGA,0,1
CCACCGAGAAAAA,0,2
CCACCGAGAGCCG,0,1
CCACCGAGCACCC,0,1
CCACCGAGCACCG,0,1
CCACCGAGCACGA,0,1
CCACCGAGCAGCC,1,1
CCACCGAGCGCGG,0,1
CCACCGAGGACGG,0,1
CCACCGAGGCCGC,0,1
CCACCGAGGCCGG,0,1
CCACCGAGGGAGG,0,1
CCACCGCACCAAG,0,1
CCACCGCCACCGC,0,2
CCACCGCCCACAG,0,1
CCACCGCCCACCG,0,1
CCACCGCCCCAAC,0,1
CCACCGCCCCCCG,0,1
CCACCGCCGCCAC,0,1
CCACCGCCGCCGC,0,2
CCACCGCCGCGCC,0,2
CCACCGCCGGCCG,0,1
CCACCGCGCAAGC,0,1
CCACCGCGCCGCC,0,1
CCACCGCGGGGGA,0,1
CCACCGGAAAAGA,0,1
CCACCGGACGGGG,1,1
CCACCGGCAAAAA,0,2
CCACCGGCAGAAC,1,1
CCACCGGCAGCAG,0,1
CCACCGGCCCCAC,0,1
CCACCGGCCGCCG,0,2
CCACCGGCCGGGC,0,1
CCACCGGCGCAAC,0,1
CCACCGGGACAAG,0,1
CCACCGGGGCGAC,0,1
CCACGAAAGAAAG,0,1
CCACGAACAGCCG,1,1
CCACGAAGAGGAA,0,1
CCACGAAGCAAAG,0,1
CCACGAAGCACAC,1,1
CCACGACACAAGG,1,2
CCACGACAGAACC,0,1
CCACGACCAGGAC,0,1
CCACGACGACGAC,0,1
CCACGACGCAGGA,0,1
CCACGACGGGCAA,0,1
CCACGAGAACGAA,0,1
CCACGAGAGGCAG,0,3
CCACGAGCAGGAG,0,1
CCACGAGCGGGAG,0,1
CCACGAGGAACAC,0,1
CCACGAGGAAGGC,0,1
CCACGAGGACAAG,0,1
CCACGAGGACGAC,0,2
CCACGAGGAGCGG,0,1
CCACGAGGGGGAC,0,1
CCACGCAAAAGCC,0,1
CCACGCAACCACG,0,8
CCACGCACAAGAC,0,3
CCACGCACCAAGC,0,1
CCACGCACCAGGG,9,18
CCACGCACCCACA,0,1
CCACGCACGAACG,0,1
CCACGCACGGCCG,0,1
CCACGCAGACCAG,0,1
CCACGCAGAGACC,0,1
CCACGCAGCAACA,0,1
CCACGCAGCACAG,1,1
CCACGCAGCCGAC,0,1
CCACGCCAAAGAC,0,1
CCACGCCAAGCAG,0,1
CCACGCCAGCCAG,0,1
CCACGCCAGGCAA,0,1
CCACGCCCACAAG,0,1
CCACGCCCACGCC,0,1
CCACGCCCCAAAC,0,1
CCACGCCCCACAC,0,5
CCACGCCCCCCGG,0,1
CCACGCCCCGCGC,0,1
CCACGCCCGAGCC,0,2
CCACGCCCGGCCC,0,1
CCACGCCCGGCGA,0,1
CCACGCCGACGGG,0,1
CCACGCCGAGCCC,0,1
CCACGCCGCGCCC,0,1
CCACGCCGCGCCG,0,1
CCACGCCGCGGCA,0,1
CCACGCCGGAGGG,0,1
CCACGCCGGCCGG,0,1
CCACGCGAGCGGC,0,1
CCACGCGCACGCG,0,2
CCACGCGCAGCCC,0,1
CCACGCGGCAGCC,0,1
CCACGCGGCCGCC,0,1
CCACGGAAAACGC,0,1
CCACGGAAACACA,0,1
CCACGGAACCCAA,0,1
CCACGGAACGGCA,0,1
CCACGGAAGAAGG,0,1
CCACGGAAGAGGA,0,5
CCACGGAGAACCA,0,1
CCACGGAGCACCC,0,1
CCACGGAGCCCCG,1,1
CCACGGAGCGCAA,0,1
CCACGGAGGGGCC,0,1
CCACGGCACAGGG,0,1
CCACGGCACCAAG,0,2
CCACGGCAGCCAC,0,1
CCACGGCCACGGG,0,1
CCACGGCCCAGGC,0,1
CCACGGCCGCAAC,0,1
CCACGGCCGCCGC,0,1
CCACGGCCGCGGA,0,1
CCACGGCCGGCCG,0,1
CCACGGCGAGCCG,0,1
CCACGGCGCACCA,0,1
CCACGGGAAAGCC,0,1
CCACGGGACGCCG,0,1
CCACGGGAGGAGC,0,1
CCACGGGCACGGG,0,1
CCACGGGCCAGGG,0,1
CCACGGGCCGAGG,0,1
CCACGGGGGCCGG,0,1
CCAGAAAACAACA,0,2
CCAGAAAACAAGC,0,2
CCAGAAAAGCGAC,3,3
CCAGAAAAGGAGG,0,1
CCAGAAACAGCCA,0,1
CCAGAAACAGGAG,0,1
CCAGAAACCGAGG,0,1
CCAGAAAGAAAAC,0,1
CCAGAAAGAGGAG,0,3
CCAGAAAGGGCGA,0,1
CCAGAACAACAGA,0,1
CCAGAACAACCAG,0,1
CCAGAACAACGAA,0,1
CCAGAACACAAAC,0,1
CCAGAACACCACA,0,1
CCAGAACACGCAA,0,1
CCAGAACAGAAAG,0,1
CCAGAACAGGAGG,0,1
CCAGAACCAGAGA,0,1
CCAGAACCAGAGG,0,1
CCAGAACCCGGGC,0,1
CCAGAAGAAAAGA,0,2
CCAGAAGAACGAG,0,1
CCAGAAGAAGCAG,0,1
CCAGAAGACCAGA,0,1
CCAGAAGAGACCA,0,1
CCAGAAGAGAGAC,0,1
CCAGAAGAGAGAG,0,8
CCAGAAGAGAGCC,0,1
CCAGAAGAGCAAA,1,1
CCAGAAGAGCACA,0,1
CCAGAAGAGGAAG,0,1
CCAGAAGAGGCAA,0,1
CCAGAAGCAAGCC,0,1
CCAGAAGCACCAC,0,1
CCAGAAGCAGCCA,0,1
CCAGAAGCCAAAA,0,1
CCAGAAGCCCCAG,0,1
CCAGAAGGAAAAG,0,1
CCAGAAGGCAGAC,0,1
CCAGAAGGCCACC,0,1
CCAGAAGGCCGAA,0,1
CCAGAAGGCCGCC,0,1
CCAGAAGGGAAGA,0,1
CCAGAAGGGGGCG,0,1
CCAGACAACAAGA,0,1
CCAGACAAGACAC,0,1
CCAGACAAGAGGG,0,1
CCAGACAAGCCAC,0,1
CCAGACACCAGCA,0,1
CCAGACACGAACA,0,1
CCAGACAGAGGCG,0,1
CCAGACAGCAAGC,1,1
CCAGACAGCAGCG,0,1
CCAGACAGCAGGG,0,1
CCAGACAGCGGGC,0,1
CCAGACAGGAGGA,0,1
CCAGACAGGCCGA,0,1
CCAGACAGGGACA,0,1
CCAGACAGGGAGA,1,1
CCAGACAGGGCAA,1,1
CCAGACAGGGCCA,0,1
CCAGACCAGCAGG,0,1
CCAGACCCACCGA,0,6
CCAGACCCACCGG,0,12
CCAGACCCACGGG,0,1
CCAGACCCAGGAA,0,1
CCAGACCCCAAGG,0,1
CCAGACCCCAGCC,0,1
CCAGACCCCCCGC,0,1
CCAGACCGCAAAA,1,2
CCAGACCGCAGCC,0,2
CCAGACGAACAGA,1,1
CCAGACGACACGA,0,1
CCAGACGAGAAGA,0,1
CCAGACGCAGAGG,1,1
CCAGACGCAGGCC,0,1
CCAGACGCCGCAC,0,1
CCAGACGGACCGG,0,1
CCAGACGGCAAGA,0,1
CCAGAGAAAACCG,0,1
CCAGAGAAACCCC,0,1
CCAGAGAAAGCCA,0,1
CCAGAGAAAGGAA,0,2
CCAGAGAACAACA,0,1
CCAGAGAACACAG,0,1
CCAGAGAAGAAAA,0,1
CCAGAGAAGAAGG,0,1
CCAGAGAAGAGAG,0,1
CCAGAGAAGAGGG,0,1
CCAGAGAAGCACA,0,1
CCAGAGACAAAAA,0,1
CCAGAGACAAAGC,0,1
CCAGAGACAACAC,0,1
CCAGAGACACCCC,0,1
CCAGAGACCAAAA,0,1
CCAGAGACGCAGC,0,1
CCAGAGACGGAGA,0,1
CCAGAGAGAAACA,0,1
CCAGAGAGAACCG,0,1
CCAGAGAGAGAAG,0,1
CCAGAGAGAGAGA,0,1
CCAGAGAGCACAC,9,17
CCAGAGAGCACGG,0,1
CCAGAGAGCAGAA,0,2
CCAGAGAGCCAGA,0,1
CCAGAGAGCCAGG,0,1
CCAGAGAGCCCAA,0,1
CCAGAGAGGAAAC,0,1
CCAGAGAGGAGAA,0,1
CCAGAGAGGAGAG,0,1
CCAGAGAGGGCAA,0,6
CCAGAGCAAAACA,0,1
CCAGAGCAACACC,0,2
CCAGAGCAAGGGG,1,1
CCAGAGCACCCCA,0,3
CCAGAGCAGAGAG,1,1
CCAGAGCAGAGCA,0,1
CCAGAGCAGCAAG,0,1
CCAGAGCAGCCGA,0,1
CCAGAGCAGCGGA,0,1
CCAGAGCAGGCAC,0,1
CCAGAGCAGGGGC,0,1
CCAGAGCCACCGG,1,2
CCAGAGCCAGAAA,0,1
CCAGAGCCCACCA,0,1
CCAGAGCCCAGCC,0,1
CCAGAGCCCGGAG,0,1
CCAGAGCCGGGAG,0,1
CCAGAGCGGAGAG,0,2
CCAGAGCGGCGGA,1,1
CCAGAGCGGGCAC,0,1
CCAGAGGAAAGCA,0,1
CCAGAGGACAGCC,1,1
CCAGAGGACGAGG,0,1
CCAGAGGAGAAAA,1,1
CCAGAGGAGAACA,0,1
CCAGAGGAGACGA,1,1
CCAGAGGAGCACA,0,1
CCAGAGGAGGAAG,0,1
CCAGAGGCAAAGG,1,1
CCAGAGGCAGCCC,0,1
CCAGAGGCAGGAA,0,2
CCAGAGGCCACCA,0,1
CCAGAGGCCACGA,0,1
CCAGAGGCCAGGC,0,1
CCAGAGGCCCAGC,0,1
CCAGAGGCCCAGG,0,1
CCAGAGGCGAGAA,0,1
CCAGAGGCGCCCG,0,2
CCAGAGGCGGAGA,0,1
CCAGAGGCGGAGG,0,1
CCAGAGGGAAAAG,0,1
CCAGAGGGAAGCA,0,1
CCAGAGGGAAGCG,0,3
CCAGAGGGAAGGC,1,1
CCAGAGGGAGAAC,1,1
CCAGAGGGAGGAA,0,2
CCAGAGGGCAAAA,0,6
CCAGAGGGCACCG,0,1
CCAGAGGGCCAAC,1,2
CCAGAGGGCCCCC,0,2
CCAGAGGGCGAGG,0,1
CCAGAGGGGAAAG,0,1
CCAGAGGGGCAAG,0,4
CCAGAGGGGCACA,0,6
CCAGAGGGGGAAG,0,1
CCAGCAAAAACCC,0,1
CCAGCAAAAAGAA,0,1
CCAGCAAAACGGC,0,1
CCAGCAAAAGGGC,0,1
CCAGCAAACAGGG,0,1
CCAGCAAAGAGAG,0,2
CCAGCAAAGGGGA,2,3
CCAGCAACCCACA,0,1
CCAGCAACCCCCC,0,1
CCAGCAACGCCGA,0,1
CCAGCAAGAAGGA,1,1
CCAGCAAGAGACC,0,1
CCAGCAAGAGAGC,0,1
CCAGCAAGAGGAG,0,1
CCAGCAAGAGGCC,0,1
CCAGCAAGCAACA,1,2
CCAGCAAGCCAGC,0,1
CCAGCACAAACAG,0,1
CCAGCACAACAGA,0,1
CCAGCACACACAG,0,1
CCAGCACAGAAGA,0,1
CCAGCACAGACAG,0,1
CCAGCACAGCACA,0,1
CCAGCACAGGACC,1,1
CCAGCACAGGCAG,1,1
CCAGCACAGGGGC,0,1
CCAGCACCACCAC,0,1
CCAGCACCACGCG,0,2
CCAGCACCAGCCG,0,1
CCAGCACCAGCGA,0,2
CCAGCACCAGGAC,0,1
CCAGCACCCAAAC,0,1
CCAGCACCCAACG,0,1
CCAGCACCCAGAC,0,1
CCAGCACCCCAAC,2,2
CCAGCACCCGCAG,0,1
CCAGCACCCGGCC,0,1
CCAGCACCGACGC,0,1
CCAGCACCGCACA,0,3
CCAGCACCGCGCC,0,1
CCAGCACCGCGCG,0,1
CCAGCACCGCGGC,0,1
CCAGCACGCAGGA,0,1
CCAGCACGCAGGC,0,1
CCAGCACGCCAAG,0,1
CCAGCACGCGCCG,2,3
CCAGCACGCGGAA,0,1
CCAGCAGAAAGAA,0,1
CCAGCAGAAGAGC,1,1
CCAGCAGACAAAA,1,1
CCAGCAGAGAGGA,1,1
CCAGCAGAGCCCA,0,1
CCAGCAGAGGGAA,0,1
CCAGCAGCAAAAC,0,1
CCAGCAGCAAACA,0,1
CCAGCAGCAACCG,0,1
CCAGCAGCAACGA,0,1
CCAGCAGCAAGCG,0,1
CCAGCAGCACAAC,0,1
CCAGCAGCAGGCA,0,2
CCAGCAGCCACAG,0,1
CCAGCAGCCACCA,0,1
CCAGCAGCCAGAG,0,1
CCAGCAGCCAGGG,0,1
CCAGCAGCCCAGA,0,1
CCAGCAGCCCAGC,0,2
CCAGCAGCCGCGA,0,1
CCAGCAGCGAGCG,1,2
CCAGCAGGAACAA,1,1
CCAGCAGGACGGG,1,1
CCAGCAGGAGAAC,0,2
CCAGCAGGAGCAG,0,1
CCAGCAGGAGCCA,0,1
CCAGCAGGAGGAC,0,1
CCAGCAGGAGGAG,0,1
CCAGCAGGAGGCA,0,1
CCAGCAGGCGCAG,0,1
CCAGCAGGGACAG,0,1
CCAGCAGGGAGCC,0,1
CCAGCAGGGCCAG,0,2
CCAGCAGGGCGCA,0,1
CCAGCAGGGGCCA,0,1
CCAGCCAACCAAA,0,1
CCAGCCAACCGAA,0,1
CCAGCCAACGCAC,1,1
CCAGCCAAGACGA,0,2
CCAGCCAAGCCGA,0,1
CCAGCCACACGGG,0,1
CCAGCCACAGAAG,0,1
CCAGCCACAGCAG,0,1
CCAGCCACCAAAA,0,1
CCAGCCACCAGCA,0,1
CCAGCCACCAGGA,1,1
CCAGCCACCCAGC,0,1
CCAGCCACCGAGC,0,1
CCAGCCAGAGCAC,0,5
CCAGCCAGCAAAG,0,2
CCAGCCAGCCAAA,0,3
CCAGCCAGCCAGC,0,2
CCAGCCAGCCGGC,0,1
CCAGCCAGGCCCG,0,3
CCAGCCCAAAACA,0,1
CCAGCCCAAAGGC,0,1
CCAGCCCAAGGAA,0,1
CCAGCCCAAGGCC,0,2
CCAGCCCACGGCG,0,1
CCAGCCCAGAAAA,0,1
CCAGCCCAGAGGC,0,5
CCAGCCCAGCAGG,0,1
CCAGCCCAGCCAC,0,1
CCAGCCCAGCCCC,0,1
CCAGCCCAGGACA,0,1
CCAGCCCAGGCAA,0,2
CCAGCCCAGGGCC,0,1
CCAGCCCCACACA,0,1
CCAGCCCCACAGC,4,4
CCAGCCCCACCAC,1,1
CCAGCCCCACCAG,0,1
CCAGCCCCAGGGC,0,1
CCAGCCCCCACCC,0,1
CCAGCCCCCGACC,1,1
CCAGCCCCCGGCC,0,1
CCAGCCCCGAGGC,0,4
CCAGCCCCGCCCC,0,1
CCAGCCCCGGGCC,0,1
CCAGCCCCGGGGC,0,1
CCAGCCCGAGAGC,0,1
CCAGCCCGAGGCC,0,2
CCAGCCCGCCAAC,0,1
CCAGCCCGCCACC,0,1
CCAGCCCGCCCCA,0,1
CCAGCCCGGACAC,1,1
CCAGCCCGGACGG,0,1
CCAGCCCGGAGCA,0,1
CCAGCCCGGCACA,0,1
CCAGCCCGGCAGC,0,1
CCAGCCCGGGAGG,0,1
CCAGCCGACCAAG,0,1
CCAGCCGAGCCCC,0,1
CCAGCCGAGCCCG,0,1
CCAGCCGCACGCC,0,1
CCAGCCGCCAGCG,0,1
CCAGCCGCCCCCC,0,1
CCAGCCGCCCGCC,0,1
CCAGCCGCGCGAC,0,1
CCAGCCGCGGCAC,0,1
CCAGCCGGCCAAG,0,1
CCAGCCGGCCGGC,0,1
CCAGCCGGGCCGC,0,1
CCAGCCGGGCGGG,0,3
CCAGCCGGGGGCA,0,1
CCAGCGAAGAGAA,0,1
CCAGCGACCAACA,0,1
CCAGCGACCACAG,0,1
CCAGCGACCGGGA,0,1
CCAGCGAGCGCCC,0,1
CCAGCGAGGAAAA,0,1
CCAGCGAGGAGAA,0,1
CCAGCGAGGCCCG,0,1
CCAGCGAGGGGGC,0,1
CCAGCGCACAAGA,0,1
CCAGCGCAGCCCC,0,3
CCAGCGCCCCACA,0,1
CCAGCGCCCGGCA,1,1
CCAGCGCCGCCGC,0,1
CCAGCGCCGCGCC,0,1
CCAGCGCGACAAG,0,1
CCAGCGCGAGCCC,1,1
CCAGCGCGCCCCG,0,1
CCAGCGCGCGCGG,0,1
CCAGCGCGGAGCC,0,1
CCAGCGCGGGAGA,0,5
CCAGCGCGGGGAC,0,1
CCAGCGCGGGGGC,0,1
CCAGCGGAGAACG,1,1
CCAGCGGAGACCG,1,1
CCAGCGGAGCGGG,0,1
CCAGCGGAGGGGA,0,1
CCAGCGGCAGCAC,0,1
CCAGCGGCCCAGC,0,1
CCAGCGGCCGGCC,0,1
CCAGCGGCGAGGC,0,1
CCAGCGGGAGCCG,0,1
CCAGCGGGAGGCC,0,1
CCAGCGGGCACGC,1,1
CCAGCGGGCCAAG,0,1
CCAGCGGGCGGCA,0,1
CCAGCGGGGCCCC,0,1
CCAGCGGGGCCCG,0,1
CCAGCGGGGGGGC,0,1
CCAGCGGGGGGGG,0,1
CCAGGAAACAGAA,0,1
CCAGGAAACCACA,0,1
CCAGGAAACGAAG,0,1
CCAGGAAACGCCG,0,2
CCAGGAAAGCCAA,0,1
CCAGGAAAGGCAG,0,1
CCAGGAACACACA,0,1
CCAGGAACAGCAA,0,1
CCAGGAACAGCGC,0,1
CCAGGAACCAGCA,0,2
CCAGGAACCCCAG,0,1
CCAGGAACCCGCA,0,1
CCAGGAAGAAAGA,0,1
CCAGGAAGAAGGG,0,2
CCAGGAAGAGGAA,0,3
CCAGGAAGAGGAG,0,10
CCAGGAAGCACCA,0,1
CCAGGAAGCCACG,0,1
CCAGGAAGCGCAA,0,1
CCAGGAAGCGGCG,0,1
CCAGGAAGCGGGC,0,1
CCAGGAAGGAGGA,0,1
CCAGGAAGGCCCC,0,1
CCAGGAAGGCCCG,0,1
CCAGGAAGGGCAG,0,1
CCAGGAAGGGGGG,0,1
CCAGGACAAGAGG,0,1
CCAGGACAAGGAG,0,1
CCAGGACAAGGGG,0,1
CCAGGACAGAACA,0,3
CCAGGACAGACCC,0,1
CCAGGACAGAGCG,0,1
CCAGGACAGGAGA,1,1
CCAGGACCACGCC,0,1
CCAGGACCAGAGG,0,1
CCAGGACCCAACG,0,1
CCAGGACCCAGCC,0,1
CCAGGACCCCAAG,0,2
CCAGGACCCCGGG,0,1
CCAGGACCCGGCG,0,1
CCAGGACGCAGAG,0,1
CCAGGACGCCACG,0,1
CCAGGACGCGGCG,0,1
CCAGGACGGCCAA,1,1
CCAGGAGAACAGA,0,1
CCAGGAGAAGCGC,0,1
CCAGGAGACCAGC,0,1
CCAGGAGAGAGGG,0,1
CCAGGAGAGGAAA,0,1
CCAGGAGAGGAAG,0,3
CCAGGAGAGGCAA,0,1
CCAGGAGCAAAGC,0,1
CCAGGAGCAGAGC,0,1
CCAGGAGCAGCAG,0,1
CCAGGAGCAGCCC,0,1
CCAGGAGCAGCGA,0,1
CCAGGAGCAGCGG,0,1
CCAGGAGCCACAG,0,1
CCAGGAGCCAGGC,0,1
CCAGGAGCCCGCC,0,1
CCAGGAGCCGAGG,0,4
CCAGGAGCGGAGG,0,1
CCAGGAGCGGCGA,0,1
CCAGGAGCGGGGC,0,3
CCAGGAGGAAGGG,0,1
CCAGGAGGACGAC,0,1
CCAGGAGGAGAAA,0,1
CCAGGAGGCAAGG,0,2
CCAGGAGGCAGAC,0,1
CCAGGAGGCGGGA,0,2
CCAGGAGGGAAAG,0,1
CCAGGAGGGAAGG,0,1
CCAGGAGGGCAAG,0,1
CCAGGAGGGCCAC,0,1
CCAGGAGGGGAAG,0,4
CCAGGCAACACGG,0,2
CCAGGCAACCACA,0,4
CCAGGCAACCAGG,0,1
CCAGGCAAGCCCC,0,1
CCAGGCAAGGGAG,0,1
CCAGGCACAACCG,0,1
CCAGGCACACAGG,0,1
CCAGGCACACCCA,0,2
CCAGGCACCAGCA,0,1
CCAGGCACCCGGC,0,1
CCAGGCACGACAA,0,1
CCAGGCACGAGGC,0,6
CCAGGCAGAAAAG,0,1
CCAGGCAGCACAG,0,1
CCAGGCAGCACGG,0,1
CCAGGCAGCAGAG,0,1
CCAGGCAGCAGGG,0,1
CCAGGCAGCCCCA,0,2
CCAGGCAGCCCCC,0,1
CCAGGCAGGAGCC,1,1
CCAGGCAGGAGGC,1,1
CCAGGCAGGGAGG,0,1
CCAGGCAGGGCCA,0,1
CCAGGCCAACCAG,2,6
CCAGGCCAAGAGG,0,1
CCAGGCCAAGGCG,0,1
CCAGGCCACAGCA,0,6
CCAGGCCACCAGC,0,1
CCAGGCCAGCCGG,0,1
CCAGGCCAGGCGG,0,1
CCAGGCCAGGGGC,0,4
CCAGGCCCAAGCC,0,2
CCAGGCCCAGCAC,0,1
CCAGGCCCAGCCC,0,2
CCAGGCCCCAAAA,0,1
CCAGGCCCCACGG,0,1
CCAGGCCCCCCAC,0,1
CCAGGCCCCGCGC,0,1
CCAGGCCCCGGGC,0,1
CCAGGCCCGAAAG,0,1
CCAGGCCCGAGGG,0,1
CCAGGCCCGCGGG,0,3
CCAGGCCCGGCCC,0,1
CCAGGCCCGGGAG,0,1
CCAGGCCGACCAG,0,1
CCAGGCCGCAAAG,0,1
CCAGGCCGCAGAG,0,1
CCAGGCCGCGCAG,1,2
CCAGGCCGCGGCG,0,1
CCAGGCCGGACGG,0,1
CCAGGCCGGCAGG,0,1
CCAGGCCGGCCAA,0,1
CCAGGCCGGCGCC,0,1
CCAGGCCGGCGGG,0,1
CCAGGCCGGGAAG,0,1
CCAGGCGAAAGAG,0,1
CCAGGCGACCGGC,0,1
CCAGGCGAGCCCC,0,1
CCAGGCGCAGGGC,0,7
CCAGGCGCCAAAG,0,1
CCAGGCGCGGGAA,0,1
CCAGGCGCGGGCA,0,2
CCAGGCGCGGGGG,0,1
CCAGGCGGACAGA,0,1
CCAGGCGGCAGGA,0,1
CCAGGCGGCCAAC,0,1
CCAGGCGGCGAAA,0,1
CCAGGCGGCGCCA,0,1
CCAGGCGGGGCGC,0,13
CCAGGCGGGGGGG,0,1
CCAGGGAAAGGAG,0,1
CCAGGGAACCACG,1,1
CCAGGGAAGAAGG,1,1
CCAGGGAAGACAC,0,1
CCAGGGAAGAGGA,0,1
CCAGGGAAGAGGC,1,2
CCAGGGAAGCCAG,0,1
CCAGGGAAGGCCA,0,1
CCAGGGAAGGGGA,0,1
CCAGGGACAAACC,0,1
CCAGGGACAAAGG,0,1
CCAGGGACAGAGC,0,2
CCAGGGACCAAGG,0,1
CCAGGGACCAGCA,0,3
CCAGGGACCCCCA,0,1
CCAGGGACCCCCG,0,1
CCAGGGACCGCGC,0,1
CCAGGGACGAAAC,0,1
CCAGGGACGAGCA,0,1
CCAGGGAGAGACG,4,4
CCAGGGAGAGAGG,0,1
CCAGGGAGCAAGG,1,1
CCAGGGAGCAGCC,0,3
CCAGGGAGCCAGA,0,3
CCAGGGAGCGCAG,0,1
CCAGGGAGCGGCC,0,2
CCAGGGAGGAACC,0,1
CCAGGGAGGCAGC,0,1
CCAGGGAGGGGCC,0,1
CCAGGGCAAGCAG,0,2
CCAGGGCACACAG,0,1
CCAGGGCACAGCA,0,1
CCAGGGCACAGGG,0,1
CCAGGGCACGGCA,1,3
CCAGGGCAGAACA,0,1
CCAGGGCAGAGCA,2,2
CCAGGGCAGAGGG,0,1
CCAGGGCAGCAAG,0,1
CCAGGGCAGCAGG,0,1
CCAGGGCAGCCAA,0,1
CCAGGGCAGCGGC,0,1
CCAGGGCAGGAGG,1,1
CCAGGGCAGGCCC,0,1
CCAGGGCAGGGCA,0,1
CCAGGGCAGGGGC,0,2
CCAGGGCCACACC,0,1
CCAGGGCCACAGG,0,1
CCAGGGCCAGCAG,1,2
CCAGGGCCAGGAC,0,1
CCAGGGCCAGGGA,0,1
CCAGGGCCAGGGC,0,3
CCAGGGCCCAAAG,0,1
CCAGGGCCCACAG,0,1
CCAGGGCCCACCC,0,1
CCAGGGCCCAGAG,0,1
CCAGGGCCCGGGA,0,5
CCAGGGCCGAAGA,0,1
CCAGGGCCGCGCA,0,1
CCAGGGCCGCGGG,0,1
CCAGGGCCGGCCC,0,1
CCAGGGCCGGGGG,0,1
CCAGGGCGAAGGG,0,1
CCAGGGCGACACG,0,1
CCAGGGCGACGCG,2,2
CCAGGGCGCAGCC,0,1
CCAGGGCGCCGCC,0,1
CCAGGGCGCGGAG,0,1
CCAGGGCGGGCCC,0,1
CCAGGGCGGGGCA,0,1
CCAGGGGAAGGCC,0,1
CCAGGGGACGCCG,0,1
CCAGGGGAGGGGC,0,2
CCAGGGGCACACC,0,1
CCAGGGGCAGACA,0,5
CCAGGGGCCGAGG,0,1
CCAGGGGCCGCGG,0,1
CCAGGGGGAGCGC,0,1
CCAGGGGGCCCAG,0,1
CCAGGGGGCGACC,1,1
CCAGGGGGGACAG,0,1
CCAGGGGGGACCG,0,1
CCAGGGGGGCGAC,0,1
CCAGGGGGGGAGA,0,1
CCCAAAAAAAAAA,0,2
CCCAAAAAAACCG,0,1
CCCAAAAAAGAAA,0,1
CCCAAAAACAAGG,0,1
CCCAAAAACAGAA,0,1
CCCAAAAACCCAG,0,1
CCCAAAAAGAACA,0,1
CCCAAAAAGAGCA,0,2
CCCAAAAAGGAAA,0,1
CCCAAAAAGGACA,0,1
CCCAAAACACAGG,0,1
CCCAAAACAGCGA,0,1
CCCAAAACAGGGC,1,1
CCCAAAACCAGAC,0,1
CCCAAAACCGAAG,0,1
CCCAAAACGGGGC,0,4
CCCAAAAGCCACA,0,1
CCCAAAAGGAGGA,0,1
CCCAAACACAAAC,0,1
CCCAAACAGAAAA,0,1
CCCAAACAGAAGG,0,1
CCCAAACAGAGCC,0,1
CCCAAACCAAACA,0,1
CCCAAACCCACCC,0,1
CCCAAACGCAAAC,0,1
CCCAAACGGCCGA,0,1
CCCAAACGGGACA,0,1
CCCAAAGAAAAAA,0,1
CCCAAAGAAGAGA,0,1
CCCAAAGCAGACG,0,1
CCCAAAGCCCAGA,0,1
CCCAAAGCGACGG,0,1
CCCAAAGCGCCAA,0,1
CCCAAAGGACCCC,0,1
CCCAAAGGAGAAC,0,1
CCCAAAGGCAGAG,0,6
CCCAAAGGCCACA,0,1
CCCAAAGGCCAGG,0,1
CCCAAAGGCCCGC,0,1
CCCAAAGGGGCAG,0,1
CCCAACAAAAAAA,0,1
CCCAACAAAGAAC,0,1
CCCAACAACCAAA,0,1
CCCAACAAGAACA,0,1
CCCAACAAGGAAG,2,2
CCCAACACCAGGG,3,8
CCCAACACCCCCA,0,1
CCCAACACGAGGA,0,1
CCCAACAGAACAG,0,1
CCCAACAGCAACA,0,1
CCCAACAGCAACC,0,1
CCCAACAGCCAGC,0,1
CCCAACAGGAGCA,0,1
CCCAACAGGAGCG,0,1
CCCAACAGGGAGC,1,1
CCCAACAGGGAGG,0,1
CCCAACCAAACGC,0,1
CCCAACCAACCAC,0,2
CCCAACCAAGCAG,0,1
CCCAACCACACAC,0,1
CCCAACCACCAAG,0,1
CCCAACCACCAGC,0,1
CCCAACCAGCACC,0,1
CCCAACCCAACCC,0,2
CCCAACCCAAGCA,0,1
CCCAACCCACAGG,1,1
CCCAACCCCACGA,0,2
CCCAACCCCACGC,0,1
CCCAACCCCCAAC,0,1
CCCAACCCCCACC,0,2
CCCAACCCCCAGA,0,1
CCCAACCCCCCCG,0,1
CCCAACCCGCGGC,0,1
CCCAACCGAAAGG,0,1
CCCAACCGAGCCA,0,1
CCCAACCGCGGCA,0,1
CCCAACGACACGG,0,1
CCCAACGCCACGA,0,1
CCCAACGCCGGGG,0,1
CCCAACGCGAAAG,0,1
CCCAAGAAAAAAA,0,1
CCCAAGAAACGCA,0,1
CCCAAGAACCCCC,0,1
CCCAAGACCACAC,0,1
CCCAAGACCAGGC,0,1
CCCAAGACCGAGC,0,1
CCCAAGAGAAAGC,0,1
CCCAAGAGACAGA,0,1
CCCAAGAGACAGG,1,1
CCCAAGAGAGCAC,0,1
CCCAAGAGAGCGG,0,1
CCCAAGAGCAACC,0,1
CCCAAGAGCACAC,0,1
CCCAAGAGCAGCG,0,1
CCCAAGAGGCGCA,0,1
CCCAAGAGGGAAG,0,1
CCCAAGAGGGCCA,0,1
CCCAAGCAGCAAG,0,1
CCCAAGCAGGCAC,0,6
CCCAAGCAGGCAG,0,1
CCCAAGCCCAGGG,0,1
CCCAAGCCCCAAG,0,1
CCCAAGCCCCCAG,0,1
CCCAAGCCCCCGA,0,1
CCCAAGCCCGCCC,2,2
CCCAAGCGAGGCA,0,1
CCCAAGCGCCAGA,1,1
CCCAAGGAAACAC,0,1
CCCAAGGAACAGG,0,1
CCCAAGGAAGGAG,0,1
CCCAAGGAGAACG,0,1
CCCAAGGAGAAGC,0,1
CCCAAGGAGACAG,0,1
CCCAAGGAGAGAC,0,1
CCCAAGGAGCAGC,0,1
CCCAAGGCAGAGG,0,3
CCCAAGGCCCCAG,0,1
CCCAAGGCCGCCC,1,1
CCCAAGGCGAAAG,0,2
CCCAAGGCGGCAC,0,1
CCCAAGGCGGCGG,0,1
CCCAAGGGAACGA,0,4
CCCAAGGGACAGG,0,1
CCCAAGGGCAGCC,0,1
CCCAAGGGCCGCC,0,1
CCCAAGGGGGCGC,0,1
CCCACAAAAACAA,0,1
CCCACAAAACGAA,1,1
CCCACAAAAGCGA,0,1
CCCACAAACACAC,0,1
CCCACAAAGAACA,3,3
CCCACAAAGGCAA,0,1
CCCACAACACAAA,0,4
CCCACAACACAAC,0,1
CCCACAACACGAA,0,2
CCCACAACAGGGA,0,1
CCCACAACCAAGA,0,1
CCCACAACCACAG,0,1
CCCACAACCACGG,0,1
CCCACAACCCCCA,0,1
CCCACAAGACGCA,0,1
CCCACAAGCAACG,0,1
CCCACAAGCAAGA,1,1
CCCACAAGCACAA,0,2
CCCACAAGCCAAC,0,1
CCCACAAGGCAGA,0,1
CCCACACACAGCA,0,1
CCCACACAGAGGG,0,1
CCCACACAGCCAC,0,1
CCCACACAGCGGC,0,1
CCCACACCAAGAG,0,1
CCCACACCACCGC,0,1
CCCACACCCAAGG,14,26
CCCACACCCACCC,0,1
CCCACACCCCAGC,0,1
CCCACACCCCCAC,0,1
CCCACACCGAGAG,0,1
CCCACACCGCGCC,0,2
CCCACACGACCAA,0,1
CCCACACGCCCAC,0,3
CCCACACGCCCGC,0,4
CCCACACGGAGGC,0,1
CCCACACGGCCCG,0,1
CCCACAGAACCAG,0,1
CCCACAGACAACA,0,1
CCCACAGACGCCA,0,1
CCCACAGAGACAG,0,1
CCCACAGAGCAGC,0,1
CCCACAGAGGACA,0,1
CCCACAGAGGCCC,0,1
CCCACAGAGGGGG,0,1
CCCACAGCAAGAG,0,1
CCCACAGCACACC,0,1
CCCACAGCACAGA,0,2
CCCACAGCACGGA,0,4
CCCACAGCAGAGG,0,1
CCCACAGCAGGGC,0,1
CCCACAGCCACAG,0,1
CCCACAGCCAGGG,0,1
CCCACAGCCCACC,1,1
CCCACAGCCCAGG,0,1
CCCACAGCCCCAC,0,2
CCCACAGCGAAAC,0,1
CCCACAGCGGCGG,0,1
CCCACAGGAAGCA,0,1
CCCACAGGACAGG,0,1
CCCACAGGCACCC,0,2
CCCACAGGCACGA,0,1
CCCACAGGCCACC,0,1
CCCACAGGCCCAG,1,1
CCCACAGGGCGAC,0,1
CCCACAGGGGCCC,0,1
CCCACCAAACAAG,0,3
CCCACCAACCCCA,0,2
CCCACCAAGAAAG,0,1
CCCACCAAGGGCA,0,1
CCCACCACAACAA,0,4
CCCACCACAACCA,0,1
CCCACCACAGCCA,0,1
CCCACCACAGCCC,0,1
CCCACCACCACCA,0,1
CCCACCACCAGCC,0,2
CCCACCACCGCCC,0,1
CCCACCACGAGCC,0,1
CCCACCAGAAGGG,0,1
CCCACCAGCCAAG,0,1
CCCACCAGCCCAG,0,2
CCCACCAGCCCGC,0,1
CCCACCAGCGAGA,1,1
CCCACCAGGAAGG,0,1
CCCACCAGGGAGC,0,1
CCCACCAGGGCCA,0,1
CCCACCCAAACAC,0,1
CCCACCCAAAGAC,0,1
CCCACCCAAGCCA,0,1
CCCACCCAAGGAG,0,1
CCCACCCACAGAG,0,1
CCCACCCACCAGC,0,1
CCCACCCACCAGG,0,1
CCCACCCACCCCC,0,1
CCCACCCACGGAC,0,1
CCCACCCAGAACC,0,1
CCCACCCAGAGGA,0,1
CCCACCCAGCCCC,0,1
CCCACCCAGCCGG,1,2
CCCACCCAGCGGC,0,1
CCCACCCAGGGCC,0,1
CCCACCCCAAAAC,0,2
CCCACCCCAACCC,0,1
CCCACCCCAAGAC,0,1
CCCACCCCACACC,0,1
CCCACCCCACAGG,0,1
CCCACCCCACCAC,0,1
CCCACCCCACCCC,0,1
CCCACCCCAGGCC,0,1
CCCACCCCCAAAG,0,1
CCCACCCCCACCA,0,1
CCCACCCCCACCC,0,1
CCCACCCCCCAAC,0,2
CCCACCCCCCAGC,0,1
CCCACCCCCGGAG,1,1
CCCACCCCGCGGC,0,1
CCCACCCGAAGAA,0,1
CCCACCCGACCGG,0,1
CCCACCCGAGCGG,0,1
CCCACCCGGCCAG,0,1
CCCACCCGGCCGC,0,1
CCCACCCGGCCGG,2,4
CCCACCCGGGCGA,0,1
CCCACCGAACAGC,0,1
CCCACCGACACGC,0,1
CCCACCGACCCCC,0,1
CCCACCGAGCACC,0,1
CCCACCGAGCAGC,1,1
CCCACCGCACCAG,0,1
CCCACCGCCCACC,0,1
CCCACCGGAAAAG,0,1
CCCACCGGAGGAA,0,1
CCCACGAAGCACA,1,1
CCCACGACGCAGG,0,1
CCCACGACGGCCC,0,1
CCCACGAGAACGA,0,1
CCCACGAGCAGGA,0,1
CCCACGAGGGGGA,0,1
CCCACGCACAAGA,1,3
CCCACGCACCAGG,9,18
CCCACGCACCGCC,0,1
CCCACGCAGACCA,0,1
CCCACGCAGCAAC,0,1
CCCACGCCAAAGA,0,1
CCCACGCCCCAAA,0,1
CCCACGCCCCACA,0,5
CCCACGCCGCGCC,0,1
CCCACGCCGCGGC,0,1
CCCACGCCGGAGC,0,1
CCCACGCGAAAGC,0,1
CCCACGCGAGCGG,0,1
CCCACGCGCACGC,0,1
CCCACGCGGCCGC,0,1
CCCACGGAAAACG,0,1
CCCACGGAACGGC,0,1
CCCACGGAGAACC,0,1
CCCACGGAGCCCC,1,1
CCCACGGAGCGCA,0,1
CCCACGGCACAGG,0,1
CCCACGGCAGCCA,0,1
CCCACGGCCCAGA,0,1
CCCACGGCCGGCC,0,1
CCCACGGCGCACC,0,1
CCCACGGGAGGGC,0,1
CCCACGGGCCGAG,0,1
CCCACGGGCGAAC,0,1
CCCAGAAAAAGGA,0,1
CCCAGAAAAGCGA,1,1
CCCAGAAAAGGCC,0,1
CCCAGAAACAACA,0,1
CCCAGAAACAGCC,0,1
CCCAGAAAGAAAA,0,1
CCCAGAAAGAGGA,0,3
CCCAGAACAAGGG,0,1
CCCAGAACACAAA,0,1
CCCAGAACCAGAG,0,1
CCCAGAACCCAGC,0,1
CCCAGAAGAACGA,0,1
CCCAGAAGAGAGC,1,1
CCCAGAAGAGGAA,0,1
CCCAGAAGCAGCC,0,1
CCCAGAAGCCCCA,0,1
CCCAGAAGGAGCA,0,1
CCCAGAAGGCAGA,0,1
CCCAGAAGGCCGC,0,1
CCCAGAAGGGGGC,0,1
CCCAGACAACAAG,0,2
CCCAGACAACGAG,0,1
CCCAGACAAGCCA,0,1
CCCAGACAAGGAC,1,1
CCCAGACAGAGGC,0,1
CCCAGACAGCAGC,0,1
CCCAGACAGGCCG,0,1
CCCAGACAGGGAG,0,1
CCCAGACAGGGCC,0,1
CCCAGACCCACCG,0,1
CCCAGACCCAGGA,0,1
CCCAGACCCCCAA,1,1
CCCAGACCCCCCG,0,1
CCCAGACCCGAGC,0,1
CCCAGACCGCAAA,1,2
CCCAGACGAGAAG,0,1
CCCAGACGCCGCA,0,1
CCCAGAGAAAACC,0,1
CCCAGAGAAAGCC,0,1
CCCAGAGAAGAAG,0,1
CCCAGAGAAGCCA,0,1
CCCAGAGACAAAA,0,1
CCCAGAGACGGAG,0,1
CCCAGAGAGCCAG,0,1
CCCAGAGCAGCGG,0,1
CCCAGAGCAGGCA,0,1
CCCAGAGCCACCG,2,2
CCCAGAGCCAGAA,0,1
CCCAGAGCCCACC,0,1
CCCAGAGGAGACG,1,1
CCCAGAGGAGGAA,0,1
CCCAGAGGCAGGA,0,2
CCCAGAGGCCCAG,0,2
CCCAGAGGCGAGA,0,1
CCCAGAGGCGCCC,0,2
CCCAGAGGCGGAG,0,2
CCCAGAGGGAAGG,1,1
CCCAGAGGGAGGA,0,1
CCCAGAGGGCCAA,0,1
CCCAGCAAAAACC,0,1
CCCAGCAAAAGGA,0,1
CCCAGCAACCCAC,0,1
CCCAGCACAAACA,0,1
CCCAGCACAGGCA,0,1
CCCAGCACCACCA,0,1
CCCAGCACCACGC,0,1
CCCAGCACCAGCG,0,3
CCCAGCACCCAGA,0,1
CCCAGCACCCGCA,0,1
CCCAGCACCGACG,0,1
CCCAGCACCGCAC,0,3
CCCAGCACCGCGG,0,1
CCCAGCACGCCAA,0,1
CCCAGCAGACAAA,1,1
CCCAGCAGAGCCC,0,1
CCCAGCAGAGGGA,0,1
CCCAGCAGCAAAC,0,1
CCCAGCAGCACAC,0,13
CCCAGCAGCACAG,0,1
CCCAGCAGCAGGC,0,2
CCCAGCAGCCCAG,0,2
CCCAGCAGCCCCC,0,1
CCCAGCAGCGCAG,0,2
CCCAGCAGGACGG,1,1
CCCAGCAGGAGAA,0,2
CCCAGCAGGAGCC,0,2
CCCAGCAGGAGGA,0,1
CCCAGCAGGCGCA,0,1
CCCAGCAGGGCCA,0,2
CCCAGCAGGGCCC,0,1
CCCAGCCAAACCC,0,1
CCCAGCCAAAGCG,0,1
CCCAGCCAACGCA,1,1
CCCAGCCACACGG,0,1
CCCAGCCACCAAA,0,1
CCCAGCCACCAGC,0,1
CCCAGCCAGAGCA,0,4
CCCAGCCAGCCAG,0,1
CCCAGCCAGGCCC,0,3
CCCAGCCAGGCGC,0,1
CCCAGCCCAAGGC,0,2
CCCAGCCCACGCC,0,1
CCCAGCCCACGGC,0,1
CCCAGCCCAGACC,0,1
CCCAGCCCAGCAG,0,1
CCCAGCCCAGGGC,0,1
CCCAGCCCCAGAG,0,1
CCCAGCCCCAGGG,0,1
CCCAGCCCCCACC,0,1
CCCAGCCCCGCCC,0,1
CCCAGCCCCGGGC,0,1
CCCAGCCCGCCAA,0,1
CCCAGCCCGCCAC,0,1
CCCAGCCCGGCAC,0,1
CCCAGCCCGGCAG,0,1
CCCAGCCCGGGAG,0,1
CCCAGCCGGCCAA,0,1
CCCAGCCGGGCCC,0,1
CCCAGCCGGGCGG,0,2
CCCAGCGACCACA,0,1
CCCAGCGCAGCCC,0,3
CCCAGCGCCCCAC,0,1
CCCAGCGCCCGGC,1,1
CCCAGCGCGCGAG,0,1
CCCAGCGCGGGGG,0,1
CCCAGCGGAGGGG,0,1
CCCAGCGGCCCAG,0,1
CCCAGCGGGCCAA,0,1
CCCAGCGGGCGGC,0,1
CCCAGGAAACCAC,0,1
CCCAGGAAAGCCA,0,1
CCCAGGAACAAGG,0,1
CCCAGGAACCCCA,0,1
CCCAGGAACCCGC,1,1
CCCAGGAAGAAGG,0,1
CCCAGGAAGCCAC,0,1
CCCAGGAAGGAGA,1,1
CCCAGGAAGGAGG,0,2
CCCAGGACAAGGC,0,1
CCCAGGACAGACC,0,1
CCCAGGACAGGAG,1,1
CCCAGGACCCCGG,0,1
CCCAGGACGCCAC,0,1
CCCAGGACGGCCA,1,1
CCCAGGAGAAGAC,0,1
CCCAGGAGAAGCG,0,1
CCCAGGAGAAGGG,0,1
CCCAGGAGACCAG,0,1
CCCAGGAGAGAGG,0,1
CCCAGGAGAGGAA,0,3
CCCAGGAGCAGAG,0,1
CCCAGGAGCGGAG,0,1
CCCAGGAGCGGGG,0,3
CCCAGGAGGCAAG,0,2
CCCAGGCAACCAC,0,4
CCCAGGCACAACC,0,1
CCCAGGCACAGGC,0,1
CCCAGGCACCAGC,0,1
CCCAGGCACGAGG,0,6
CCCAGGCAGCACA,0,1
CCCAGGCAGCAGA,0,1
CCCAGGCAGCCCC,0,1
CCCAGGCAGGGCC,0,1
CCCAGGCCCACGC,0,1
CCCAGGCCCAGCC,0,2
CCCAGGCCCGAAA,0,1
CCCAGGCCGACCA,0,1
CCCAGGCCGCGCA,1,1
CCCAGGCCGCGCC,0,1
CCCAGGCCGCGGC,0,1
CCCAGGCCGGACG,0,1
CCCAGGCCGGCCA,0,1
CCCAGGCCGGCGC,0,1
CCCAGGCCGGCGG,0,1
CCCAGGCGCCCGC,0,1
CCCAGGCGCGGGA,0,1
CCCAGGCGCGGGC,0,2
CCCAGGCGGGGCG,0,13
CCCAGGGAAAGGA,0,1
CCCAGGGAACCAG,0,1
CCCAGGGAAGAAG,1,1
CCCAGGGACAAAG,0,1
CCCAGGGACCAGC,0,3
CCCAGGGACCCAC,0,1
CCCAGGGACCCCC,0,1
CCCAGGGAGAGAC,4,4
CCCAGGGAGCAAG,1,1
CCCAGGGAGCAGC,0,2
CCCAGGGAGCCAG,0,1
CCCAGGGAGCGGC,0,2
CCCAGGGAGGAAC,0,1
CCCAGGGAGGCCG,0,1
CCCAGGGCACACA,0,1
CCCAGGGCAGAGC,1,1
CCCAGGGCAGAGG,0,1
CCCAGGGCAGCAA,0,1
CCCAGGGCAGCGG,0,1
CCCAGGGCAGGGG,0,2
CCCAGGGCCCACA,0,1
CCCAGGGCCCAGA,0,1
CCCAGGGCCCGGG,0,5
CCCAGGGCCGAAG,0,1
CCCAGGGCCGGCC,0,1
CCCAGGGCGACGC,2,2
CCCAGGGCGCAGC,0,1
CCCAGGGCGGGGC,0,1
CCCAGGGGACGCA,0,1
CCCAGGGGAGCAG,0,1
CCCAGGGGAGGGG,0,2
CCCAGGGGCCGAG,0,1
CCCAGGGGCCGCG,0,1
CCCAGGGGGCGAC,1,1
CCCAGGGGGGACA,0,1
CCCAGGGGGGCGA,0,1
CCCAGGGGGGGAG,0,1
CCCCAAAAAAAAC,0,1
CCCCAAAAACCAA,0,1
CCCCAAAAAGAAC,0,1
CCCCAAAACCGAA,0,1
CCCCAAAAGACGG,0,1
CCCCAAAAGCCAC,0,1
CCCCAAACAGAAG,0,1
CCCCAAACAGAGC,0,1
CCCCAAACCAAAC,0,1
CCCCAAACCCCCA,0,1
CCCCAAAGCCCAG,0,1
CCCCAAAGCGACG,0,1
CCCCAAAGGCAGA,0,6
CCCCAAAGGCCAC,0,1
CCCCAACAAAGAA,0,1
CCCCAACAACACC,0,1
CCCCAACAACGAG,0,1
CCCCAACAAGGAA,2,2
CCCCAACACGAGG,0,1
CCCCAACAGCAAC,0,1
CCCCAACAGGAGC,0,1
CCCCAACAGGGAG,1,1
CCCCAACCAACCA,0,1
CCCCAACCACCAA,0,1
CCCCAACCACCAG,0,1
CCCCAACCCCCAA,0,1
CCCCAACCCCCCC,0,2
CCCCAACCGAAAG,0,1
CCCCAACGCCACG,0,1
CCCCAAGACCACA,0,1
CCCCAAGAGCAGC,0,1
CCCCAAGCAGCAA,0,1
CCCCAAGCAGGCA,0,6
CCCCAAGCCCCAA,0,1
CCCCAAGCCCCCA,0,1
CCCCAAGCCCCCG,0,1
CCCCAAGCGAGGC,0,1
CCCCAAGGAAGGA,0,1
CCCCAAGGAGAAC,0,1
CCCCAAGGAGCAG,1,1
CCCCAAGGCAAAA,0,1
CCCCAAGGCAGAG,0,3
CCCCAAGGCCCCA,0,1
CCCCAAGGGCAGC,0,1
CCCCAAGGGGGCG,0,1
CCCCACAAAAGCG,0,1
CCCCACAAACACA,0,1
CCCCACAACCCCC,0,1
CCCCACAAGCAAC,0,1
CCCCACAAGCCAA,0,1
CCCCACACCCAAC,0,1
CCCCACACCCACC,0,1
CCCCACACCCAGC,0,1
CCCCACACCGCGC,0,1
CCCCACACGGAGG,0,1
CCCCACAGACGCC,0,1
CCCCACAGAGGGC,0,1
CCCCACAGAGGGG,0,1
CCCCACAGCAAGA,0,1
CCCCACAGCGAAA,0,1
CCCCACAGGCACC,0,2
CCCCACAGGCAGC,0,1
CCCCACAGGGCGA,0,1
CCCCACCAAACGA,0,1
CCCCACCAAAGGA,0,1
CCCCACCAACCCC,0,1
CCCCACCAAGGGC,0,1
CCCCACCACACCC,1,2
CCCCACCACAGCC,0,2
CCCCACCACCACC,0,1
CCCCACCACCAGC,0,1
CCCCACCACGAGC,0,1
CCCCACCACGCGG,1,1
CCCCACCAGAAGG,0,1
CCCCACCAGCCCA,0,1
CCCCACCAGGAAG,0,1
CCCCACCCAAGCC,0,1
CCCCACCCACCAG,0,1
CCCCACCCACGAA,0,1
CCCCACCCACGGA,0,1
CCCCACCCCAAAA,0,1
CCCCACCCCAACC,0,1
CCCCACCCCAAGA,0,1
CCCCACCCCACCA,0,1
CCCCACCCCACCC,0,2
CCCCACCCCCACC,0,1
CCCCACCCCCGCC,0,1
CCCCACCCCCGGA,1,2
CCCCACCCGGGCG,0,1
CCCCACCGACCCC,0,1
CCCCACCGCACAC,0,1
CCCCACCGGAGGA,0,1
CCCCACCGGCGGC,0,1
CCCCACGACACGG,0,1
CCCCACGACGCAG,0,1
CCCCACGAGGGGG,0,1
CCCCACGCACAAG,1,3
CCCCACGCACCAG,9,18
CCCCACGCCCCCG,0,1
CCCCACGCGCACG,0,1
CCCCACGGAGAAC,0,1
CCCCACGGAGCCC,1,1
CCCCACGGAGCGC,0,1
CCCCACGGCACAG,0,1
CCCCACGGCGCAC,0,1
CCCCACGGGAGGG,0,1
CCCCAGAAAGAGG,0,3
CCCCAGAACGCGG,0,1
CCCCAGAAGAACG,0,1
CCCCAGAAGCAGC,0,1
CCCCAGAAGGAGC,0,1
CCCCAGACAAGCC,0,1
CCCCAGACCCCCC,0,1
CCCCAGACCGACA,0,1
CCCCAGACGAGAA,0,1
CCCCAGACGCCGC,0,1
CCCCAGAGAAGCC,0,1
CCCCAGAGACAAA,0,1
CCCCAGAGAGCCA,0,1
CCCCAGAGCCAGA,0,1
CCCCAGAGGCCCA,0,1
CCCCAGAGGCGGA,0,2
CCCCAGAGGGACA,0,1
CCCCAGCACAAAC,0,1
CCCCAGCACCACG,0,2
CCCCAGCACCCAG,0,1
CCCCAGCAGCACA,0,15
CCCCAGCAGCACC,0,1
CCCCAGCAGCCCA,0,2
CCCCAGCAGGAGA,0,2
CCCCAGCAGGGCC,0,1
CCCCAGCCACCAA,0,1
CCCCAGCCAGAGC,0,3
CCCCAGCCCAGCA,0,1
CCCCAGCCCCAGG,0,1
CCCCAGCCCGCCA,0,1
CCCCAGCCCGGCA,0,1
CCCCAGCCGGAGG,0,1
CCCCAGCCGGCCA,0,1
CCCCAGCGCCCGG,1,1
CCCCAGCGCGGCA,0,1
CCCCAGCGGGCGG,0,1
CCCCAGGAAGAAG,0,1
CCCCAGGAAGCCA,0,1
CCCCAGGAAGGAG,0,2
CCCCAGGACCGGG,0,1
CCCCAGGAGAAGG,0,1
CCCCAGGAGAGGA,1,2
CCCCAGGAGAGGG,0,1
CCCCAGGAGCGGG,0,3
CCCCAGGAGGCAA,0,2
CCCCAGGCACAGG,0,1
CCCCAGGCAGCAG,0,1
CCCCAGGCCCACA,0,1
CCCCAGGCCCACG,0,1
CCCCAGGCCCAGC,0,1
CCCCAGGCCGCGC,1,1
CCCCAGGCCGGAC,0,1
CCCCAGGGAAAGG,0,1
CCCCAGGGACCCC,0,2
CCCCAGGGAGCGG,0,1
CCCCAGGGCAGGG,0,2
CCCCAGGGCCCAG,0,1
CCCCAGGGCGACG,2,2
CCCCCAAAAAAAA,0,1
CCCCCAAACAGAA,0,1
CCCCCAAAGACAA,0,1
CCCCCAAAGGCAG,0,6
CCCCCAACACGAG,0,1
CCCCCAACCCCAA,0,1
CCCCCAACCCCCA,0,1
CCCCCAACCCCCC,0,5
CCCCCAACCGAAA,0,1
CCCCCAAGACCAC,0,1
CCCCCAAGCCCCA,0,1
CCCCCAAGGAGAA,0,1
CCCCCAAGGAGCA,1,1
CCCCCAAGGCAAA,0,1
CCCCCACAAAGCC,0,1
CCCCCACACCCAC,0,1
CCCCCACAGAGGG,0,2
CCCCCACAGCGAA,0,1
CCCCCACAGGCAG,0,1
CCCCCACCAACCC,0,1
CCCCCACCACCAC,0,1
CCCCCACCCCAAC,0,1
CCCCCACCCCAAG,0,1
CCCCCACCCCACC,0,3
CCCCCACCCCCAC,0,1
CCCCCACCCCCGC,0,1
CCCCCACCCCGCC,0,1
CCCCCACCCGGGC,0,1
CCCCCAGAAGAAC,0,1
CCCCCAGAAGCAG,0,1
CCCCCAGAAGCGC,0,1
CCCCCAGCAACCC,0,1
CCCCCAGCACCAC,0,2
CCCCCAGCAGCAC,0,2
CCCCCAGCAGGGC,0,1
CCCCCAGCCAACA,0,1
CCCCCAGCCACCA,0,1
CCCCCAGCCCGCC,0,1
CCCCCAGCCCGGC,0,1
CCCCCAGCCGGAG,0,1
CCCCCAGGAGAAG,0,1
CCCCCAGGCACGC,1,1
CCCCCAGGCCGCG,1,1
CCCCCAGGCCGGA,0,1
CCCCCAGGGAGCG,0,1
CCCCCCAAAAAAA,0,1
CCCCCCAAACAGA,0,1
CCCCCCAAAGAAA,0,1
CCCCCCAAAGACA,0,1
CCCCCCAACAAGG,0,1
CCCCCCAACAGGG,0,1
CCCCCCAACCCCC,0,5
CCCCCCAAGGCAA,0,1
CCCCCCACACCCA,0,1
CCCCCCACCCAAC,0,2
CCCCCCACCCCAC,0,1
CCCCCCAGAAGCA,0,1
CCCCCCAGAAGCG,0,1
CCCCCCAGCACAC,0,2
CCCCCCAGCAGCA,0,2
CCCCCCAGCAGGA,0,1
CCCCCCAGCCAAC,0,1
CCCCCCAGGAGAA,0,1
CCCCCCAGGGAGC,0,1
CCCCCCAGGGAGG,0,1
CCCCCCCAAAAAA,0,1
CCCCCCCAAGCAG,1,1
CCCCCCCAGCAGC,0,1
CCCCCCCCAAAAA,0,1
CCCCCCCCAAGCA,1,1
CCCCCCCCACCCC,1,1
CCCCCCCCCAAAA,0,1
CCCCCCCCCACCG,0,1
CCCCCCCCCCAAA,0,1
CCCCCCCCCCACC,0,1
CCCCCCCCCCCAA,0,1
CCCCCCCCCCCAG,0,1
CCCCCCCCCCCCA,0,2
CCCCCCCCCCCCC,0,27
CCCCCCCCCCCCG,0,2
CCCCCCCCCCCGC,0,2
CCCCCCCCCCCTC,0,1
CCCCCCCCCCGCC,0,2
CCCCCCCCCCGCG,0,1
CCCCCCCCCCTCC,0,1
CCCCCCCCCCTTC,0,1
CCCCCCCCCGCCC,0,1
CCCCCCCCCGCGC,0,1
CCCCCCCCCGCTC,1,1
CCCCCCCCCTTCC,0,2
CCCCCCCCGCCCC,0,3
CCCCCCCCGCGCC,0,1
CCCCCCCCGCGCG,0,2
CCCCCCCCTCCCC,0,1
CCCCCCCCTCCTC,0,1
CCCCCCCCTGCCC,0,1
CCCCCCCCTTCCC,0,1
CCCCCCCCTTTGC,0,1
CCCCCCCGAGCAG,0,1
CCCCCCCGCCCCC,0,2
CCCCCCCGCCCCG,0,1
CCCCCCCGCCTCG,0,1
CCCCCCCGCGCCC,1,1
CCCCCCCGCGCGC,0,2
CCCCCCCGCGGCC,0,1
CCCCCCCGCTGGC,0,2
CCCCCCCGGCCCA,0,5
CCCCCCCGGCCCC,0,2
CCCCCCCGGCTCG,0,1
CCCCCCCTCCCCC,0,1
CCCCCCCTCCTCC,0,2
CCCCCCCTGCCCC,0,2
CCCCCCCTGGGCC,0,1
CCCCCCCTGTCCC,1,1
CCCCCCCTTCCTC,0,1
CCCCCCCTTTGCC,0,1
CCCCCCGAAACGC,0,1
CCCCCCGAGCAGC,0,1
CCCCCCGAGGAGG,0,1
CCCCCCGCCCCCC,0,1
CCCCCCGCCCCGC,0,1
CCCCCCGCCCCGG,0,1
CCCCCCGCCCGGG,0,1
CCCCCCGCCGCCC,0,1
CCCCCCGCCGCCG,0,2
CCCCCCGCCTGCG,0,1
CCCCCCGCCTGGC,0,1
CCCCCCGCGCCCG,0,1
CCCCCCGCGGCCC,0,1
CCCCCCGCGGGCG,0,1
CCCCCCGCGTTCC,0,1
CCCCCCGCTGGCC,0,1
CCCCCCGCTGGCG,0,1
CCCCCCGCTTTTC,0,1
CCCCCCGGAAAGA,0,1
CCCCCCGGAGAAC,0,1
CCCCCCGGAGCCG,0,1
CCCCCCGGCCCAG,0,6
CCCCCCGGCCCCC,0,2
CCCCCCGGCCCGG,1,1
CCCCCCGGCCGCC,0,1
CCCCCCGGCGCGC,0,1
CCCCCCGGCGTGC,0,1
CCCCCCGGCTCGC,0,1
CCCCCCGGGCCGC,0,1
CCCCCCGGGCGCC,0,2
CCCCCCGGGCGCG,0,1
CCCCCCGGGCGGG,0,1
CCCCCCGGGGAAG,0,1
CCCCCCGGGGCGC,0,1
CCCCCCGGGGGCG,0,1
CCCCCCGGGTCGG,0,1
CCCCCCGTCTGCG,0,1
CCCCCCTCCCCGC,0,1
CCCCCCTCCCCGG,1,1
CCCCCCTCCCGCC,0,9
CCCCCCTGCCCCC,0,2
CCCCCCTGCCTTC,1,1
CCCCCCTGCTCCC,0,1
CCCCCCTGGCCTC,0,1
CCCCCCTGGGCCG,0,1
CCCCCCTGGTGCC,0,1
CCCCCCTGTCCCC,1,1
CCCCCCTTCCCTC,0,1
CCCCCCTTCCGCC,0,1
CCCCCCTTCCGGC,0,1
CCCCCCTTCCTCC,0,1
CCCCCCTTCCTGC,0,1
CCCCCCTTTGCCG,0,1
CCCCCGAAACGCC,0,1
CCCCCGACCCAAC,1,1
CCCCCGACGGCCA,0,1
CCCCCGAGAAAAC,0,1
CCCCCGAGAAGCC,0,1
CCCCCGAGCAGCC,0,1
CCCCCGAGGAGGA,1,1
CCCCCGAGGCAGA,0,1
CCCCCGCCAACGC,0,1
CCCCCGCCACCAC,0,1
CCCCCGCCAGCCC,0,1
CCCCCGCCCCAGC,0,1
CCCCCGCCCCCAC,0,1
CCCCCGCCCCCAG,1,1
CCCCCGCCCCCCA,0,1
CCCCCGCCCCCGC,0,1
CCCCCGCCCCGCC,0,1
CCCCCGCCCCGCG,0,2
CCCCCGCCCCGGC,0,3
CCCCCGCCCCTGC,0,1
CCCCCGCCCGCGC,0,1
CCCCCGCCCGGAC,0,1
CCCCCGCCCGGCC,0,2
CCCCCGCCCGGGC,0,1
CCCCCGCCGCCCC,0,1
CCCCCGCCGCCGC,0,4
CCCCCGCCGCGTC,0,2
CCCCCGCCGGCCC,0,1
CCCCCGCCGGGCC,0,1
CCCCCGCCGTGCG,0,2
CCCCCGCCTCCGC,2,2
CCCCCGCCTGCCC,0,1
CCCCCGCCTGGCG,0,1
CCCCCGCGCCCGG,0,1
CCCCCGCGCCGCG,0,1
CCCCCGCGCGCTC,0,1
CCCCCGCGCGGGC,0,1
CCCCCGCGGCGCC,0,1
CCCCCGCGGGAGG,0,1
CCCCCGCGGGCGC,0,1
CCCCCGCGGGGCC,0,1
CCCCCGCGGTGGC,0,1
CCCCCGCGTCCGG,0,1
CCCCCGCTCCCCC,0,1
CCCCCGCTGGCCG,0,1
CCCCCGCTGGCGC,0,2
CCCCCGCTGTCGG,0,1
CCCCCGCTTTTCC,0,1
CCCCCGGAAAGAA,0,1
CCCCCGGAACAGG,0,1
CCCCCGGAACCCA,0,1
CCCCCGGACCCAG,0,1
CCCCCGGAGAACG,0,1
CCCCCGGAGCCCA,0,2
CCCCCGGAGCCGC,0,1
CCCCCGGCACCAC,0,1
CCCCCGGCCAGGA,0,1
CCCCCGGCCCAAA,0,1
CCCCCGGCCCAGG,0,6
CCCCCGGCCCCCC,0,2
CCCCCGGCCCCGC,2,3
CCCCCGGCCCGGG,0,1
CCCCCGGCCGCCA,0,1
CCCCCGGCCGCCG,0,1
CCCCCGGCCGGCG,0,1
CCCCCGGCGCGCG,0,1
CCCCCGGCGGCCG,0,1
CCCCCGGCGGCGG,0,1
CCCCCGGCGGTCG,0,1
CCCCCGGCTCGCC,0,1
CCCCCGGCTGGCC,0,1
CCCCCGGGACCAG,0,1
CCCCCGGGAGAGG,1,1
CCCCCGGGAGCCC,0,1
CCCCCGGGCAAAG,1,1
CCCCCGGGCCGCC,0,1
CCCCCGGGCGCGC,0,2
CCCCCGGGCGGGC,0,7
CCCCCGGGGAAGG,0,1
CCCCCGGGGAGCC,0,1
CCCCCGGGGCGCC,0,1
CCCCCGGGGCTTC,0,1
CCCCCGGGGGCGC,0,1
CCCCCGGGGGCGG,0,1
CCCCCGGGTCGGC,0,1
CCCCCGGTGGGTC,0,12
CCCCCGTCCCTCC,7,19
CCCCCGTCCGGGC,0,1
CCCCCGTCTGCGG,0,1
CCCCCGTGCCCGG,0,1
CCCCCGTGCTCCC,0,1
CCCCCGTGGCGGC,0,1
CCCCCGTGGCTGC,0,1
CCCCCGTGTGCGC,0,1
CCCCCGTGTTGTC,0,1
CCCCCGTTGGCGC,0,2
CCCCCGTTGGCGG,0,1
CCCCCTCCCCCCG,0,1
CCCCCTCCCCCGG,1,1
CCCCCTCCCCCTC,0,1
CCCCCTCCCCGCC,1,1
CCCCCTCCCCGGG,1,1
CCCCCTCCCCTTC,0,1
CCCCCTCCCGCCC,0,11
CCCCCTCCCTTCC,0,1
CCCCCTCCGGCTC,0,1
CCCCCTCCTCCCC,0,1
CCCCCTCCTCCTC,0,1
CCCCCTCGCCCCC,1,1
CCCCCTCGCCTCG,0,1
CCCCCTCGCTGGC,0,1
CCCCCTCGGGCTC,0,1
CCCCCTCTCCCCC,0,1
CCCCCTCTCGGCG,0,1
CCCCCTCTCTCCC,0,1
CCCCCTCTCTCTC,0,2
CCCCCTCTCTGCC,0,1
CCCCCTCTGCTCG,0,1
CCCCCTCTTCTTC,0,2
CCCCCTCTTTCTC,1,1
CCCCCTGCCCCCC,0,3
CCCCCTGCCCTGC,0,1
CCCCCTGCCGTGC,0,5
CCCCCTGCCTTCC,1,1
CCCCCTGCTCCCC,0,2
CCCCCTGGCCGCC,0,1
CCCCCTGGCCTCG,1,1
CCCCCTGGCTGCC,0,1
CCCCCTGGGTCCG,1,1
CCCCCTGGGTGGC,0,1
CCCCCTGTCCCCC,1,1
CCCCCTGTGCTGC,0,1
CCCCCTGTGGTTC,0,1
CCCCCTGTTCTTC,0,1
CCCCCTGTTGTGC,0,1
CCCCCTGTTTTCC,0,2
CCCCCTTCCCCGC,0,1
CCCCCTTCCCTGC,0,1
CCCCCTTCCGCCC,0,1
CCCCCTTCCTCCC,0,1
CCCCCTTCCTCTC,0,1
CCCCCTTCCTTTC,0,1
CCCCCTTCTCGTC,0,1
CCCCCTTCTGGGC,0,1
CCCCCTTGCCTTC,0,1
CCCCCTTGCTCCC,0,1
CCCCCTTGCTGCC,0,1
CCCCCTTGGCTGC,0,1
CCCCCTTGGGGCC,0,1
CCCCCTTGGTCCC,0,1
CCCCCTTTGCCGG,0,1
CCCCGAAAACGCA,0,1
CCCCGAAACACCC,0,1
CCCCGAAACACCG,0,1
CCCCGAAACACGG,0,1
CCCCGAAACGCCA,0,1
CCCCGAAACGCGA,0,1
CCCCGAAACGCGG,0,1
CCCCGAAAGAAAA,0,1
CCCCGACAGGCAC,1,1
CCCCGACCACCCC,1,1
CCCCGACCCAACA,1,1
CCCCGACCCCCGC,0,1
CCCCGACGCCGGC,1,4
CCCCGACGGCCAA,0,1
CCCCGACGGCCGA,1,1
CCCCGACGGGCCG,0,2
CCCCGAGAAAACC,0,1
CCCCGAGAAGCCA,0,1
CCCCGAGAGCGAG,0,1
CCCCGAGAGCGGC,0,3
CCCCGAGAGGGGA,0,1
CCCCGAGCAGCCC,0,1
CCCCGAGCCACGC,0,1
CCCCGAGCCGGGC,0,1
CCCCGAGGAGAAG,0,5
CCCCGAGGAGAGG,0,1
CCCCGAGGAGGAC,1,1
CCCCGAGGCAGAA,0,1
CCCCGAGGCCCCC,0,1
CCCCGAGGGAGGG,2,3
CCCCGCAAAACCA,0,1
CCCCGCAACACGA,0,2
CCCCGCAAGCCGA,0,1
CCCCGCACCCCCC,0,1
CCCCGCACCGGCG,0,1
CCCCGCAGCACCG,0,1
CCCCGCAGCACGC,0,5
CCCCGCAGCCCGA,0,2
CCCCGCAGCGCCC,0,1
CCCCGCAGGACCC,0,1
CCCCGCAGGCCCG,1,1
CCCCGCCAACCCA,0,3
CCCCGCCAACCGG,1,1
CCCCGCCACCACA,0,1
CCCCGCCACCGCC,1,2
CCCCGCCAGCCGC,0,1
CCCCGCCCACCCA,0,1
CCCCGCCCACCCC,1,1
CCCCGCCCAGCGC,0,1
CCCCGCCCCAGCA,0,2
CCCCGCCCCCACC,0,1
CCCCGCCCCCAGG,1,1
CCCCGCCCCCCAA,0,1
CCCCGCCCCCCCG,0,1
CCCCGCCCCCCGG,0,1
CCCCGCCCCCCTC,0,1
CCCCGCCCCCGCC,0,2
CCCCGCCCCCGGC,1,1
CCCCGCCCCCGGG,0,2
CCCCGCCCCCTGC,0,1
CCCCGCCCCGCCA,0,1
CCCCGCCCCGCCC,2,9
CCCCGCCCCGCGA,0,1
CCCCGCCCCGCGC,0,4
CCCCGCCCCGGCC,0,1
CCCCGCCCCTCCC,0,3
CCCCGCCCCTCGC,1,1
CCCCGCCCCTCTC,0,1
CCCCGCCCCTGCG,0,1
CCCCGCCCGACCG,0,1
CCCCGCCCGCACC,1,1
CCCCGCCCGCCAC,0,1
CCCCGCCCGCCCG,0,2
CCCCGCCCGCCGC,0,1
CCCCGCCCGCGCG,0,3
CCCCGCCCGGACA,0,2
CCCCGCCCGGACG,0,1
CCCCGCCCGGCCC,1,1
CCCCGCCCGGCCG,0,1
CCCCGCCCGGCGG,0,1
CCCCGCCCGGGCA,0,2
CCCCGCCCGGGCG,0,1
CCCCGCCCTCTCC,0,1
CCCCGCCCTTCTC,0,1
CCCCGCCGCAGCG,0,2
CCCCGCCGCCCCG,0,1
CCCCGCCGCCCGG,0,1
CCCCGCCGCCGCC,0,1
CCCCGCCGCCGCG,0,2
CCCCGCCGCCTCG,0,1
CCCCGCCGCGAGC,1,1
CCCCGCCGCGCCC,0,1
CCCCGCCGCGGGC,0,1
CCCCGCCGCGTCG,0,2
CCCCGCCGCTCGG,0,1
CCCCGCCGGAGGA,0,1
CCCCGCCGGCCAC,0,1
CCCCGCCGGCCCC,0,1
CCCCGCCGGCCCG,1,1
CCCCGCCGGCCGC,0,2
CCCCGCCGGCGGG,0,3
CCCCGCCGGGCCG,0,1
CCCCGCCGGGCGC,1,1
CCCCGCCGGTGCG,0,1
CCCCGCCGTCGCC,0,1
CCCCGCCGTCTCC,0,1
CCCCGCCGTGCCG,0,1
CCCCGCCGTGCGC,0,11
CCCCGCCTCCCCC,0,1
CCCCGCCTCCGCC,2,2
CCCCGCCTCTTCC,0,2
CCCCGCCTGCTCG,0,1
CCCCGCCTGGGGC,0,1
CCCCGCGAAGCAC,0,1
CCCCGCGACCGAG,0,1
CCCCGCGACGAGC,0,11
CCCCGCGCCAGCA,1,1
CCCCGCGCCCCCC,0,1
CCCCGCGCCCCCG,1,2
CCCCGCGCCCCGG,0,1
CCCCGCGCCCGCA,0,1
CCCCGCGCCCGCC,0,1
CCCCGCGCCCGGC,0,1
CCCCGCGCCCGTC,0,1
CCCCGCGCCGACC,0,1
CCCCGCGCCGCGC,0,1
CCCCGCGCCTGTC,0,1
CCCCGCGCGCGGA,0,1
CCCCGCGCGGGCA,0,1
CCCCGCGCGGGCC,0,1
CCCCGCGCTCCCC,0,1
CCCCGCGCTGGCG,0,1
CCCCGCGCTGGGC,0,1
CCCCGCGGCCACG,0,1
CCCCGCGGCCAGA,0,1
CCCCGCGGCCCGC,0,1
CCCCGCGGCCGCC,0,1
CCCCGCGGCCGGA,0,1
CCCCGCGGCCGGC,0,1
CCCCGCGGCCGGG,0,1
CCCCGCGGCGCCG,0,1
CCCCGCGGCGGCC,0,1
CCCCGCGGCTCCC,0,2
CCCCGCGGCTCCG,0,1
CCCCGCGGCTGCC,0,1
CCCCGCGGGACGC,0,1
CCCCGCGGGAGGA,0,1
CCCCGCGGGCCCG,1,1
CCCCGCGGGCGCG,0,1
CCCCGCGGGCTGC,0,1
CCCCGCGGGGCCC,1,2
CCCCGCGGGGGTC,0,1
CCCCGCGGTGGCG,0,1
CCCCGCGTCCGGC,0,1
CCCCGCGTCGGGC,1,1
CCCCGCTCCCCCC,0,1
CCCCGCTCCGCTC,1,3
CCCCGCTCCTCCC,0,1
CCCCGCTCTCTCC,0,1
CCCCGCTCTGCGG,0,1
CCCCGCTCTTGGC,0,1
CCCCGCTGCCTCC,1,1
CCCCGCTGGCCGG,0,1
CCCCGCTGGCTCG,0,1
CCCCGCTGGGTCC,0,1
CCCCGCTGTGCCC,0,1
CCCCGCTGTTCTC,0,1
CCCCGCTGTTGTC,0,2
CCCCGCTTGGTGC,0,1
CCCCGCTTTTCCC,0,1
CCCCGGAAAGAAA,0,1
CCCCGGAACCAGC,0,1
CCCCGGAACCCAA,0,1
CCCCGGAAGAGAA,0,1
CCCCGGACAAGGA,0,1
CCCCGGACCCAGC,0,1
CCCCGGAGAACGC,0,1
CCCCGGAGCCAGG,0,2
CCCCGGAGCCCAC,0,2
CCCCGGAGCCGCA,0,1
CCCCGGCAACACG,0,1
CCCCGGCAACGGC,1,1
CCCCGGCACCACG,0,1
CCCCGGCACCGGC,0,1
CCCCGGCAGACGA,0,1
CCCCGGCAGCACC,0,1
CCCCGGCAGGACA,1,1
CCCCGGCCAGGAG,0,1
CCCCGGCCCAAAC,0,1
CCCCGGCCCCCCC,0,1
CCCCGGCCCCCCG,0,1
CCCCGGCCCCCGA,1,1
CCCCGGCCCCCGC,0,2
CCCCGGCCCCCGG,0,1
CCCCGGCCCCCTC,0,1
CCCCGGCCCCGCA,1,1
CCCCGGCCCCGCC,1,2
CCCCGGCCCCGCG,0,1
CCCCGGCCCCGGG,0,1
CCCCGGCCCCTGC,0,1
CCCCGGCCCGACC,0,1
CCCCGGCCCGGGG,0,1
CCCCGGCCCTGGC,0,1
CCCCGGCCGAGAG,0,1
CCCCGGCCGCCAG,0,1
CCCCGGCCGCCGC,0,1
CCCCGGCCGCCGG,0,1
CCCCGGCCGCGCC,0,2
CCCCGGCCGCTCC,1,1
CCCCGGCCGGCCC,0,1
CCCCGGCCTCCTC,3,3
CCCCGGCCTCTCG,0,1
CCCCGGCGAGCAC,0,1
CCCCGGCGCCGCC,2,3
CCCCGGCGCGCGC,0,1
CCCCGGCGCGCTC,0,1
CCCCGGCGCGGCG,0,1
CCCCGGCGCGGGC,1,1
CCCCGGCGCTCCC,0,1
CCCCGGCGCTGCC,1,1
CCCCGGCGGAGCG,0,1
CCCCGGCGGCAAC,0,1
CCCCGGCGGCCGG,0,2
CCCCGGCGGCGCC,0,3
CCCCGGCGGCGGA,0,1
CCCCGGCGGGCCC,0,1
CCCCGGCGGTCGG,0,1
CCCCGGCGTGGTC,0,1
CCCCGGCGTTGGC,0,2
CCCCGGCTCCCCC,0,1
CCCCGGCTCCCGG,0,1
CCCCGGCTCCGGC,0,3
CCCCGGCTCCTGC,0,1
CCCCGGCTGCTTC,0,1
CCCCGGCTGGCCC,0,1
CCCCGGCTGGTCC,0,1
CCCCGGCTTCGGC,0,1
CCCCGGGAAACAA,0,1
CCCCGGGAAAGCG,0,3
CCCCGGGAACGCG,0,2
CCCCGGGAGAGGC,1,1
CCCCGGGAGCACG,0,1
CCCCGGGAGCCCA,0,1
CCCCGGGAGGAGG,0,1
CCCCGGGCAAAGA,1,1
CCCCGGGCAACCG,0,1
CCCCGGGCACAGC,0,1
CCCCGGGCCCACG,0,1
CCCCGGGCCCAGG,0,1
CCCCGGGCCCCCC,0,1
CCCCGGGCCCGGC,0,2
CCCCGGGCCCGGG,0,1
CCCCGGGCCCTCC,1,1
CCCCGGGCCGCCG,0,1
CCCCGGGCCGCGG,0,5
CCCCGGGCCGGAG,0,1
CCCCGGGCCGGGC,1,1
CCCCGGGCCGGTC,1,1
CCCCGGGCGCCTC,0,2
CCCCGGGCGCGCC,0,2
CCCCGGGCGGGCC,0,7
CCCCGGGCGGGCG,0,6
CCCCGGGCGTGCC,0,1
CCCCGGGCTCCCG,0,1
CCCCGGGCTCTCC,0,1
CCCCGGGCTTGTC,0,1
CCCCGGGGAAGGG,0,1
CCCCGGGGAGCCC,1,2
CCCCGGGGCAACG,0,1
CCCCGGGGCAGGA,0,1
CCCCGGGGCCAGA,0,1
CCCCGGGGCCGGG,0,1
CCCCGGGGCGCCC,0,1
CCCCGGGGCGGCG,0,1
CCCCGGGGCGGGC,0,1
CCCCGGGGCTCTC,0,1
CCCCGGGGCTTCC,0,1
CCCCGGGGGCCGC,1,2
CCCCGGGGGCCGG,0,1
CCCCGGGGGCGCC,0,1
CCCCGGGGGCGGC,0,1
CCCCGGGGGGCGG,0,1
CCCCGGGGGTTCG,0,1
CCCCGGGGTGCTC,0,2
CCCCGGGGTGTCG,0,1
CCCCGGGTCCCGC,1,1
CCCCGGGTTCCGC,1,1
CCCCGGTCCCGGG,0,1
CCCCGGTGTGCCC,0,1
CCCCGGTTCCGGG,1,1
CCCCGGTTCGCGG,0,1
CCCCGTCCCCGGG,0,1
CCCCGTCCCCTCC,0,1
CCCCGTCCCTCCC,7,20
CCCCGTCCCTGCC,0,2
CCCCGTCCGCCCC,0,1
CCCCGTCGCGCGC,0,1
CCCCGTCGTCGTC,1,1
CCCCGTCTCCGGG,0,1
CCCCGTCTCGCTC,2,11
CCCCGTCTGCGGC,0,1
CCCCGTCTTCCTC,0,1
CCCCGTCTTTCCG,0,1
CCCCGTGCCGTGC,0,1
CCCCGTGCGTGTC,1,1
CCCCGTGCTCCCC,0,1
CCCCGTGCTCCTC,0,1
CCCCGTGCTGCGG,0,1
CCCCGTGGCGGCC,0,1
CCCCGTGGGTCCC,0,1
CCCCGTGTCCCGG,0,2
CCCCGTGTCCTTC,0,2
CCCCGTGTGCGCG,0,1
CCCCGTTCCCCTC,0,1
CCCCGTTCCCGTC,0,1
CCCCGTTCCTCCC,0,1
CCCCGTTCTTGGC,0,1
CCCCGTTGTCTCC,0,1
CCCCGTTTCTCCC,0,1
CCCCGTTTCTCGG,0,1
CCCCGTTTGGTGC,0,1
CCCCGTTTTTCTC,0,1
CCCCTCCCCCCGC,0,1
CCCCTCCCCCGGC,1,1
CCCCTCCCCCTCC,0,2
CCCCTCCCCCTTC,0,1
CCCCTCCCCGCCG,0,1
CCCCTCCCCTCCC,0,1
CCCCTCCCCTCTC,0,1
CCCCTCCCCTTCC,0,2
CCCCTCCCGCCCC,1,13
CCCCTCCCGCCCG,1,1
CCCCTCCCGGCCG,0,3
CCCCTCCCGGCGG,0,1
CCCCTCCCGGGCC,0,1
CCCCTCCCTCCCC,1,1
CCCCTCCCTCCTC,1,4
CCCCTCCCTCGCC,0,1
CCCCTCCCTTCCC,0,1
CCCCTCCCTTTGC,0,1
CCCCTCCGCCCTC,0,1
CCCCTCCGGCCCC,1,1
CCCCTCCGGTCCC,0,1
CCCCTCCGTGGCC,0,2
CCCCTCCTCCCCG,0,1
CCCCTCCTCCTCC,0,2
CCCCTCCTCCTGC,1,4
CCCCTCCTCGCTC,0,1
CCCCTCCTCTTCC,0,1
CCCCTCCTGCCCC,5,17
CCCCTCCTTCTGC,0,1
CCCCTCGCCGCCG,0,1
CCCCTCGCCTCGC,0,1
CCCCTCGCCTTCC,1,1
CCCCTCGCCTTCG,0,1
CCCCTCGCGCTTC,0,1
CCCCTCGCTCCCC,1,1
CCCCTCGCTCTGC,0,1
CCCCTCGCTGCCG,0,1
CCCCTCGGCCCCG,0,1
CCCCTCGGCGCGG,0,1
CCCCTCGGGCGCC,1,1
CCCCTCGGTCGGG,0,1
CCCCTCGTCTCCC,0,1
CCCCTCGTGGGGC,0,1
CCCCTCTCCCTGC,0,1
CCCCTCTCCTCCC,1,3
CCCCTCTCGGCGC,0,1
CCCCTCTCGGGGC,0,1
CCCCTCTCTCCTC,0,1
CCCCTCTCTCTCC,0,1
CCCCTCTCTGCCG,0,1
CCCCTCTCTGCTC,0,4
CCCCTCTCTGTCC,0,1
CCCCTCTCTTGGC,0,2
CCCCTCTGGCTGC,0,7
CCCCTCTTCTTCC,1,2
CCCCTCTTGGGTC,1,1
CCCCTCTTTCCCC,0,1
CCCCTCTTTCTCC,1,1
CCCCTGCCCCCCG,0,2
CCCCTGCCCCCGG,0,1
CCCCTGCCCCTGC,1,1
CCCCTGCCCGCGC,0,2
CCCCTGCCCTCCC,1,2
CCCCTGCCCTCGG,0,1
CCCCTGCCCTGCC,0,1
CCCCTGCCGCCCC,1,1
CCCCTGCCGCGGC,0,2
CCCCTGCCGGGCC,0,1
CCCCTGCCGTGCC,0,3
CCCCTGCCTCTCG,0,1
CCCCTGCCTGCCC,0,1
CCCCTGCCTGGCC,0,1
CCCCTGCCTGGCG,0,1
CCCCTGCCTTCCC,0,1
CCCCTGCCTTCGC,0,1
CCCCTGCCTTGGC,0,1
CCCCTGCGCTCTC,0,1
CCCCTGCGGCCCC,0,1
CCCCTGCGGCCGG,0,1
CCCCTGCGTGCCC,0,1
CCCCTGCTCGGTC,1,1
CCCCTGCTCTGTC,0,1
CCCCTGCTTCTCC,0,1
CCCCTGCTTTGTC,0,2
CCCCTGGCCCGGC,0,1
CCCCTGGCCCTTC,1,1
CCCCTGGCCGCCC,0,1
CCCCTGGCCTGCC,0,1
CCCCTGGCGGGTC,0,1
CCCCTGGCTCTTC,0,1
CCCCTGGGCGCGG,0,1
CCCCTGGGTCCGG,0,1
CCCCTGGGTTCGG,0,1
CCCCTGGGTTTCC,0,3
CCCCTGGTCTCCC,1,1
CCCCTGGTGCGGC,0,1
CCCCTGGTTTGCC,0,1
CCCCTGTCCCCTC,0,1
CCCCTGTCCGTCC,0,1
CCCCTGTCCTGTC,1,1
CCCCTGTCTCCTC,0,1
CCCCTGTGCTGCC,0,1
CCCCTGTGGGCTC,0,2
CCCCTGTGTGTGC,0,1
CCCCTGTGTTCTC,0,1
CCCCTGTTCCTGC,0,6
CCCCTGTTGCGCC,0,1
CCCCTGTTGGTGC,0,2
CCCCTGTTTTCCC,0,2
CCCCTGTTTTCTC,0,1
CCCCTTCCCCCTC,0,1
CCCCTTCCCCGCC,0,1
CCCCTTCCCGCGC,0,1
CCCCTTCCCTCCC,0,1
CCCCTTCCCTGCC,1,1
CCCCTTCCCTGGC,0,1
CCCCTTCCGCCCC,0,1
CCCCTTCCTCCCC,0,1
CCCCTTCCTCTCC,0,1
CCCCTTCCTTTGC,0,1
CCCCTTCCTTTTC,1,1
CCCCTTCGCCGCC,0,1
CCCCTTCGCCTTC,0,1
CCCCTTCGGCTCG,1,1
CCCCTTCTCCTCC,0,2
CCCCTTCTCGTCG,0,1
CCCCTTCTCTGCC,0,1
CCCCTTCTCTGCG,0,1
CCCCTTCTGCCTC,0,7
CCCCTTCTGGGCC,0,1
CCCCTTCTGTTCC,1,1
CCCCTTCTTCCGC,0,1
CCCCTTGCCTGTC,0,1
CCCCTTGCCTTCC,0,1
CCCCTTGCTGCCC,0,1
CCCCTTGGCTGCC,0,1
CCCCTTGGGGCCC,0,1
CCCCTTGGTCCCG,0,1
CCCCTTTCCTCTC,0,1
CCCCTTTCCTGTC,0,1
CCCCTTTCTCCCC,1,3
CCCCTTTCTCTCC,0,1
CCCCTTTCTGCTC,0,1
CCCCTTTCTGTCC,0,1
CCCCTTTGCCGGC,0,1
CCCCTTTGCTGGC,0,3
CCCCTTTGCTGTC,6,22
CCCCTTTGTGTGC,0,3
CCCCTTTGTTGCG,0,1
CCCCTTTGTTGTC,1,1
CCCCTTTTCGGTC,0,1
CCCCTTTTGCGTC,0,1
CCCCTTTTTCTCC,0,1
CCCGAAAAACAAA,0,1
CCCGAAAAAGAAC,0,1
CCCGAAAACGCAC,0,1
CCCGAAAAGAAGA,0,1
CCCGAAACACCCA,0,1
CCCGAAACACCCG,1,1
CCCGAAACACCGC,0,1
CCCGAAACACGGC,0,1
CCCGAAACCACAC,0,1
CCCGAAACGCCAC,0,1
CCCGAAACGCGAC,0,1
CCCGAAACGCGGC,0,1
CCCGAAAGAGGAG,0,1
CCCGAACGCACAA,2,2
CCCGAAGAAAGAA,0,1
CCCGAAGACAGAA,1,1
CCCGAAGAGAGAG,0,1
CCCGAAGAGGCGC,0,1
CCCGAAGCACCAC,0,1
CCCGAAGGGGACG,1,1
CCCGACAAGCAAG,0,1
CCCGACACACCAA,0,1
CCCGACACCACCC,1,1
CCCGACACCGCAA,0,1
CCCGACACCGGCG,0,1
CCCGACAGAACAC,0,1
CCCGACAGCAAAC,0,1
CCCGACAGCAGCC,0,1
CCCGACAGGCACG,1,1
CCCGACCACACGG,1,1
CCCGACCACCCCG,1,1
CCCGACCCAACAG,1,1
CCCGACCCAAGCA,0,1
CCCGACCCACGCC,0,1
CCCGACCCAGCCA,0,1
CCCGACCCAGCCC,0,1
CCCGACCCCAGAG,0,1
CCCGACCCCCGCC,0,1
CCCGACCCGGCAG,0,1
CCCGACCGCGCCG,0,1
CCCGACCGGGGGA,0,1
CCCGACGCCCGGC,0,1
CCCGACGCCGGCA,1,2
CCCGACGCCGGCG,0,2
CCCGACGCGGGGA,1,1
CCCGACGGACCGG,1,1
CCCGACGGCCAAA,0,1
CCCGACGGCCGAG,1,1
CCCGACGGCGACC,0,1
CCCGACGGGCCGG,0,2
CCCGAGAAAACCG,0,1
CCCGAGAAAGCCC,0,1
CCCGAGAACACAA,0,1
CCCGAGAACCGCA,0,2
CCCGAGAAGAACA,0,1
CCCGAGACACAGA,0,2
CCCGAGACACCCG,0,1
CCCGAGACCGCGA,1,1
CCCGAGAGACACC,0,3
CCCGAGAGAGAGC,0,1
CCCGAGAGAGCGA,0,1
CCCGAGAGCAAAA,0,1
CCCGAGAGCGAGC,0,1
CCCGAGAGCGGCG,0,2
CCCGAGAGGCGAG,0,1
CCCGAGAGGGAGA,0,1
CCCGAGAGGGGAG,0,1
CCCGAGCAGCCCC,0,1
CCCGAGCAGCCGC,0,1
CCCGAGCAGGAAC,0,1
CCCGAGCCACCCC,0,2
CCCGAGCCAGCAA,0,1
CCCGAGCCCCAGC,0,1
CCCGAGCCCCAGG,0,1
CCCGAGCCCCCAG,0,5
CCCGAGCCCCCGC,0,1
CCCGAGCCCCCGG,0,9
CCCGAGCCCGGCC,0,1
CCCGAGCCGCAAG,0,1
CCCGAGCCGCCGC,0,9
CCCGAGCCGCGAC,0,4
CCCGAGCCGGAGC,0,3
CCCGAGCCGGCCG,0,1
CCCGAGCCGGGCG,0,1
CCCGAGCGCAGGC,0,1
CCCGAGCGCCGGC,0,1
CCCGAGCGGACGC,1,1
CCCGAGCGGAGGA,0,1
CCCGAGCGGCCGG,0,1
CCCGAGCGGGGCC,0,1
CCCGAGGACAAGC,0,1
CCCGAGGACCGAG,0,1
CCCGAGGACGAGA,0,1
CCCGAGGAGAAGC,0,4
CCCGAGGAGAGGC,0,1
CCCGAGGAGGACG,1,1
CCCGAGGCAGAAA,0,1
CCCGAGGCCCCAC,1,1
CCCGAGGCCCCCC,0,1
CCCGAGGCCCGAC,0,1
CCCGAGGCCCGAG,0,4
CCCGAGGCGACGA,1,1
CCCGAGGGAACGA,0,1
CCCGAGGGACCGA,18,18
CCCGAGGGAGGAC,0,1
CCCGAGGGAGGGC,2,3
CCCGAGGGCACAG,0,1
CCCGAGGGGCCCG,0,1
CCCGCAAAACCAG,0,1
CCCGCAAAACCGA,0,1
CCCGCAAAAGGGC,0,1
CCCGCAAACAACG,0,1
CCCGCAAAGACCC,1,1
CCCGCAAAGCCAC,0,1
CCCGCAACAAAGA,0,1
CCCGCAACACGAA,0,2
CCCGCAAGACGCC,0,1
CCCGCAAGCCCCG,0,1
CCCGCAAGCCGAC,0,1
CCCGCACACAGCA,0,1
CCCGCACCAACAG,0,2
CCCGCACCACCCA,0,1
CCCGCACCACGGC,0,1
CCCGCACCCAAAC,0,1
CCCGCACCGACCG,0,1
CCCGCACCGCCCC,0,1
CCCGCACCGGCGG,0,1
CCCGCACGAGCAA,0,1
CCCGCACGGCAGC,0,1
CCCGCAGAAAGCC,0,1
CCCGCAGAAGGAC,0,1
CCCGCAGACACAG,0,1
CCCGCAGAGAAGG,0,1
CCCGCAGAGGCCG,0,1
CCCGCAGCACCGC,1,1
CCCGCAGCACGCC,0,5
CCCGCAGCCCCAG,0,1
CCCGCAGCCCGAA,0,2
CCCGCAGCGCCCA,0,1
CCCGCAGGACCCA,0,1
CCCGCAGGCCAGC,0,1
CCCGCAGGCCCGC,0,1
CCCGCAGGCCCGG,1,1
CCCGCAGGGACGC,0,1
CCCGCAGGGCGAG,0,1
CCCGCAGGGGCGA,0,1
CCCGCCAAAGGAG,0,4
CCCGCCAACAAGG,0,1
CCCGCCAACCCAG,0,3
CCCGCCAACCGGA,1,1
CCCGCCAAGGGAA,0,2
CCCGCCACAGCGG,0,1
CCCGCCACCACAG,0,1
CCCGCCACCGCCA,0,1
CCCGCCACCGCGC,0,1
CCCGCCAGCACGG,0,1
CCCGCCAGCCAGC,0,1
CCCGCCAGCCCGA,0,1
CCCGCCAGCCGCC,0,2
CCCGCCAGGGGCG,0,1
CCCGCCCAAACCC,0,1
CCCGCCCAAGGCG,0,1
CCCGCCCACCCAG,0,1
CCCGCCCACCCCA,1,1
CCCGCCCACCCCG,0,1
CCCGCCCACGGAA,1,1
CCCGCCCCAGCAG,0,12
CCCGCCCCAGCCG,1,1
CCCGCCCCCACCC,0,1
CCCGCCCCCAGGC,1,1
CCCGCCCCCCAAA,0,1
CCCGCCCCCCCCC,0,1
CCCGCCCCCCCGC,2,3
CCCGCCCCCCGGA,0,1
CCCGCCCCCCGGG,0,1
CCCGCCCCCCTCC,0,1
CCCGCCCCCGCCC,0,4
CCCGCCCCCGCCG,0,1
CCCGCCCCCGGCC,1,1
CCCGCCCCCGTCG,0,1
CCCGCCCCCTCCC,0,1
CCCGCCCCCTGCC,0,1
CCCGCCCCGACGG,0,2
CCCGCCCCGCCAC,0,1
CCCGCCCCGCCCC,0,5
CCCGCCCCGCCCG,2,3
CCCGCCCCGCGAC,0,3
CCCGCCCCGCGCC,0,2
CCCGCCCCGCGCG,0,2
CCCGCCCCGCGGC,0,1
CCCGCCCCGGCCG,0,3
CCCGCCCCGGGCC,0,1
CCCGCCCCGTCCC,1,1
CCCGCCCCTCCCC,0,1
CCCGCCCCTCCCG,0,11
CCCGCCCCTCTCC,0,1
CCCGCCCCTGCGG,0,1
CCCGCCCCTGGCC,0,1
CCCGCCCGACCGC,1,1
CCCGCCCGCACCG,1,1
CCCGCCCGCAGCC,0,1
CCCGCCCGCAGGG,0,1
CCCGCCCGCCAGC,0,3
CCCGCCCGCCCCG,1,1
CCCGCCCGCCCGC,0,2
CCCGCCCGCCCGG,2,11
CCCGCCCGCCCTC,1,1
CCCGCCCGCCGCC,0,1
CCCGCCCGCCGGA,1,1
CCCGCCCGCCGGC,0,1
CCCGCCCGCGCCG,1,1
CCCGCCCGCGCGC,0,4
CCCGCCCGCGGGC,0,1
CCCGCCCGCGGTC,1,1
CCCGCCCGCGTGC,0,1
CCCGCCCGGACAG,0,2
CCCGCCCGGACGA,0,1
CCCGCCCGGCCCC,1,4
CCCGCCCGGCCCG,1,2
CCCGCCCGGCCGC,0,2
CCCGCCCGGCGAC,0,1
CCCGCCCGGCGCC,0,1
CCCGCCCGGCTGC,0,1
CCCGCCCGGGCAC,0,1
CCCGCCCGGGCAG,0,1
CCCGCCCGGGCGC,0,1
CCCGCCCGGGCTC,0,1
CCCGCCCGGGGCC,0,6
CCCGCCCGGGGGC,1,6
CCCGCCCGTCCTC,0,1
CCCGCCCTCCCTC,1,1
CCCGCCCTCCGGG,0,1
CCCGCCCTGCCTC,0,1
CCCGCCCTGGCCC,0,1
CCCGCCCTTCCCG,0,1
CCCGCCCTTCCGG,0,1
CCCGCCGAGCAGC,0,1
CCCGCCGCACCCG,0,1
CCCGCCGCAGCGC,0,2
CCCGCCGCCCCCC,0,1
CCCGCCGCCCCCG,0,2
CCCGCCGCCCCGG,0,2
CCCGCCGCCCGGC,0,5
CCCGCCGCCGCCA,0,1
CCCGCCGCCGCCG,0,3
CCCGCCGCCGCGC,0,2
CCCGCCGCCTCGC,0,1
CCCGCCGCGAGCG,1,1
CCCGCCGCGCCCG,0,1
CCCGCCGCGCCGC,0,1
CCCGCCGCGCTTC,0,1
CCCGCCGCGGCCC,1,2
CCCGCCGCGGGCC,1,5
CCCGCCGCGTCGC,2,2
CCCGCCGCTCCGG,0,1
CCCGCCGCTCCTC,0,1
CCCGCCGCTCGGC,0,1
CCCGCCGCTGCCC,0,1
CCCGCCGCTGCTC,0,1
CCCGCCGGACGCC,1,1
CCCGCCGGAGACC,0,1
CCCGCCGGAGGAG,0,1
CCCGCCGGCAGCA,0,1
CCCGCCGGCCACG,0,1
CCCGCCGGCCCGC,1,1
CCCGCCGGCCGCC,0,2
CCCGCCGGCCGGG,0,1
CCCGCCGGCCGTC,0,1
CCCGCCGGCGCGC,0,1
CCCGCCGGCGCGG,0,1
CCCGCCGGCGGAG,0,1
CCCGCCGGCGGCG,0,1
CCCGCCGGCGGGC,0,3
CCCGCCGGGAGGG,0,1
CCCGCCGGGCCGG,0,1
CCCGCCGGGCGCC,1,1
CCCGCCGGGCTGC,0,2
CCCGCCGGGTCCC,0,1
CCCGCCGGTGCCG,0,1
CCCGCCGGTGCGC,0,1
CCCGCCGGTGCGG,0,1
CCCGCCGTCGCCG,0,1
CCCGCCGTCTCTC,0,1
CCCGCCGTGCGCC,0,11
CCCGCCGTGGGCC,0,1
CCCGCCTCCCCTC,0,1
CCCGCCTCCGCCG,2,2
CCCGCCTCCGTCC,0,1
CCCGCCTCGTCCG,1,1
CCCGCCTCTCCCC,1,1
CCCGCCTCTTCCG,0,2
CCCGCCTCTTCTC,0,2
CCCGCCTCTTTCC,0,1
CCCGCCTGCCGGC,1,1
CCCGCCTGCTCGC,0,1
CCCGCCTGGGCCC,0,1
CCCGCCTGGGGCC,0,1
CCCGCCTGTTCTC,0,1
CCCGCCTTCTCCG,0,1
CCCGCCTTTTTCC,0,3
CCCGCGAACCCAA,0,1
CCCGCGAAGCACG,0,1
CCCGCGAAGGGCC,0,1
CCCGCGACCGAGC,0,1
CCCGCGACGAGCC,0,11
CCCGCGACGGAAC,0,1
CCCGCGAGGCGCC,0,1
CCCGCGCAAAGCA,0,1
CCCGCGCACGACA,0,1
CCCGCGCAGCCCG,1,1
CCCGCGCCCCCCC,0,1
CCCGCGCCCCCGA,0,1
CCCGCGCCCCCGC,1,4
CCCGCGCCCCGCG,2,2
CCCGCGCCCCGGG,0,1
CCCGCGCCCGCAC,0,1
CCCGCGCCCGCGC,0,1
CCCGCGCCCGCGG,0,1
CCCGCGCCCGGCC,0,1
CCCGCGCCCGTCC,0,1
CCCGCGCCCTCCG,0,1
CCCGCGCCGACCG,0,1
CCCGCGCCGAGCC,0,1
CCCGCGCCGCACC,0,1
CCCGCGCCGCCGC,0,3
CCCGCGCCGCGCC,0,2
CCCGCGCCGCTCC,0,1
CCCGCGCCGGGGC,1,1
CCCGCGCCGTCGG,0,1
CCCGCGCCTGGGC,0,3
CCCGCGCCTGTCC,0,1
CCCGCGCGCCCGG,1,1
CCCGCGCGCCTGC,0,1
CCCGCGCGCGGAC,0,1
CCCGCGCGCTCCC,0,3
CCCGCGCGGCGTC,0,2
CCCGCGCGGCTCG,0,1
CCCGCGCGGGCAA,0,1
CCCGCGCGGGCCG,0,1
CCCGCGCTCCCCG,0,1
CCCGCGCTGGGCG,0,1
CCCGCGCTTCCTC,1,1
CCCGCGCTTTCTC,0,1
CCCGCGGAAGGCG,0,1
CCCGCGGACAACG,0,1
CCCGCGGACCGAA,0,1
CCCGCGGCCACGC,0,1
CCCGCGGCCACGG,0,1
CCCGCGGCCCCCG,0,1
CCCGCGGCCCGCC,0,1
CCCGCGGCCGCCA,0,1
CCCGCGGCCGGAG,0,1
CCCGCGGCCGGCG,0,1
CCCGCGGCGCCCC,2,2
CCCGCGGCGCCCG,1,1
CCCGCGGCGCCGG,0,1
CCCGCGGCGCTGC,0,3
CCCGCGGCGGCCG,0,1
CCCGCGGCGGCGC,0,1
CCCGCGGCGGGCG,1,4
CCCGCGGCGGGGC,0,1
CCCGCGGCTCCCC,0,2
CCCGCGGCTCCGG,0,1
CCCGCGGCTTCGC,0,1
CCCGCGGGACGCC,0,1
CCCGCGGGACGCG,0,1
CCCGCGGGAGGAA,0,1
CCCGCGGGAGGCG,0,1
CCCGCGGGCCCGG,1,2
CCCGCGGGCCGCG,0,1
CCCGCGGGCCGGC,0,1
CCCGCGGGCGCCG,0,1
CCCGCGGGCGCGG,0,1
CCCGCGGGCTGCG,0,1
CCCGCGGGGAGAG,0,1
CCCGCGGGGCCCC,0,2
CCCGCGGGGCCCG,1,1
CCCGCGGGGGCCG,0,1
CCCGCGGGGGCGG,0,1
CCCGCGGGGGGTC,0,1
CCCGCGGGGTCCC,0,1
CCCGCGGGGTCTC,0,1
CCCGCGGTCCCCG,0,1
CCCGCGGTGCCCG,0,1
CCCGCGGTGGCGG,0,1
CCCGCGGTTGCCC,0,1
CCCGCGGTTGGCC,0,1
CCCGCGTCCGGCC,0,1
CCCGCGTCGCCGG,1,2
CCCGCGTCGCGCC,0,1
CCCGCGTGCGTGC,0,1
CCCGCGTTGTTCC,0,1
CCCGCTCCCCCCG,0,2
CCCGCTCCCGCCC,0,1
CCCGCTCCCTCCC,1,1
CCCGCTCCCTCCG,1,1
CCCGCTCCGCCTC,0,3
CCCGCTCCGCTCC,1,3
CCCGCTCCGGCTC,0,3
CCCGCTCCTCCCG,1,3
CCCGCTCCTCGGC,0,1
CCCGCTCCTCTCC,0,1
CCCGCTCCTTCCC,0,1
CCCGCTCCTTGTC,0,1
CCCGCTCGCCGCC,2,2
CCCGCTCGCGCCG,0,1
CCCGCTCGGTCTC,0,1
CCCGCTCGTGGTC,0,1
CCCGCTCTCCGCC,0,1
CCCGCTCTCGCTC,1,1
CCCGCTCTCTCCG,0,1
CCCGCTCTGCGGC,0,1
CCCGCTGCCTCTC,0,11
CCCGCTGCTCTTC,0,1
CCCGCTGGCTCGG,0,1
CCCGCTGGGCTGC,1,1
CCCGCTGTCGCTC,0,1
CCCGCTGTCGTGC,0,1
CCCGCTGTGCCCC,0,1
CCCGCTGTTCTCC,0,1
CCCGCTTCCCCGG,0,1
CCCGCTTCCCTCC,1,2
CCCGCTTCCCTTC,0,1
CCCGCTTCCTGGC,0,1
CCCGCTTGCCCCC,0,1
CCCGCTTGTCCGC,0,1
CCCGCTTGTGGTC,0,1
CCCGCTTTGTCCC,0,1
CCCGGAAACCACG,0,1
CCCGGAAAGAAAC,0,1
CCCGGAACCAGCC,0,1
CCCGGAACCCAAA,0,1
CCCGGAAGAGAAG,0,1
CCCGGACAACAAG,0,1
CCCGGACAAGGAC,0,1
CCCGGACACCCAG,1,1
CCCGGACACGGGC,0,1
CCCGGACAGCGCG,0,2
CCCGGACAGGAGC,0,1
CCCGGACAGGCCG,1,1
CCCGGACCCAGGG,0,1
CCCGGACCGCGCA,0,1
CCCGGACCGCGCC,0,1
CCCGGACGAGAAC,0,1
CCCGGACGAGGCG,1,1
CCCGGACGGCGGC,0,1
CCCGGAGAACGCC,0,1
CCCGGAGACGCCG,0,1
CCCGGAGCAAAGC,0,1
CCCGGAGCAGCCA,0,1
CCCGGAGCCAGAG,0,1
CCCGGAGCCAGGA,2,2
CCCGGAGCCAGGC,1,1
CCCGGAGCCCACA,0,2
CCCGGAGCCCCGC,0,1
CCCGGAGCCGAGA,0,1
CCCGGAGCCGCAG,0,1
CCCGGAGCCGCGG,0,1
CCCGGAGCCGGCC,0,8
CCCGGAGCGGCCA,0,1
CCCGGAGGAGCCC,0,1
CCCGGAGGAGGAG,0,1
CCCGGAGGCACAG,0,1
CCCGGAGGCGGCG,1,1
CCCGGCAACACGC,0,1
CCCGGCAACGGCG,1,1
CCCGGCACCACGC,0,1
CCCGGCACCGGAG,0,1
CCCGGCACCGGCA,0,1
CCCGGCAGACGGG,0,1
CCCGGCAGAGGAG,0,1
CCCGGCAGCAGCG,0,1
CCCGGCAGCCACG,0,1
CCCGGCAGCCCCA,0,1
CCCGGCAGCCGCC,0,1
CCCGGCAGCGCGC,0,1
CCCGGCAGGACAA,1,1
CCCGGCCACACAG,0,1
CCCGGCCACCGAG,0,1
CCCGGCCAGAAGG,0,1
CCCGGCCAGCGCG,0,1
CCCGGCCAGGAGC,0,1
CCCGGCCCAAACG,0,1
CCCGGCCCAAGAA,0,1
CCCGGCCCAGGCC,0,1
CCCGGCCCCAGCG,0,1
CCCGGCCCCAGGA,0,3
CCCGGCCCCCCCC,0,3
CCCGGCCCCCCGG,0,1
CCCGGCCCCCGAA,1,1
CCCGGCCCCCGCC,0,2
CCCGGCCCCCGGG,0,1
CCCGGCCCCCTCC,0,1
CCCGGCCCCGCAG,1,1
CCCGGCCCCGCCC,3,3
CCCGGCCCCGCGC,0,2
CCCGGCCCCGCGG,0,1
CCCGGCCCCGCTC,0,1
CCCGGCCCCGGCG,0,3
CCCGGCCCCTGCG,1,1
CCCGGCCCGACCC,0,1
CCCGGCCCGCCAG,0,1
CCCGGCCCGCCCG,0,2
CCCGGCCCGCTCG,0,1
CCCGGCCCGGAGC,0,1
CCCGGCCCGGCCC,0,4
CCCGGCCCGGCCG,0,1
CCCGGCCCGGCGA,0,1
CCCGGCCCGGGGC,1,2
CCCGGCCCGTCGC,0,1
CCCGGCCCTCCCG,0,1
CCCGGCCCTCCGC,0,1
CCCGGCCCTGGCC,0,1
CCCGGCCGACGAC,0,1
CCCGGCCGACGGG,0,5
CCCGGCCGCAGCG,1,1
CCCGGCCGCCAGG,0,1
CCCGGCCGCCCCC,0,1
CCCGGCCGCCGCG,0,1
CCCGGCCGCCGGC,0,1
CCCGGCCGCCGGG,0,2
CCCGGCCGCGCAG,0,1
CCCGGCCGCGCCC,0,2
CCCGGCCGCGCGC,0,2
CCCGGCCGCTCCC,1,1
CCCGGCCGGAACG,1,1
CCCGGCCGGACGC,0,1
CCCGGCCGGCAGC,0,1
CCCGGCCGGCCCC,0,1
CCCGGCCGGCCCG,0,1
CCCGGCCGGCGCG,0,1
CCCGGCCGGCTCG,0,1
CCCGGCCGGGCGG,1,1
CCCGGCCGGGCTC,0,1
CCCGGCCGGGGCG,0,2
CCCGGCCGGTCCC,0,1
CCCGGCCGTGCGG,0,1
CCCGGCCGTGTCC,0,1
CCCGGCCGTGTGC,0,8
CCCGGCCTCCCCC,0,1
CCCGGCCTCCTCG,1,1
CCCGGCCTCGCCC,0,1
CCCGGCCTCGCCG,0,1
CCCGGCCTCTCGG,0,1
CCCGGCCTGCTGC,0,1
CCCGGCCTGGGCC,0,1
CCCGGCCTGGTCC,0,1
CCCGGCCTGTTCC,0,1
CCCGGCGACAACA,0,2
CCCGGCGAGCACC,0,1
CCCGGCGAGCCAC,0,1
CCCGGCGAGCGAA,0,1
CCCGGCGAGGACG,0,1
CCCGGCGCACACC,0,1
CCCGGCGCAGACG,0,1
CCCGGCGCAGAGC,0,1
CCCGGCGCCCCGG,0,1
CCCGGCGCCCGGC,0,1
CCCGGCGCCGCCA,0,1
CCCGGCGCCGCCG,2,3
CCCGGCGCCGGAG,0,1
CCCGGCGCCGGCC,0,1
CCCGGCGCCGGCG,0,1
CCCGGCGCGACGC,0,1
CCCGGCGCGAGCG,0,1
CCCGGCGCGCACG,0,1
CCCGGCGCGCGCG,0,1
CCCGGCGCGCTCC,0,1
CCCGGCGCGGCGC,0,1
CCCGGCGCGGCGG,0,2
CCCGGCGCGGGCG,1,1
CCCGGCGCTCCCG,0,2
CCCGGCGCTGCCG,1,2
CCCGGCGGACCGC,0,1
CCCGGCGGAGAAC,0,1
CCCGGCGGAGACA,0,2
CCCGGCGGAGCGC,0,1
CCCGGCGGCAACG,0,1
CCCGGCGGCACGC,0,1
CCCGGCGGCAGAG,0,1
CCCGGCGGCCCCA,0,1
CCCGGCGGCCGCC,0,1
CCCGGCGGCGACA,0,1
CCCGGCGGCGCGC,0,1
CCCGGCGGCGCGG,0,1
CCCGGCGGCGGAA,0,1
CCCGGCGGCGGCC,1,1
CCCGGCGGCGGCG,0,1
CCCGGCGGCGGGC,0,1
CCCGGCGGCTGCG,0,1
CCCGGCGGGCACG,0,2
CCCGGCGGGCCCG,0,1
CCCGGCGGGCGCG,0,2
CCCGGCGGGGCGA,0,1
CCCGGCGGGGCGG,3,3
CCCGGCGGGGGCC,0,1
CCCGGCGGGGGCG,0,1
CCCGGCGGGGGGA,0,1
CCCGGCGGTCGGC,0,1
CCCGGCGTCCGGC,1,1
CCCGGCGTGCCCC,0,1
CCCGGCGTGGTCC,0,1
CCCGGCTCCCGGG,0,1
CCCGGCTCCGCGG,0,1
CCCGGCTCCGGCC,0,1
CCCGGCTCCGGCG,0,3
CCCGGCTCCTCCC,0,1
CCCGGCTCCTGCG,0,1
CCCGGCTCGCCTC,0,1
CCCGGCTCGGGGC,0,1
CCCGGCTCTGCCC,0,1
CCCGGCTGCCGCC,0,1
CCCGGCTGGCCCC,0,1
CCCGGCTTCGGCG,0,1
CCCGGGAAACAAA,0,1
CCCGGGAACACCC,0,11
CCCGGGACACGGG,0,2
CCCGGGACAGCGC,0,5
CCCGGGACCCCCC,0,1
CCCGGGACCCGGG,0,1
CCCGGGACGGCGC,0,1
CCCGGGAGAAGGA,0,1
CCCGGGAGACGAA,0,1
CCCGGGAGCACGA,0,1
CCCGGGAGCCCAG,0,1
CCCGGGAGCGAGG,1,1
CCCGGGAGGAGCG,0,1
CCCGGGAGGAGGG,0,1
CCCGGGCAAAGAC,1,1
CCCGGGCAACCAC,0,1
CCCGGGCAACCGC,0,1
CCCGGGCACAGAC,0,1
CCCGGGCACCGCC,0,2
CCCGGGCACCGCG,0,1
CCCGGGCAGAGGG,0,1
CCCGGGCAGCGCG,0,2
CCCGGGCCAAAAA,0,1
CCCGGGCCAAAAG,2,2
CCCGGGCCACAGC,0,1
CCCGGGCCCACGC,0,1
CCCGGGCCCCCCC,0,1
CCCGGGCCCCCTC,0,1
CCCGGGCCCCGCC,0,2
CCCGGGCCCCGGG,0,1
CCCGGGCCCGAGC,0,1
CCCGGGCCCGCCG,0,3
CCCGGGCCCGCGG,1,1
CCCGGGCCCGGCG,1,3
CCCGGGCCCGGGC,0,1
CCCGGGCCGCCAG,0,1
CCCGGGCCGCCGG,0,1
CCCGGGCCGCGCA,3,3
CCCGGGCCGCGCC,0,1
CCCGGGCCGCGGC,0,9
CCCGGGCCGGAGG,0,1
CCCGGGCCGGGCC,1,1
CCCGGGCCGGGGC,0,1
CCCGGGCCGGTCG,1,1
CCCGGGCCTCGGC,0,2
CCCGGGCGAACAC,0,1
CCCGGGCGCCGCG,0,2
CCCGGGCGCCGGC,0,1
CCCGGGCGCGCCG,0,2
CCCGGGCGCGCGG,1,1
CCCGGGCGGCCGC,0,1
CCCGGGCGGCGTC,0,1
CCCGGGCGGGCGG,0,8
CCCGGGCGGGGCC,0,1
CCCGGGCGGGGGC,0,1
CCCGGGCGTGCCC,0,1
CCCGGGCTCCCGC,0,1
CCCGGGCTCGGCC,0,1
CCCGGGCTGCTGC,0,1
CCCGGGCTTGTCC,0,1
CCCGGGGAAGAGC,0,1
CCCGGGGACCCGG,0,1
CCCGGGGACGGAG,0,1
CCCGGGGAGCCAC,0,1
CCCGGGGAGCCAG,0,1
CCCGGGGAGCCCC,0,1
CCCGGGGAGCCCG,1,1
CCCGGGGCAACGC,0,1
CCCGGGGCAGGAG,0,1
CCCGGGGCCAGAG,0,1
CCCGGGGCCCCGA,0,1
CCCGGGGCCCCGC,0,1
CCCGGGGCCCCGG,0,1
CCCGGGGCCCGGA,1,1
CCCGGGGCCCGGC,0,2
CCCGGGGCCGCTC,0,1
CCCGGGGCCTGGC,0,1
CCCGGGGCGAGCG,0,1
CCCGGGGCGCCCG,1,1
CCCGGGGCGCCGG,0,1
CCCGGGGCGGCCG,0,2
CCCGGGGCGGCGG,0,1
CCCGGGGCGGGCG,0,3
CCCGGGGCTTCCG,1,1
CCCGGGGGAGGCC,0,1
CCCGGGGGCAACC,0,1
CCCGGGGGCAGGG,0,1
CCCGGGGGCCGCG,0,1
CCCGGGGGCGCCG,0,1
CCCGGGGGCGGCC,0,1
CCCGGGGGCTCGG,0,1
CCCGGGGGGAACA,0,1
CCCGGGGGGAACG,1,1
CCCGGGGGGAGGC,0,1
CCCGGGGGGCCGC,1,1
CCCGGGGGGCGCA,0,1
CCCGGGGGGCGCG,0,5
CCCGGGGGGGCGG,0,1
CCCGGGGGTGGTC,0,1
CCCGGGTCCCGCG,1,1
CCCGGGTCCCTGC,0,1
CCCGGGTCCTCCG,0,2
CCCGGGTGCGCCG,0,1
CCCGGGTGTCCCC,0,1
CCCGGGTGTCTCC,0,1
CCCGGGTTCTCGC,0,1
CCCGGGTTGCCCG,0,1
CCCGGTCCCGTCC,1,1
CCCGGTCCCTCCC,0,1
CCCGGTCCTGCGG,0,1
CCCGGTCGTCCCC,0,1
CCCGGTCTCCGCC,1,1
CCCGGTGCCCGTC,0,1
CCCGGTGCCGCTC,0,1
CCCGGTGCGCTGC,0,1
CCCGGTGCTCCCC,0,1
CCCGGTGGCCTTC,0,1
CCCGGTTCCGGGC,1,1
CCCGGTTCGTGCC,0,1
CCCGTCCCCGGGC,0,1
CCCGTCCCCTCCC,0,1
CCCGTCCCGGCGC,0,1
CCCGTCCCGGTCC,1,1
CCCGTCCCTCCCC,0,2
CCCGTCCCTCCCG,0,12
CCCGTCCCTGCCC,1,3
CCCGTCCGCCCCC,0,1
CCCGTCCGCCTCC,0,1
CCCGTCCGCGCTC,0,1
CCCGTCCGGTGGC,1,1
CCCGTCCTCCCCC,0,1
CCCGTCCTCCCGC,0,1
CCCGTCCTCCTGC,0,1
CCCGTCCTGGCCC,0,1
CCCGTCGCGCGCG,0,1
CCCGTCGCGCGGC,0,1
CCCGTCGGGGCGG,0,2
CCCGTCTCCCCCC,0,1
CCCGTCTCCTTGC,0,2
CCCGTCTCGCTCC,2,11
CCCGTCTCGTTCC,0,2
CCCGTCTCTCCGC,0,1
CCCGTCTTCCCCC,0,5
CCCGTCTTTTGTC,0,1
CCCGTGCCCCGGC,0,1
CCCGTGCCGTGCG,0,1
CCCGTGCCTGTGC,0,1
CCCGTGCGGCGGC,0,1
CCCGTGCGTGTCC,1,1
CCCGTGCTCCCCG,0,1
CCCGTGCTGCCGG,0,1
CCCGTGCTGCGGC,0,1
CCCGTGCTTCCCC,0,1
CCCGTGGCCGCCG,0,1
CCCGTGGCCGCGG,0,1
CCCGTGGCGGCCC,0,1
CCCGTGGCTCTGC,0,1
CCCGTGGCTGCCG,0,1
CCCGTGGCTGCTC,0,1
CCCGTGGCTTGGC,0,1
CCCGTGGGCCTCC,0,4
CCCGTGGGCTCCC,0,2
CCCGTGGTGGTGC,0,1
CCCGTGTCCTTCC,0,1
CCCGTGTCTCCGC,1,1
CCCGTGTGCGCGC,0,1
CCCGTGTGTTTTC,0,1
CCCGTGTTGTCTC,0,1
CCCGTGTTTTGTC,0,1
CCCGTTCCCCTCG,0,1
CCCGTTCCCGCCC,1,1
CCCGTTCCCGTCC,0,1
CCCGTTCCGTCGC,0,1
CCCGTTCGCCGCG,0,1
CCCGTTCTGTTTC,0,1
CCCGTTGCCCTCG,0,1
CCCGTTGGTCCCG,0,1
CCCGTTGTCTCCC,0,1
CCCGTTGTTTTTC,0,1
CCCGTTTCTCGGC,0,1
CCCGTTTCTGCCC,0,1
CCCGTTTCTTCGC,0,1
CCCGTTTGCCGCG,0,1
CCCGTTTGGTGCC,0,1
CCCGTTTTTTCGG,0,1
CCCTCCCCCCCTC,0,1
CCCTCCCCCCGCG,0,1
CCCTCCCCCCTCC,0,1
CCCTCCCCCGGCC,1,1
CCCTCCCCCTCCC,0,1
CCCTCCCCCTCCG,0,1
CCCTCCCCCTTCC,0,1
CCCTCCCCGCCCC,1,1
CCCTCCCCGCCGC,0,1
CCCTCCCCGCGCC,1,1
CCCTCCCCGCGCG,0,1
CCCTCCCCGGTGC,0,1
CCCTCCCCGTCCC,0,2
CCCTCCCCTCCCC,0,1
CCCTCCCCTCCCG,1,1
CCCTCCCCTCTCC,0,1
CCCTCCCCTCTTC,1,1
CCCTCCCCTGCCC,1,1
CCCTCCCCTTCCC,0,1
CCCTCCCGCCCCC,0,1
CCCTCCCGCCCCG,0,1
CCCTCCCGCCCGC,0,10
CCCTCCCGCCCGG,2,2
CCCTCCCGCCGCC,0,1
CCCTCCCGGCCGC,0,3
CCCTCCCGTCCCC,1,1
CCCTCCCGTCCTC,0,1
CCCTCCCTCCCCC,0,1
CCCTCCCTCCCCG,1,2
CCCTCCCTCCCTC,0,18
CCCTCCCTCCGTC,0,1
CCCTCCCTCCTCC,1,4
CCCTCCCTCCTCG,0,15
CCCTCCCTCCTGC,0,2
CCCTCCCTCGCCC,0,1
CCCTCCCTCTTCC,0,2
CCCTCCCTGCCCC,0,1
CCCTCCCTGCCTC,1,1
CCCTCCCTGCGGC,0,1
CCCTCCCTGTCCC,1,1
CCCTCCCTGTCGC,0,2
CCCTCCCTGTGCC,0,1
CCCTCCCTGTTGC,0,1
CCCTCCCTTCCCC,0,1
CCCTCCCTTCTCC,0,1
CCCTCCCTTGCGC,0,1
CCCTCCCTTTGCC,0,1
CCCTCCGCCCGCG,0,1
CCCTCCGCCCTGC,0,1
CCCTCCGCCGCTC,0,1
CCCTCCGCGCCCC,0,1
CCCTCCGCGCCGC,1,1
CCCTCCGCGGCTC,0,1
CCCTCCGCTCCTC,1,1
CCCTCCGCTTTCC,0,1
CCCTCCGGCCCCC,0,1
CCCTCCGGCCCTC,0,1
CCCTCCGGCCGCC,0,1
CCCTCCGGGCGTC,0,1
CCCTCCGTCTCCG,0,1
CCCTCCTCCCCCC,0,1
CCCTCCTCCCCCG,1,1
CCCTCCTCCCCGG,0,1
CCCTCCTCCCCTC,0,1
CCCTCCTCCCTTC,0,2
CCCTCCTCCTCCC,0,1
CCCTCCTCCTGCC,1,3
CCCTCCTCCTGCG,0,1
CCCTCCTCGCCCC,0,1
CCCTCCTCGTCCC,1,1
CCCTCCTCTCCCC,0,1
CCCTCCTCTGCCG,0,1
CCCTCCTCTGTGC,0,2
CCCTCCTCTTCCC,0,1
CCCTCCTGCCCCC,5,18
CCCTCCTGCTGCC,0,1
CCCTCCTGGCCCC,1,1
CCCTCCTGGTCTC,0,1
CCCTCCTGGTGGC,1,1
CCCTCCTTCCCTC,0,1
CCCTCCTTCCTCC,0,1
CCCTCCTTGTTCC,0,1
CCCTCCTTTCTTC,0,2
CCCTCGCCCCTTC,0,1
CCCTCGCCGCCGG,0,2
CCCTCGCCGGCCG,0,1
CCCTCGCCTGCCC,0,1
CCCTCGCCTTCGG,0,1
CCCTCGCGCTCCC,0,1
CCCTCGCGCTTCC,0,1
CCCTCGCTCCCCC,0,1
CCCTCGCTCTCTC,0,1
CCCTCGCTCTGCC,0,1
CCCTCGCTGGCTC,0,1
CCCTCGCTTCCCG,0,1
CCCTCGCTTTCCC,0,1
CCCTCGGCCCCGC,0,1
CCCTCGGCCGCGC,0,1
CCCTCGGCTCTCC,0,1
CCCTCGGCTGGCG,0,1
CCCTCGGGCGCCC,1,1
CCCTCGGGCTCTC,0,1
CCCTCGGGGTCCC,2,3
CCCTCGGTCCCCG,0,1
CCCTCGGTCCCTC,0,1
CCCTCGGTGGGTC,0,6
CCCTCGTCCCGCC,0,1
CCCTCGTCCCTGC,0,1
CCCTCGTCCTCTC,0,1
CCCTCGTCCTGGC,0,1
CCCTCGTCTCCCC,0,1
CCCTCGTCTTGGC,0,1
CCCTCGTGGGGCG,0,1
CCCTCGTTCCCTC,0,1
CCCTCGTTCGCCG,0,1
CCCTCGTTCGTTC,0,1
CCCTCGTTTTCCG,1,1
CCCTCTCCCCCCC,0,5
CCCTCTCCCCTCC,0,1
CCCTCTCCCTCTC,0,2
CCCTCTCCCTTGC,1,1
CCCTCTCCGCGCC,2,2
CCCTCTCCGCTCC,0,1
CCCTCTCCTCCCC,0,1
CCCTCTCCTCTCC,0,1
CCCTCTCCTGCGG,0,1
CCCTCTCCTGTCC,0,2
CCCTCTCCTTCTC,0,1
CCCTCTCGCCTCC,0,1
CCCTCTCGCTCCG,0,1
CCCTCTCGCTCTC,0,1
CCCTCTCGGCTTC,0,1
CCCTCTCGGTCCC,0,2
CCCTCTCGGTGGC,0,1
CCCTCTCTCCCTC,0,3
CCCTCTCTCTCTC,0,3
CCCTCTCTCTTCC,0,1
CCCTCTCTCTTTC,0,1
CCCTCTCTGCCGC,0,1
CCCTCTCTGCTCC,0,5
CCCTCTCTTCCCC,0,1
CCCTCTCTTCCTC,0,2
CCCTCTCTTTCTC,0,1
CCCTCTGCCCTGC,0,1
CCCTCTGCTCCTC,0,1
CCCTCTGGGCCTC,1,1
CCCTCTGGTCCCC,0,1
CCCTCTGGTGGCC,0,2
CCCTCTGTCTTCC,0,1
CCCTCTGTGGCTC,0,1
CCCTCTGTTTTCC,1,2
CCCTCTTCCCCCG,0,1
CCCTCTTCCCCGC,0,1
CCCTCTTCCCCGG,0,1
CCCTCTTCGTTTC,0,1
CCCTCTTCTCTTC,0,2
CCCTCTTCTTCCC,0,1
CCCTCTTGGGCCG,0,1
CCCTCTTGGGTCC,1,1
CCCTCTTGGGTTC,0,1
CCCTCTTGTCCGG,1,1
CCCTCTTTCCCCC,0,1
CCCTCTTTCTTCC,1,4
CCCTCTTTCTTTC,0,1
CCCTCTTTGTGCC,1,1
CCCTCTTTTCTTC,0,6
CCCTGCCCCCCGC,0,2
CCCTGCCCCCGGC,0,1
CCCTGCCCCGCGG,0,1
CCCTGCCCCGCTC,0,1
CCCTGCCCCTCCC,0,1
CCCTGCCCCTCTC,0,1
CCCTGCCCCTGCC,2,4
CCCTGCCCGCGCC,0,2
CCCTGCCCGTCCC,1,1
CCCTGCCCTCCCC,0,1
CCCTGCCCTCCTC,0,1
CCCTGCCCTCGGC,0,1
CCCTGCCCTGCCC,0,2
CCCTGCCCTGCGC,3,11
CCCTGCCCTGCTC,1,13
CCCTGCCCTGGCC,0,1
CCCTGCCCTGTGC,1,1
CCCTGCCCTGTTC,0,1
CCCTGCCCTTCTC,0,1
CCCTGCCGCCCCC,0,1
CCCTGCCGCCCCG,1,1
CCCTGCCGCGCCC,0,3
CCCTGCCGCGGCC,0,1
CCCTGCCGGCCGG,0,1
CCCTGCCGGCGCC,0,1
CCCTGCCGGCGCG,0,1
CCCTGCCGGGCCG,0,1
CCCTGCCGTGCCC,0,3
CCCTGCCTCCCCG,1,4
CCCTGCCTCCTCC,0,1
CCCTGCCTCCTTC,0,14
CCCTGCCTCGCCG,0,1
CCCTGCCTCTCGC,0,1
CCCTGCCTCTCTC,0,5
CCCTGCCTGCCCC,0,1
CCCTGCCTGGCCC,0,2
CCCTGCCTGGCGG,0,1
CCCTGCCTGGGCC,0,1
CCCTGCCTGTCCC,0,1
CCCTGCCTGTTCC,1,1
CCCTGCCTTCCCC,0,1
CCCTGCCTTCCTC,0,1
CCCTGCCTTCGCC,0,1
CCCTGCCTTGGTC,0,1
CCCTGCGCCCTGC,0,1
CCCTGCGCTCTCG,0,1
CCCTGCGGCCTTC,0,1
CCCTGCGGCGCCG,1,1
CCCTGCGTCGGCC,0,1
CCCTGCTCCCCCC,0,1
CCCTGCTCCCCTC,0,3
CCCTGCTCCGCCG,0,1
CCCTGCTCGGGTC,0,1
CCCTGCTCTGCCC,1,2
CCCTGCTCTGCTC,1,1
CCCTGCTCTGTCC,0,1
CCCTGCTCTTCTC,0,1
CCCTGCTCTTGGC,0,1
CCCTGCTGCTCCC,0,1
CCCTGCTGGCCCC,0,1
CCCTGCTGGGCTC,0,1
CCCTGCTGGGGGC,0,1
CCCTGCTGTCTCC,1,1
CCCTGCTTCCCCG,0,1
CCCTGCTTCCTCC,0,1
CCCTGCTTCTCTC,0,1
CCCTGCTTGTCTC,0,2
CCCTGCTTTGTCC,0,1
CCCTGGCCCCCGC,0,1
CCCTGGCCCCCTC,0,1
CCCTGGCCCGGCC,0,1
CCCTGGCCCTCGG,1,1
CCCTGGCCCTGGC,0,3
CCCTGGCCGCCCC,0,1
CCCTGGCCGCTGC,0,1
CCCTGGCCTCTGC,0,1
CCCTGGCCTGTCC,1,1
CCCTGGCGGCCGG,0,1
CCCTGGCGGCGCC,0,1
CCCTGGCGGCTCG,0,1
CCCTGGCGGGTCG,0,1
CCCTGGCTCCCTC,0,1
CCCTGGCTCGGTC,0,1
CCCTGGCTGGCCG,0,1
CCCTGGCTGGGCC,0,1
CCCTGGCTGGGTC,0,1
CCCTGGCTTCCTC,0,1
CCCTGGGCCCCTC,0,1
CCCTGGGCCCTGC,0,1
CCCTGGGCCGCCG,0,1
CCCTGGGCGTCTC,0,1
CCCTGGGCTCTGC,0,4
CCCTGGGGCCGCC,0,1
CCCTGGGGCGCGC,0,3
CCCTGGGGCTCCC,1,1
CCCTGGGGCTCGG,0,1
CCCTGGGGCTGCC,0,1
CCCTGGGGCTTCC,0,1
CCCTGGGGGCCCC,0,2
CCCTGGGGTCTCG,0,1
CCCTGGGTGGCCC,0,1
CCCTGGGTGGCTC,0,2
CCCTGGGTTTCCG,0,2
CCCTGGTGCGGCG,0,1
CCCTGGTGTCCGG,0,1
CCCTGGTTCCTTC,0,1
CCCTGGTTCTCCG,0,1
CCCTGGTTTGCCC,0,2
CCCTGTCCCCCGG,0,1
CCCTGTCCCCTCC,1,1
CCCTGTCCCTCGC,0,1
CCCTGTCCCTTGC,0,1
CCCTGTCCGTCCC,0,2
CCCTGTCCTCTCC,1,1
CCCTGTCCTGTCC,1,1
CCCTGTCCTTTTC,0,1
CCCTGTCGCCCCC,0,1
CCCTGTCGTTCGG,0,1
CCCTGTCTCCTCC,0,3
CCCTGTCTCTCTC,0,2
CCCTGTCTGCTTC,0,1
CCCTGTCTGTGCC,1,1
CCCTGTCTTTGTC,0,1
CCCTGTGCCTCCC,0,1
CCCTGTGCTCCCC,1,1
CCCTGTGCTCTTC,1,1
CCCTGTGCTGTGC,0,1
CCCTGTGCTTTCC,0,1
CCCTGTGCTTTGC,3,3
CCCTGTGGCCGTC,0,1
CCCTGTGGGCTCC,0,2
CCCTGTGGGGCTC,0,1
CCCTGTGTCGTCC,0,1
CCCTGTTCGGCCC,0,1
CCCTGTTCTGTGC,0,1
CCCTGTTCTTGGC,0,2
CCCTGTTGCGCCC,0,1
CCCTGTTGGGCTC,0,1
CCCTGTTGGTGCG,0,2
CCCTGTTGTTGTC,0,1
CCCTGTTTCTCCG,0,1
CCCTGTTTGCCTC,0,1
CCCTGTTTGGTTC,0,1
CCCTTCCCCCCTC,1,1
CCCTTCCCCCTCC,0,1
CCCTTCCCCCTGC,1,1
CCCTTCCCCTCCC,0,2
CCCTTCCCCTCTC,0,2
CCCTTCCCGCGCC,0,1
CCCTTCCCTCTCC,1,1
CCCTTCCCTGCCG,0,1
CCCTTCCCTGGCC,0,1
CCCTTCCCTTGTC,0,1
CCCTTCCGCCCGC,0,1
CCCTTCCGCGCCG,0,1
CCCTTCCGTCCGC,0,2
CCCTTCCTCCCTC,2,2
CCCTTCCTCCTCC,1,2
CCCTTCCTCGCTC,1,1
CCCTTCCTCTGCC,0,3
CCCTTCCTCTGTC,0,1
CCCTTCCTCTTCG,0,1
CCCTTCCTGCCCC,0,1
CCCTTCCTGCTGC,0,1
CCCTTCCTTGCTC,0,1
CCCTTCCTTTGCC,0,1
CCCTTCCTTTGGC,0,1
CCCTTCCTTTTCC,1,1
CCCTTCGCCCGTC,0,2
CCCTTCGCCGCCG,0,1
CCCTTCGCCTTCC,0,1
CCCTTCGCTTGGC,1,1
CCCTTCGGCTCGC,0,1
CCCTTCTCCCTTC,1,1
CCCTTCTCCTGTC,0,1
CCCTTCTCCTTCC,0,3
CCCTTCTCCTTTC,1,1
CCCTTCTCGTCGG,0,1
CCCTTCTCTCTCC,1,1
CCCTTCTCTGCGG,0,1
CCCTTCTCTTCTC,3,3
CCCTTCTCTTGCC,1,1
CCCTTCTCTTTCC,0,1
CCCTTCTGCCGTC,0,1
CCCTTCTGCCTCC,0,6
CCCTTCTGCGTGC,0,1
CCCTTCTGCTGTC,1,1
CCCTTCTGGCCGG,0,1
CCCTTCTGGGCCC,0,1
CCCTTCTGTGCCC,1,1
CCCTTCTTCCGCG,0,1
CCCTTCTTCCGGC,0,1
CCCTTCTTCCTCC,0,1
CCCTTCTTCCTTC,0,1
CCCTTCTTTCCTC,2,3
CCCTTGCCGGTCG,0,1
CCCTTGCCTGCTC,0,1
CCCTTGCCTGTGC,0,1
CCCTTGCTCTGGC,1,1
CCCTTGCTGCCTC,0,1
CCCTTGCTGTCTC,1,1
CCCTTGGCCCGGC,0,1
CCCTTGGCCGTCC,0,3
CCCTTGGCCTCCC,0,1
CCCTTGGCTGCCC,0,1
CCCTTGGGCCCTC,0,1
CCCTTGGGCCGCC,0,1
CCCTTGGGGCCCG,0,1
CCCTTGGTCCCGG,0,1
CCCTTGGTCCTTC,0,1
CCCTTGTCCGGTC,0,1
CCCTTGTCCTGGC,0,1
CCCTTGTCGGTTC,0,1
CCCTTGTGCTCCC,0,1
CCCTTGTGTGCTC,0,1
CCCTTGTTGCTCG,0,1
CCCTTGTTGCTGC,0,1
CCCTTTCCCTCTC,0,1
CCCTTTCCCTTTC,0,1
CCCTTTCCTGTCG,0,12
CCCTTTCCTTTCC,0,1
CCCTTTCCTTTGC,0,1
CCCTTTCGCTTCG,0,1
CCCTTTCTCCCCC,0,1
CCCTTTCTCCGCC,0,1
CCCTTTCTCCTTC,0,3
CCCTTTCTCTCTC,0,1
CCCTTTCTGCCTC,0,1
CCCTTTCTGCTCC,0,1
CCCTTTCTTTCCC,0,1
CCCTTTGCCCTCC,0,1
CCCTTTGCCCTTC,0,3
CCCTTTGCCTCCC,2,3
CCCTTTGCCTTCC,17,38
CCCTTTGCTCGTC,0,1
CCCTTTGCTGGCC,0,1
CCCTTTGCTGGCG,0,3
CCCTTTGCTGTCC,11,45
CCCTTTGCTGTTC,1,1
CCCTTTGGCTCTC,0,1
CCCTTTGTCCGCC,1,1
CCCTTTGTCGTCG,0,1
CCCTTTGTCTCCG,0,1
CCCTTTGTTGCGC,0,1
CCCTTTGTTGTCC,2,2
CCCTTTGTTTTCG,0,1
CCCTTTTCCTCCC,0,1
CCCTTTTCCTCTC,0,1
CCCTTTTCGCCGG,0,1
CCCTTTTCTGCGG,0,1
CCCTTTTCTTCGG,0,1
CCCTTTTCTTGTC,0,1
CCCTTTTGCGGGC,0,1
CCCTTTTGCGTCC,0,1
CCCTTTTGTTTTC,0,1
CCCTTTTTTGTGC,0,1
CCGAAAAAAAAAG,0,1
CCGAAAAACAAAA,0,1
CCGAAAAAGAACA,0,1
CCGAAAAAGGCGC,0,1
CCGAAAACAAAGG,0,1
CCGAAAACGCACA,0,1
CCGAAAACGGGAG,0,1
CCGAAAAGAAGAA,0,1
CCGAAAAGAGAAG,0,1
CCGAAACACACAG,0,1
CCGAAACACCCGC,1,1
CCGAAACACCGAC,0,1
CCGAAACACCGCC,0,1
CCGAAACAGAAAA,0,1
CCGAAACAGAGAA,3,5
CCGAAACGCGAGA,0,1
CCGAAAGAAACGA,0,1
CCGAAAGAGAAAA,0,1
CCGAAAGAGAAAC,0,1
CCGAAAGAGAGAC,0,1
CCGAAAGAGCAGC,0,1
CCGAAAGAGGAGA,0,1
CCGAAAGCGAACG,1,1
CCGAAAGGAAAAA,0,1
CCGAAAGGGCCAG,0,1
CCGAACAAAAAGA,0,1
CCGAACAAAGCAC,0,1
CCGAACAACCAAG,0,1
CCGAACAAGCCAC,0,1
CCGAACACAGGAC,0,1
CCGAACACGACAC,1,1
CCGAACAGGCGAA,1,1
CCGAACAGGGAAA,0,1
CCGAACAGGGAGA,0,1
CCGAACCAGAGAC,0,1
CCGAACCCAAGGA,0,1
CCGAACCCAGCGC,0,1
CCGAACCGAAAAA,0,1
CCGAACCGAACCG,1,3
CCGAACGAACCAC,0,1
CCGAACGACAGCG,0,1
CCGAACGACGCCA,0,1
CCGAACGAGAGAG,0,1
CCGAACGAGCCAC,0,1
CCGAACGGAACAA,0,1
CCGAACGGAGCCG,0,1
CCGAACGGAGGGA,0,2
CCGAAGAAACGCA,0,1
CCGAAGAAACGCC,0,1
CCGAAGAAACGCG,1,1
CCGAAGAAAGAAA,0,1
CCGAAGAACAGAG,0,1
CCGAAGAACCAAA,0,1
CCGAAGACAGAAG,1,1
CCGAAGACGAAGG,0,1
CCGAAGACGGAGG,0,1
CCGAAGAGAGAGA,0,1
CCGAAGAGCCCCC,0,1
CCGAAGAGGCAAG,0,1
CCGAAGCACACGA,0,1
CCGAAGCACACGC,0,1
CCGAAGCACCACG,0,1
CCGAAGCACGGAA,0,1
CCGAAGCCAAAGA,0,1
CCGAAGCCCACAG,0,1
CCGAAGCCGGGGC,0,1
CCGAAGCGAAAGG,0,1
CCGAAGCGCGGCG,0,2
CCGAAGCGGAGGA,1,1
CCGAAGGAACCAG,0,1
CCGAAGGAGAAGA,0,1
CCGAAGGCACAGA,0,1
CCGAAGGCCCAAG,0,1
CCGAAGGCCCCGC,0,1
CCGAAGGCGAGAA,2,2
CCGAAGGGAGCCC,1,1
CCGAAGGGCCCCA,0,1
CCGACAAAAAGCG,0,1
CCGACAAAACCGA,0,1
CCGACAACAAGCG,0,1
CCGACAAGAGGAG,0,1
CCGACAAGCAAGC,0,1
CCGACAAGGCGCG,0,1
CCGACACAAGAAA,0,2
CCGACACAAGAAG,0,1
CCGACACACCAAA,0,1
CCGACACAGACCC,0,1
CCGACACCAAAAG,0,1
CCGACACCAAGAG,0,1
CCGACACCACCCA,1,1
CCGACACCCCCGG,1,1
CCGACACCGCAAC,0,1
CCGACACCGGAAG,0,1
CCGACACCGGCGA,0,1
CCGACACGCACCC,4,4
CCGACAGAAAAAA,0,1
CCGACAGAACACC,0,1
CCGACAGAAGAGA,0,1
CCGACAGCAAACA,0,1
CCGACAGCACACA,0,2
CCGACAGCAGAAA,0,1
CCGACAGCAGCGC,0,3
CCGACAGCGGAGC,0,1
CCGACAGGAGCGG,0,1
CCGACAGGCCACC,0,1
CCGACAGGCCGAC,0,1
CCGACCACCCCGC,1,1
CCGACCCAACAGC,1,1
CCGACCCAACCCC,0,2
CCGACCCAAGCAG,0,1
CCGACCCACGCCG,0,1
CCGACCCAGCCAG,0,1
CCGACCCAGCCCC,0,1
CCGACCCCACCCA,1,1
CCGACCCCCAGCC,0,1
CCGACCCCCGCCG,0,1
CCGACCCCGCAGA,0,1
CCGACCCCGGCCA,0,1
CCGACCCGAGACC,0,1
CCGACCCGGCAGG,0,1
CCGACCCGGCCCC,0,1
CCGACCGAGAGAG,0,1
CCGACCGCCCGGC,0,1
CCGACCGCGCCGG,0,1
CCGACCGCGGAAA,0,1
CCGACCGGAGGGA,0,1
CCGACCGGCCCGA,0,1
CCGACCGGCCGGC,0,1
CCGACCGGGGGAA,0,1
CCGACGAAAGCAC,0,1
CCGACGACAAGCG,0,2
CCGACGACAGAGC,0,1
CCGACGACCGACA,0,1
CCGACGAGCAACG,0,1
CCGACGAGCAGCG,0,18
CCGACGAGCGAAG,0,1
CCGACGAGCGAGC,0,1
CCGACGCACAACC,0,1
CCGACGCAGGAGC,0,1
CCGACGCAGGGAC,0,1
CCGACGCCAGACG,0,1
CCGACGCCCGGAG,0,1
CCGACGCCCGGCG,0,1
CCGACGCCGCCCC,0,1
CCGACGCCGCCCG,0,1
CCGACGCCGGCAC,1,2
CCGACGCCGGCGA,1,2
CCGACGCGGAGAG,0,1
CCGACGCGGGGAA,1,1
CCGACGGAACGAG,0,1
CCGACGGACAGAC,0,1
CCGACGGACCGGC,1,1
CCGACGGAGACGC,0,1
CCGACGGAGAGGC,0,1
CCGACGGCAAGCG,0,1
CCGACGGCCAAAG,0,1
CCGACGGCCCGCA,0,1
CCGACGGCCGAGC,1,1
CCGACGGCCGGCA,0,1
CCGACGGCGACGC,0,1
CCGACGGGACGGA,0,5
CCGACGGGCAGCG,0,1
CCGACGGGCAGGC,0,1
CCGACGGGCCGGA,0,2
CCGACGGGGCGAC,0,1
CCGACGGGGCGCG,0,3
CCGACGGGGGCAA,0,1
CCGAGAAAAAAGA,0,1
CCGAGAAAAACAC,0,1
CCGAGAAAACCGC,0,1
CCGAGAAAAGAAC,0,1
CCGAGAAACGGAG,0,1
CCGAGAACACAAG,0,1
CCGAGAACAGAGA,0,1
CCGAGAACCACAG,0,1
CCGAGAACCACGA,0,1
CCGAGAACCGCAG,0,2
CCGAGAACGCGAG,1,1
CCGAGAAGAACAA,0,1
CCGAGAAGCGCGA,0,1
CCGAGAAGGGAAC,0,1
CCGAGACACAGAA,0,2
CCGAGACACCCGC,0,1
CCGAGACCGAGGC,0,1
CCGAGACGACGCA,0,1
CCGAGACGGCCGC,0,1
CCGAGACGGCGCA,0,1
CCGAGAGAAAACA,0,1
CCGAGAGAAGCAA,0,1
CCGAGAGACACAC,0,1
CCGAGAGAGACAG,0,1
CCGAGAGAGAGCA,0,1
CCGAGAGAGCGAG,0,1
CCGAGAGCAAAAA,0,1
CCGAGAGCCCAGC,0,1
CCGAGAGCGAGAG,0,1
CCGAGAGCGAGCG,0,1
CCGAGAGGAAGCA,0,1
CCGAGAGGCGACC,0,3
CCGAGAGGCGAGA,0,1
CCGAGAGGCGGAG,0,1
CCGAGAGGGAGAG,0,2
CCGAGCAAAAGCA,0,1
CCGAGCAAAGCAC,0,16
CCGAGCAAGGGCC,0,1
CCGAGCACAGCGA,0,1
CCGAGCACCACCA,0,1
CCGAGCAGACCGG,0,1
CCGAGCAGCAGAG,0,1
CCGAGCAGCCCCC,0,1
CCGAGCAGCCGAC,0,1
CCGAGCAGCCGCG,0,1
CCGAGCAGCCGGA,1,1
CCGAGCAGCGCGC,0,1
CCGAGCAGGAAAG,0,1
CCGAGCAGGAACC,0,1
CCGAGCCACAGCA,0,1
CCGAGCCACCCCA,0,2
CCGAGCCAGAGCA,0,1
CCGAGCCCCACAG,0,1
CCGAGCCCCAGCC,1,1
CCGAGCCCCCAGG,0,3
CCGAGCCCCCGCA,0,1
CCGAGCCCGACGC,2,2
CCGAGCCCGCGGC,0,1
CCGAGCCCGGCCC,0,1
CCGAGCCCGGCCG,0,2
CCGAGCCCGGGCC,1,1
CCGAGCCGAACGG,0,1
CCGAGCCGAGAAG,0,1
CCGAGCCGAGGAG,1,1
CCGAGCCGCCCCG,0,1
CCGAGCCGCCGCC,0,9
CCGAGCCGCGACC,0,4
CCGAGCCGGAAAC,0,1
CCGAGCCGGAGCA,0,1
CCGAGCCGGAGCG,0,3
CCGAGCCGGCCCA,0,1
CCGAGCCGGCCGG,0,1
CCGAGCCGGGCGC,0,1
CCGAGCGAAAAGA,1,1
CCGAGCGACGGGC,0,1
CCGAGCGAGGGCC,4,4
CCGAGCGCAGGCC,0,1
CCGAGCGCCGCAC,0,2
CCGAGCGCCGGCG,0,1
CCGAGCGCGGCCA,0,1
CCGAGCGGAAAGA,0,1
CCGAGCGGACGCC,1,1
CCGAGCGGACGGA,0,1
CCGAGCGGAGGAA,0,1
CCGAGCGGCCGGC,0,1
CCGAGCGGGCCGC,0,1
CCGAGCGGGCCGG,0,1
CCGAGCGGGGACA,0,1
CCGAGGAAAGGAA,0,1
CCGAGGAACGAAG,0,1
CCGAGGAAGGAAC,1,1
CCGAGGAAGGAAG,1,1
CCGAGGACAAGCA,0,1
CCGAGGACCAAAA,0,2
CCGAGGACCGAGC,0,1
CCGAGGACGGAGA,0,1
CCGAGGAGAAGCA,0,4
CCGAGGAGAGGCG,0,1
CCGAGGAGCAAGA,0,1
CCGAGGAGCAGGA,1,1
CCGAGGAGCCGCA,0,2
CCGAGGAGCCGCG,0,1
CCGAGGAGCGGGA,0,1
CCGAGGAGGACGA,1,1
CCGAGGAGGAGGC,0,1
CCGAGGAGGCGCC,0,1
CCGAGGAGGGAGC,0,1
CCGAGGAGGGAGG,0,15
CCGAGGAGGGGAC,0,2
CCGAGGCAAACCC,0,1
CCGAGGCACACCA,0,1
CCGAGGCAGACCC,0,4
CCGAGGCAGCAAG,0,1
CCGAGGCAGGACC,0,4
CCGAGGCCACCCA,1,1
CCGAGGCCAGACC,0,6
CCGAGGCCCCACG,1,1
CCGAGGCCCCCCC,0,1
CCGAGGCCCGACC,0,1
CCGAGGCCCGAGC,0,4
CCGAGGCCCGGAG,1,1
CCGAGGCCCGGGC,0,2
CCGAGGCCGGAGC,0,2
CCGAGGCCGGGAG,0,2
CCGAGGCGACGAC,1,1
CCGAGGCGGGCGA,0,1
CCGAGGGAACGAG,0,1
CCGAGGGACCGAC,8,17
CCGAGGGACGAGG,0,1
CCGAGGGAGCACC,0,1
CCGAGGGAGGACC,0,1
CCGAGGGAGGGAG,0,1
CCGAGGGAGGGCA,2,3
CCGAGGGCAAACA,0,1
CCGAGGGCAGGAA,1,1
CCGAGGGCCAAGA,1,1
CCGAGGGCCAGCG,0,1
CCGAGGGCCAGGA,1,1
CCGAGGGCCCAGG,0,1
CCGAGGGCCCCGG,0,1
CCGAGGGGACGCC,0,1
CCGAGGGGCCCGG,0,1
CCGAGGGGCGAGA,0,1
CCGAGGGGGAGAA,0,1
CCGAGGGGGCAAC,0,1
CCGCAAAAACCGG,0,1
CCGCAAAAGCGCC,0,1
CCGCAAAAGGGCA,0,1
CCGCAAAAGGGGA,0,1
CCGCAAACAACGA,0,1
CCGCAAACACAGC,0,1
CCGCAAACCAAAC,0,1
CCGCAAACCCCCG,0,1
CCGCAAAGAAGCC,0,1
CCGCAAAGACCCA,0,1
CCGCAAAGAGAGC,0,1
CCGCAACAAAGAG,0,1
CCGCAACAAGAAA,1,1
CCGCAACAAGGAG,0,2
CCGCAACACGAAA,0,2
CCGCAACAGCCCC,0,1
CCGCAACCCAACC,0,1
CCGCAACCGCAGG,0,1
CCGCAACGCGGAA,0,1
CCGCAAGAAAAAC,0,1
CCGCAAGAGGAAA,0,1
CCGCAAGAGGGGC,0,1
CCGCAAGCACCGC,0,1
CCGCAAGCAGACG,0,1
CCGCAAGCCCCGC,0,1
CCGCAAGCCGACC,0,1
CCGCACAACCAGC,1,1
CCGCACAAGCAAA,0,1
CCGCACACAGAGC,0,1
CCGCACACAGCAC,0,1
CCGCACAGGACCG,0,1
CCGCACCAACAGG,0,2
CCGCACCAAGAGA,0,1
CCGCACCAAGGCA,0,1
CCGCACCACGGCC,0,2
CCGCACCAGGGGC,0,1
CCGCACCCAACGC,0,1
CCGCACCCACCAA,0,1
CCGCACCCCGCGG,0,1
CCGCACCCGCCCG,0,1
CCGCACCGAAGGA,1,1
CCGCACCGACCGG,0,1
CCGCACCGCAACC,0,1
CCGCACCGCCCCG,0,1
CCGCACCGCGGCC,0,1
CCGCACCGGAGGC,0,1
CCGCACGACAACA,0,2
CCGCACGAGCAAA,0,1
CCGCACGCCGCCC,0,1
CCGCACGGAAAAC,0,1
CCGCACGGAAAGA,0,2
CCGCACGGAGGAA,0,1
CCGCACGGCACAC,0,1
CCGCACGGCAGCC,0,1
CCGCACGGCGAGG,0,1
CCGCACGGGCAGC,0,1
CCGCAGAAAGCCA,0,1
CCGCAGAAGACGC,0,1
CCGCAGAAGGACA,0,1
CCGCAGACACAGC,0,1
CCGCAGACCAAAG,0,1
CCGCAGACCACGC,1,1
CCGCAGACCCAGA,0,1
CCGCAGAGCAAAC,0,1
CCGCAGAGGCCGC,0,1
CCGCAGAGGGAGG,0,1
CCGCAGCACCCAG,0,1
CCGCAGCACGCCC,0,5
CCGCAGCAGCCAC,0,1
CCGCAGCAGGGAC,0,1
CCGCAGCCAGCCA,0,1
CCGCAGCCCCAGC,0,1
CCGCAGCCGCCGC,0,1
CCGCAGCCGGAGC,0,2
CCGCAGCGCAGGC,0,1
CCGCAGCGCCCAG,0,1
CCGCAGCGGAGCG,0,1
CCGCAGGAAGAAG,0,1
CCGCAGGACCCAG,0,1
CCGCAGGCCACCC,0,1
CCGCAGGCCACGC,0,2
CCGCAGGCCAGCG,0,1
CCGCAGGCCCCGC,1,1
CCGCAGGCCCGCA,0,1
CCGCAGGCCCGGC,1,1
CCGCAGGGAACCG,0,2
CCGCAGGGAAGGC,0,1
CCGCAGGGACGCG,0,1
CCGCAGGGAGGGA,0,1
CCGCAGGGCGAGG,0,1
CCGCAGGGGAGCC,0,1
CCGCAGGGGCGAC,0,1
CCGCCAAAACACA,0,1
CCGCCAAACACAA,0,1
CCGCCAAAGAAGA,0,1
CCGCCAAAGGAGA,0,8
CCGCCAACAAGGA,0,1
CCGCCAACAGCGC,0,1
CCGCCAACCGGAC,1,1
CCGCCAACGAGGA,0,1
CCGCCAAGGCAAG,0,3
CCGCCAAGGGAAG,0,2
CCGCCACAAGCAG,0,1
CCGCCACAGCGGC,0,1
CCGCCACCACAGA,0,1
CCGCCACCACCAC,0,1
CCGCCACCAGGAA,0,1
CCGCCACCCGAGC,3,3
CCGCCACCGCCAC,0,1
CCGCCACCGCCCC,0,1
CCGCCACCGCCGC,0,4
CCGCCACCGCGCC,0,1
CCGCCACCGCGCG,0,2
CCGCCACGGAAGC,0,1
CCGCCACGGACAG,0,1
CCGCCACGGACCG,0,1
CCGCCACGGGGGC,0,1
CCGCCAGCAAAGG,0,1
CCGCCAGCAAGAG,0,1
CCGCCAGCACCCA,0,1
CCGCCAGCACGGC,0,1
CCGCCAGCCGCCA,0,1
CCGCCAGCCGCCC,0,1
CCGCCAGCGCGCC,0,1
CCGCCAGCGGCAG,0,1
CCGCCAGCGGGGC,0,1
CCGCCAGGCCCCG,0,1
CCGCCAGGGACAA,0,1
CCGCCAGGGCACG,0,1
CCGCCAGGGCGCC,0,1
CCGCCAGGGGCGC,0,1
CCGCCCAAACACA,0,1
CCGCCCAAACCCA,0,1
CCGCCCAAACCCG,0,1
CCGCCCAACGCCG,0,1
CCGCCCAAGAAAC,0,1
CCGCCCAAGGCGC,0,1
CCGCCCACCCAGC,0,1
CCGCCCACCCCGC,0,1
CCGCCCACCGCCC,0,1
CCGCCCACGGAAC,1,1
CCGCCCACGGCCG,0,1
CCGCCCAGCCAGG,0,1
CCGCCCAGCGACC,0,1
CCGCCCAGCGCGG,0,1
CCGCCCCAACAGC,0,1
CCGCCCCAGCAGC,0,14
CCGCCCCAGCCGA,1,1
CCGCCCCCAAACC,0,7
CCGCCCCCAACAG,0,1
CCGCCCCCACCCC,0,1
CCGCCCCCAGGCC,1,2
CCGCCCCCCAAAA,0,1
CCGCCCCCCACAC,0,1
CCGCCCCCCAGGC,0,1
CCGCCCCCCCCCC,0,1
CCGCCCCCCCCGC,0,1
CCGCCCCCCCGCC,1,1
CCGCCCCCCCGCG,0,1
CCGCCCCCCCTGC,0,1
CCGCCCCCCCTTC,0,1
CCGCCCCCCGCAG,0,1
CCGCCCCCCGCCC,0,1
CCGCCCCCCGCCG,0,2
CCGCCCCCCGGAG,0,2
CCGCCCCCCGGGC,0,2
CCGCCCCCCTCCC,0,1
CCGCCCCCGCCCC,0,3
CCGCCCCCGCCCG,0,1
CCGCCCCCGCCGC,0,2
CCGCCCCCGCCGG,0,1
CCGCCCCCGCGCC,0,2
CCGCCCCCGCGTC,0,1
CCGCCCCCGGCCA,0,1
CCGCCCCCGGCCC,1,1
CCGCCCCCGGTTC,0,1
CCGCCCCCGTCCC,3,3
CCGCCCCCTCCCC,0,1
CCGCCCCCTGCCC,0,2
CCGCCCCCTTCGC,0,2
CCGCCCCGCAAGC,0,1
CCGCCCCGCCACC,0,1
CCGCCCCGCCCCC,0,2
CCGCCCCGCCCCG,0,4
CCGCCCCGCCCGG,2,2
CCGCCCCGCCGCG,1,1
CCGCCCCGCCGGC,0,1
CCGCCCCGCGACG,0,3
CCGCCCCGCGCCC,0,2
CCGCCCCGCGCCG,0,1
CCGCCCCGCGCGG,0,2
CCGCCCCGCGGCC,0,1
CCGCCCCGCGGGC,0,1
CCGCCCCGCTCCC,0,1
CCGCCCCGCTCCG,0,1
CCGCCCCGGCCAA,0,1
CCGCCCCGGCCCC,0,2
CCGCCCCGGCCGC,0,3
CCGCCCCGGGCCC,0,1
CCGCCCCGGGCCG,0,4
CCGCCCCGGGGCC,0,1
CCGCCCCGGGTGC,0,1
CCGCCCCGGGTTC,1,1
CCGCCCCGTCCCC,0,1
CCGCCCCGTCCCG,1,1
CCGCCCCGTTTTC,0,4
CCGCCCCTCCCCG,0,1
CCGCCCCTCCCGC,0,1
CCGCCCCTCCCGG,0,2
CCGCCCCTCGCTC,1,1
CCGCCCCTCTCCC,0,1
CCGCCCCTCTCTC,0,1
CCGCCCCTCTTGC,0,1
CCGCCCCTGCCTC,0,2
CCGCCCGAAACAC,1,1
CCGCCCGACCGCC,1,1
CCGCCCGACGAGG,0,1
CCGCCCGAGAGGA,0,1
CCGCCCGAGGCCC,1,1
CCGCCCGAGGGCA,0,1
CCGCCCGCACCGC,0,1
CCGCCCGCAGCCC,0,1
CCGCCCGCCACAA,1,1
CCGCCCGCCACAG,1,1
CCGCCCGCCCAAA,0,1
CCGCCCGCCCAAG,0,1
CCGCCCGCCCCCC,0,1
CCGCCCGCCCCCG,0,1
CCGCCCGCCCCGA,0,1
CCGCCCGCCCCGC,1,2
CCGCCCGCCCCGG,0,2
CCGCCCGCCCGCA,0,1
CCGCCCGCCCGCC,1,2
CCGCCCGCCCGCG,2,2
CCGCCCGCCCGGC,1,3
CCGCCCGCCCTCC,0,1
CCGCCCGCCGCCC,0,1
CCGCCCGCCGGAC,1,1
CCGCCCGCCGGCC,0,1
CCGCCCGCCGTCC,0,1
CCGCCCGCCTCCG,0,1
CCGCCCGCCTCGC,0,1
CCGCCCGCGCCCC,0,3
CCGCCCGCGCCGC,0,2
CCGCCCGCGCCGG,1,1
CCGCCCGCGCGCC,0,1
CCGCCCGCGGGCG,0,1
CCGCCCGCGGTCC,1,1
CCGCCCGCGTCCC,0,1
CCGCCCGCGTGCC,0,1
CCGCCCGCTGTCG,0,1
CCGCCCGGACAGC,0,2
CCGCCCGGACGAG,0,1
CCGCCCGGCAGAC,0,1
CCGCCCGGCCCCA,0,1
CCGCCCGGCCCCG,2,2
CCGCCCGGCCCGG,1,2
CCGCCCGGCCCTC,0,1
CCGCCCGGCCGAC,0,5
CCGCCCGGCCGCC,0,1
CCGCCCGGCCTGC,0,1
CCGCCCGGCGACA,0,1
CCGCCCGGCGCAG,0,1
CCGCCCGGCGCCC,0,1
CCGCCCGGCTCCG,0,1
CCGCCCGGCTGGC,0,1
CCGCCCGGGCACC,0,1
CCGCCCGGGCAGC,0,1
CCGCCCGGGCAGG,0,1
CCGCCCGGGCCCG,0,1
CCGCCCGGGCGAC,0,1
CCGCCCGGGCGCC,0,1
CCGCCCGGGCTCC,0,1
CCGCCCGGGCTGC,0,1
CCGCCCGGGGCCC,0,6
CCGCCCGGGGGCC,2,6
CCGCCCGGGGGGC,1,1
CCGCCCGTCCCTC,0,1
CCGCCCGTCCGCC,0,1
CCGCCCGTCCGCG,0,1
CCGCCCGTGCCCG,0,1
CCGCCCTCCCTCC,1,1
CCGCCCTCCCTTC,0,1
CCGCCCTCCGCGC,0,2
CCGCCCTCTTGTC,0,1
CCGCCCTGCCTCG,0,1
CCGCCCTGCGCCC,0,1
CCGCCCTGCTTCC,0,1
CCGCCCTGGCCCC,0,1
CCGCCCTGGGGCG,1,1
CCGCCCTTCCCGC,0,1
CCGCCCTTCTCTC,0,1
CCGCCCTTTCTCG,0,1
CCGCCGAACAACC,0,1
CCGCCGAACAGGC,1,2
CCGCCGACGCCGC,0,1
CCGCCGACGGCCC,0,1
CCGCCGAGCACGA,0,1
CCGCCGAGCAGCA,0,1
CCGCCGCACCAGG,0,1
CCGCCGCACCCGC,0,1
CCGCCGCACCGCC,0,1
CCGCCGCACGCCC,0,2
CCGCCGCACGGGC,0,1
CCGCCGCCAAAGG,0,1
CCGCCGCCACCAC,0,2
CCGCCGCCACCGC,0,3
CCGCCGCCCCCAA,0,7
CCGCCGCCCCCCC,0,2
CCGCCGCCCCCCG,0,1
CCGCCGCCCCCGC,0,3
CCGCCGCCCCCTC,0,1
CCGCCGCCCGAGC,0,2
CCGCCGCCCGAGG,1,1
CCGCCGCCCGCCC,2,3
CCGCCGCCCGGCC,0,5
CCGCCGCCCGTCC,0,1
CCGCCGCCCTGCC,0,1
CCGCCGCCCTTGC,0,1
CCGCCGCCGAACA,0,1
CCGCCGCCGCCAC,1,2
CCGCCGCCGCCCG,0,1
CCGCCGCCGCCGA,0,1
CCGCCGCCGCCGC,3,30
CCGCCGCCGCCGG,0,3
CCGCCGCCGCCTC,0,3
CCGCCGCCGCGCC,1,5
CCGCCGCCGCGCG,0,2
CCGCCGCCGCGGC,1,2
CCGCCGCCGCTGC,0,1
CCGCCGCCGGCCG,0,1
CCGCCGCCGGCGC,0,2
CCGCCGCCGGCGG,0,3
CCGCCGCCGGCTC,0,1
CCGCCGCCGGGCC,0,1
CCGCCGCCGGGCG,1,1
CCGCCGCCGTCGC,0,1
CCGCCGCCGTTCC,0,2
CCGCCGCCTCCGC,0,1
CCGCCGCCTCCGG,1,1
CCGCCGCCTCCTC,0,1
CCGCCGCCTCGCC,0,1
CCGCCGCCTGCCC,0,1
CCGCCGCCTGCCG,0,1
CCGCCGCCTGCTC,0,1
CCGCCGCCTTCCC,0,1
CCGCCGCGACAAG,0,11
CCGCCGCGACAGG,0,1
CCGCCGCGAGCGC,0,1
CCGCCGCGAGCGG,1,1
CCGCCGCGCACAA,0,1
CCGCCGCGCACCC,0,1
CCGCCGCGCCCGC,0,1
CCGCCGCGCCGCC,0,7
CCGCCGCGCCGCG,0,2
CCGCCGCGCCGGC,0,1
CCGCCGCGCGCGA,0,1
CCGCCGCGCGGTC,0,1
CCGCCGCGCTCCC,0,1
CCGCCGCGCTGCC,1,1
CCGCCGCGGACCG,0,1
CCGCCGCGGACGG,0,1
CCGCCGCGGAGCC,0,1
CCGCCGCGGCCCG,0,3
CCGCCGCGGCGCC,0,1
CCGCCGCGGGCCC,1,5
CCGCCGCGGGCCG,0,1
CCGCCGCGGGCTC,0,1
CCGCCGCGTCCCC,0,1
CCGCCGCGTCGCC,2,2
CCGCCGCGTGCCC,0,1
CCGCCGCTCCGCC,1,1
CCGCCGCTCCGGC,0,1
CCGCCGCTCCTCG,0,1
CCGCCGCTCGGTC,0,1
CCGCCGCTCTCTC,0,1
CCGCCGCTGCCCC,0,2
CCGCCGCTGCCTC,0,1
CCGCCGCTTGCTC,0,1
CCGCCGCTTTCCC,0,1
CCGCCGCTTTCGC,0,1
CCGCCGGAAGAAA,0,1
CCGCCGGACGCCA,0,1
CCGCCGGACGCCG,1,1
CCGCCGGAGACCG,0,1
CCGCCGGAGAGCC,0,1
CCGCCGGAGCCGC,0,1
CCGCCGGAGGAGC,0,1
CCGCCGGAGGAGG,0,1
CCGCCGGCAGCAC,0,1
CCGCCGGCCACGC,0,1
CCGCCGGCCGCAC,1,1
CCGCCGGCCGCCA,0,1
CCGCCGGCCGCCG,0,1
CCGCCGGCCGGAG,0,1
CCGCCGGCCGGGC,0,1
CCGCCGGCCGTCG,0,1
CCGCCGGCGCCGG,0,1
CCGCCGGCGCGCC,0,1
CCGCCGGCGCGCG,0,2
CCGCCGGCGCGGA,0,1
CCGCCGGCGCTTC,0,1
CCGCCGGCGGGCC,0,3
CCGCCGGCGGGCG,0,1
CCGCCGGCGTCGC,0,1
CCGCCGGGAACGC,0,1
CCGCCGGGCCGCC,0,1
CCGCCGGGCCGGA,0,1
CCGCCGGGCCGTC,0,1
CCGCCGGGCCTTC,1,1
CCGCCGGGCGCAC,0,2
CCGCCGGGCGCCG,1,1
CCGCCGGGCGCGC,0,1
CCGCCGGGCTCCC,1,3
CCGCCGGGGCACG,0,1
CCGCCGGGGCCAG,0,1
CCGCCGGGGCCCC,0,1
CCGCCGGGGCCGG,0,3
CCGCCGGGGGCCC,0,1
CCGCCGGGGGCCG,0,1
CCGCCGGGTCCCC,0,1
CCGCCGGGTCTCC,0,1
CCGCCGGGTGCCG,0,1
CCGCCGGGTGTCC,0,1
CCGCCGGTCTCTC,0,1
CCGCCGGTGCGCC,0,1
CCGCCGGTGTGCC,0,1
CCGCCGTCCGGGC,0,1
CCGCCGTCCTGCC,0,1
CCGCCGTCGCCGC,0,2
CCGCCGTCGTCGC,0,1
CCGCCGTCGTTCG,0,1
CCGCCGTCTCTCG,1,1
CCGCCGTTCCCGC,0,1
CCGCCGTTCCTGC,0,1
CCGCCGTTGCCGC,0,1
CCGCCTCCCCGTC,0,1
CCGCCTCCCCTCC,0,1
CCGCCTCCCGTGC,0,1
CCGCCTCCGCCGC,2,3
CCGCCTCCGGGCC,1,1
CCGCCTCCGTCTC,0,1
CCGCCTCCTCCCC,0,1
CCGCCTCCTCCTC,1,1
CCGCCTCCTGTCC,0,1
CCGCCTCCTGTGC,0,1
CCGCCTCCTTTTC,0,1
CCGCCTCGCGCCC,1,1
CCGCCTCGGTGCC,0,1
CCGCCTCGTCCGG,1,1
CCGCCTCTCTCCC,0,1
CCGCCTCTCTTCC,0,1
CCGCCTCTTCCGC,0,2
CCGCCTCTTTCCC,0,1
CCGCCTGCCCCCC,0,1
CCGCCTGCCCCGC,0,1
CCGCCTGCCGGCC,1,1
CCGCCTGCGGTGC,0,1
CCGCCTGCGTGTC,1,1
CCGCCTGCTCGCC,0,1
CCGCCTGCTCGCG,0,1
CCGCCTGGCCGGC,0,1
CCGCCTGGCGTGC,0,1
CCGCCTGGGCCCC,0,1
CCGCCTGGTCGCG,0,1
CCGCCTGTCTTCC,0,1
CCGCCTTCGCTTC,0,1
CCGCCTTCTCCGG,0,1
CCGCCTTGCCGGC,0,1
CCGCCTTGGGTCG,0,1
CCGCCTTTCGCGC,0,1
CCGCCTTTTTCCC,0,3
CCGCGAACCAAGA,0,1
CCGCGAAGCACGC,0,1
CCGCGACACACGA,0,1
CCGCGACAGAGCC,0,1
CCGCGACAGGCAC,0,1
CCGCGACCACGAG,0,1
CCGCGACCCCGCG,1,1
CCGCGACCCGCGG,0,4
CCGCGACCGAGCC,0,1
CCGCGACGAGCCC,0,11
CCGCGAGCAAGCG,0,1
CCGCGAGCCCAGA,0,1
CCGCGAGCCGCGC,0,1
CCGCGAGGAGAAA,0,1
CCGCGAGGCCACC,0,1
CCGCGAGGCGCCG,0,1
CCGCGAGGGGAGA,0,1
CCGCGCAACCCCC,0,1
CCGCGCACCCGAG,0,1
CCGCGCACGACAG,0,1
CCGCGCACGGCGC,0,1
CCGCGCAGACCGC,0,1
CCGCGCAGCAGCA,0,1
CCGCGCAGCCACC,0,1
CCGCGCAGCCCCC,0,2
CCGCGCAGCCCGG,1,1
CCGCGCAGCCGCC,0,1
CCGCGCAGGCCGA,0,1
CCGCGCCACCGCG,0,1
CCGCGCCCCCCCA,0,1
CCGCGCCCCCCGG,0,3
CCGCGCCCCCCTC,0,1
CCGCGCCCCCGCC,1,3
CCGCGCCCCCGTC,0,1
CCGCGCCCCGCAC,1,1
CCGCGCCCCGCCC,0,1
CCGCGCCCCGCGC,2,2
CCGCGCCCCGGCG,0,1
CCGCGCCCGCCCC,0,1
CCGCGCCCGCCGG,0,2
CCGCGCCCGCGCC,0,1
CCGCGCCCGGTCC,0,1
CCGCGCCCGTCTC,0,1
CCGCGCCCTCCGC,0,1
CCGCGCCCTGCCG,0,1
CCGCGCCCTGCGC,0,1
CCGCGCCCTGGCC,0,1
CCGCGCCGACACC,0,1
CCGCGCCGACCGC,0,1
CCGCGCCGAGCCC,0,1
CCGCGCCGCAAAA,1,3
CCGCGCCGCACCC,0,1
CCGCGCCGCCACC,0,2
CCGCGCCGCCGCC,0,6
CCGCGCCGCCTCC,0,1
CCGCGCCGCGCCC,0,2
CCGCGCCGCGGCC,0,2
CCGCGCCGGCAGG,0,1
CCGCGCCGGCCCG,0,1
CCGCGCCGGCGCC,0,1
CCGCGCCGGGCCC,0,1
CCGCGCCGGGTGC,0,1
CCGCGCCGGTGCC,0,1
CCGCGCCGTCGGC,0,1
CCGCGCCGTGTGC,0,1
CCGCGCCTGCCGC,0,1
CCGCGCCTGGGCC,0,3
CCGCGCCTGTCCC,0,1
CCGCGCGACGCAA,0,1
CCGCGCGACGGGC,0,1
CCGCGCGAGAGCG,0,1
CCGCGCGCCTGCC,0,1
CCGCGCGCGACGG,0,1
CCGCGCGCGCCCC,0,3
CCGCGCGCGCCGG,0,1
CCGCGCGCGCGCC,0,1
CCGCGCGCGCGCG,0,1
CCGCGCGCGGACA,0,1
CCGCGCGCGGCCC,0,2
CCGCGCGCGGGGC,0,1
CCGCGCGCGTTCC,0,2
CCGCGCGCGTTGC,0,1
CCGCGCGCTCCCG,0,3
CCGCGCGCTCTGC,0,1
CCGCGCGGAAAGC,0,1
CCGCGCGGCAAGC,0,1
CCGCGCGGCCCGC,0,3
CCGCGCGGCGGCG,0,1
CCGCGCGGCTCGC,0,1
CCGCGCGGCTGTC,0,1
CCGCGCGGGCAAA,0,1
CCGCGCGGGCCGC,0,1
CCGCGCGGTCTCC,0,1
CCGCGCGGTGGCG,0,1
CCGCGCGGTTCTC,0,1
CCGCGCTCCCCGC,0,1
CCGCGCTCCCGTC,0,1
CCGCGCTCCCTGC,0,1
CCGCGCTCCGCTC,1,2
CCGCGCTGCCCCC,1,1
CCGCGCTGCCCGC,0,1
CCGCGCTGCCTGC,0,1
CCGCGCTGGCGTC,0,1
CCGCGCTGGGGCC,0,1
CCGCGCTTCCTCC,1,1
CCGCGCTTCGGCC,0,2
CCGCGCTTTCTCG,0,1
CCGCGGAAACGCG,0,1
CCGCGGAAAGCAC,0,9
CCGCGGAAGAAGG,0,1
CCGCGGAAGGACC,0,1
CCGCGGAAGGCGC,0,1
CCGCGGACCGAAA,0,1
CCGCGGACGGAAG,0,1
CCGCGGAGCCGCC,0,2
CCGCGGAGGAAGG,0,1
CCGCGGAGGAGCG,0,1
CCGCGGAGGGAGC,0,1
CCGCGGAGGGCAA,0,1
CCGCGGCAAAAAA,0,1
CCGCGGCAACCAC,0,1
CCGCGGCACACGG,0,1
CCGCGGCAGCGGC,0,1
CCGCGGCAGGGGC,0,1
CCGCGGCCAAGAG,0,1
CCGCGGCCACGCC,0,1
CCGCGGCCCCCGG,0,1
CCGCGGCCCGCCG,0,1
CCGCGGCCCGGCC,0,1
CCGCGGCCCGGGC,0,1
CCGCGGCCCTGGC,0,1
CCGCGGCCGCGCC,0,1
CCGCGGCCGCGCG,0,2
CCGCGGCCGGAGC,0,1
CCGCGGCCGGCAG,0,1
CCGCGGCCGGGCG,0,1
CCGCGGCCTGCTC,0,1
CCGCGGCCTGGGC,0,1
CCGCGGCCTTCCG,0,1
CCGCGGCGACAGC,0,1
CCGCGGCGACGAG,0,1
CCGCGGCGACGGA,0,1
CCGCGGCGCCCCA,0,1
CCGCGGCGCCCCG,2,2
CCGCGGCGCCCGG,1,2
CCGCGGCGCCCTC,0,1
CCGCGGCGCCGCC,0,2
CCGCGGCGCCGGC,0,1
CCGCGGCGCGCAA,0,2
CCGCGGCGCGGCA,0,1
CCGCGGCGCTCCC,0,2
CCGCGGCGCTGCC,0,3
CCGCGGCGGAGCC,0,1
CCGCGGCGGCCCC,0,1
CCGCGGCGGCCGC,0,2
CCGCGGCGGCCGG,0,2
CCGCGGCGGCGGC,1,3
CCGCGGCGGCGTC,0,1
CCGCGGCGGGCCG,1,2
CCGCGGCGGGGAA,0,1
CCGCGGCGGGGAC,0,1
CCGCGGCGGGGCC,0,1
CCGCGGCGTCCCG,0,1
CCGCGGCTCCCCC,0,2
CCGCGGCTCCGGC,0,1
CCGCGGCTGCTCG,0,1
CCGCGGCTGGTCC,0,1
CCGCGGCTTCCCC,0,1
CCGCGGCTTCGCC,0,1
CCGCGGGACCCGG,1,1
CCGCGGGACCGCC,0,2
CCGCGGGACCGGC,0,1
CCGCGGGACGCCG,0,1
CCGCGGGACGCGC,0,1
CCGCGGGAGAAAA,0,1
CCGCGGGAGACGG,0,1
CCGCGGGAGAGCC,0,1
CCGCGGGAGAGGA,0,1
CCGCGGGAGCCCG,0,1
CCGCGGGAGCCGC,0,1
CCGCGGGAGGCGC,0,1
CCGCGGGCACAGG,0,1
CCGCGGGCCAAGG,0,1
CCGCGGGCCCCCC,0,1
CCGCGGGCCCGGC,0,1
CCGCGGGCCCTGC,0,1
CCGCGGGCCGCGC,0,1
CCGCGGGCCGGCG,0,1
CCGCGGGCCTGGC,0,3
CCGCGGGCGGGCG,1,1
CCGCGGGCGGGGC,0,1
CCGCGGGCTCCGC,0,2
CCGCGGGCTCGGC,0,1
CCGCGGGCTGCGC,0,1
CCGCGGGGAGAGC,0,1
CCGCGGGGAGCGC,0,1
CCGCGGGGAGGAG,0,1
CCGCGGGGCCCCC,0,2
CCGCGGGGCCCGG,1,2
CCGCGGGGCCGCC,0,7
CCGCGGGGCGGCC,0,1
CCGCGGGGCGGCG,0,1
CCGCGGGGCGGGA,0,1
CCGCGGGGCGGGC,0,1
CCGCGGGGGCGGC,0,1
CCGCGGGGGGGAG,0,1
CCGCGGGGGGGCG,0,1
CCGCGGGGTCCCC,0,1
CCGCGGGGTCTCC,0,1
CCGCGGGGTGGGC,0,1
CCGCGGGTCCTTC,0,1
CCGCGGGTTGGGC,0,1
CCGCGGTCCCCGC,0,1
CCGCGGTCCGCTC,1,1
CCGCGGTCGGCCG,0,1
CCGCGGTCTGTCG,0,5
CCGCGGTGCCCGG,0,1
CCGCGGTGCCCTC,0,1
CCGCGGTGCTTGC,2,6
CCGCGGTGGCGGC,0,1
CCGCGGTGTTCGC,0,1
CCGCGGTTCTGTC,1,1
CCGCGGTTGCCCG,0,1
CCGCGGTTGGCCC,0,1
CCGCGGTTGGGCC,0,1
CCGCGGTTTGCCG,1,1
CCGCGGTTTGGCC,0,1
CCGCGTCCCGGGC,1,1
CCGCGTCCCGTCC,7,17
CCGCGTCCCTCGC,0,1
CCGCGTCCCTGCG,0,1
CCGCGTCCGGCCG,0,1
CCGCGTCCTCCGC,0,1
CCGCGTCGCCGGC,1,2
CCGCGTCGCGCCG,0,1
CCGCGTCTCCGGC,0,1
CCGCGTGCCGGCC,0,1
CCGCGTGCCTCCG,0,1
CCGCGTGCGTGCC,0,1
CCGCGTGCTCGTC,0,1
CCGCGTGCTGGCG,0,1
CCGCGTGCTGTGC,0,1
CCGCGTGGCCCGG,0,1
CCGCGTGGTGGCC,0,1
CCGCGTTCTTCCC,1,1
CCGCGTTGCGGCC,0,1
CCGCGTTGTTCCG,0,1
CCGCGTTGTTTGC,0,1
CCGCGTTTCCGCG,0,1
CCGCTCCCCCCGC,0,2
CCGCTCCCCGCCC,0,1
CCGCTCCCCTCCC,1,1
CCGCTCCCGCCCC,1,2
CCGCTCCCGCCGC,0,2
CCGCTCCCTCCCG,1,1
CCGCTCCCTCCGC,1,1
CCGCTCCGCCCGC,1,1
CCGCTCCGCCTCC,0,5
CCGCTCCGCCTTC,1,1
CCGCTCCGCGTCC,0,1
CCGCTCCGCTCCC,0,2
CCGCTCCGCTCCG,2,7
CCGCTCCGGCCTC,0,2
CCGCTCCGGCGCC,0,2
CCGCTCCGGCTCC,0,1
CCGCTCCGGCTCG,0,3
CCGCTCCGGGCCC,1,1
CCGCTCCGGGCTC,0,4
CCGCTCCGTCCCC,0,1
CCGCTCCGTCTGC,0,1
CCGCTCCGTGCTC,0,1
CCGCTCCGTTTTC,0,2
CCGCTCCTCCCGC,1,2
CCGCTCCTCCCGG,0,1
CCGCTCCTCCGCG,0,1
CCGCTCCTCCTCC,1,2
CCGCTCCTCGTCC,1,2
CCGCTCCTCTCCG,0,1
CCGCTCCTGGGGC,0,3
CCGCTCCTTCTCC,0,1
CCGCTCCTTGTCC,0,1
CCGCTCGCCCGCC,0,1
CCGCTCGCCGCCG,2,3
CCGCTCGCGCCGG,0,1
CCGCTCGGCCGTC,1,1
CCGCTCGGCTCCG,0,1
CCGCTCGGGTCCG,1,1
CCGCTCGGGTCGC,0,1
CCGCTCGGTCTCG,0,2
CCGCTCGTGGTCG,0,1
CCGCTCTCCCCTC,0,1
CCGCTCTCGCGCG,0,1
CCGCTCTCGCTCC,1,1
CCGCTCTCTTGGC,0,1
CCGCTCTGCGCTC,0,1
CCGCTCTGCTCCC,0,1
CCGCTCTGCTTCC,1,1
CCGCTCTGGCTTC,0,1
CCGCTCTTCTTTC,0,1
CCGCTCTTTCTCC,0,1
CCGCTCTTTTGGC,0,1
CCGCTGCCCCCCC,0,1
CCGCTGCCCCCGC,0,1
CCGCTGCCCGTGC,0,1
CCGCTGCCGCCGC,0,1
CCGCTGCCGCGGC,0,1
CCGCTGCCGCTGC,0,3
CCGCTGCCGTCCC,0,1
CCGCTGCCGTGCG,0,1
CCGCTGCCTCTCG,0,2
CCGCTGCGCGTCC,0,1
CCGCTGCGCTCGC,0,1
CCGCTGCGTGCCG,0,2
CCGCTGCTCTGGC,0,1
CCGCTGCTGCTCC,0,1
CCGCTGGCGGCCG,0,1
CCGCTGGGCTGCC,1,1
CCGCTGGGTGTCC,0,1
CCGCTGTCCCTCC,0,1
CCGCTGTCGCTCC,0,1
CCGCTGTCGTGCC,0,1
CCGCTGTCTTCTC,0,1
CCGCTGTGCCCCC,0,1
CCGCTGTGCCCCG,0,1
CCGCTGTGCTCTC,0,5
CCGCTGTGCTGCG,1,1
CCGCTGTGGGTCC,0,1
CCGCTGTGTGCTC,0,11
CCGCTGTTGCTGC,1,1
CCGCTTCCCCGTC,0,1
CCGCTTCCCCTCC,1,1
CCGCTTCCCGGCC,0,1
CCGCTTCCCGTCC,0,1
CCGCTTCCCTCCC,0,1
CCGCTTCCCTCCG,1,1
CCGCTTCCCTTCC,0,2
CCGCTTCCGCGCC,0,1
CCGCTTCCTCCCG,0,1
CCGCTTCCTCCTC,0,1
CCGCTTCCTCTCG,0,1
CCGCTTCCTCTTC,0,1
CCGCTTCCTGCCC,0,1
CCGCTTCCTGGCG,0,1
CCGCTTCTCGCCC,0,1
CCGCTTCTTCTTC,0,1
CCGCTTGCCCCCG,0,1
CCGCTTGCTCGCG,0,1
CCGCTTGGTTCCG,0,3
CCGCTTGTCCCGG,0,1
CCGCTTGTTGCCC,0,1
CCGCTTTCGCCGC,0,1
CCGCTTTGCTGCC,0,1
CCGCTTTGGGTCG,0,1
CCGCTTTGTCTTC,0,1
CCGCTTTTCCCTC,0,1
CCGCTTTTCTGCC,1,1
CCGCTTTTCTTTC,0,1
CCGCTTTTGGCCG,0,1
CCGCTTTTGGTGC,0,1
CCGCTTTTTCCGC,1,1
CCGGAAAAGAACA,0,1
CCGGAAACAACCC,0,2
CCGGAAACCACGC,0,1
CCGGAAACCAGGA,1,1
CCGGAAAGAAACG,0,1
CCGGAAAGAGGAG,0,1
CCGGAAAGGGCCC,0,1
CCGGAAAGGGGAG,1,2
CCGGAACAACGCG,0,1
CCGGAACACACCC,0,2
CCGGAACCAAGCG,0,3
CCGGAACCAGCCG,0,1
CCGGAACCCAAAC,0,1
CCGGAACCCAAAG,1,1
CCGGAACCGGGGA,0,1
CCGGAACGCCGCA,1,1
CCGGAACGGGCCC,0,1
CCGGAAGAACAAA,1,2
CCGGAAGAAGAAG,0,1
CCGGAAGAAGCGA,0,1
CCGGAAGAGAAGA,0,1
CCGGAAGAGGAAA,1,1
CCGGAAGCAACCA,0,1
CCGGAAGCCCCGG,1,1
CCGGAAGCGAGGA,0,1
CCGGAAGGACCCG,0,1
CCGGAAGGGGGGC,0,1
CCGGACAACAAGA,0,1
CCGGACAAGCACG,0,1
CCGGACAAGGACA,0,1
CCGGACAAGGGAA,0,1
CCGGACACCCAGG,1,1
CCGGACACGACAC,0,1
CCGGACACGACGC,1,1
CCGGACACGGGCG,0,1
CCGGACAGAAAAC,0,1
CCGGACAGCAGCC,0,1
CCGGACAGCGCGC,0,2
CCGGACAGGAAAG,0,1
CCGGACAGGCCGA,0,1
CCGGACAGGGCCC,0,1
CCGGACCAGACGC,0,1
CCGGACCAGGAGG,0,1
CCGGACCCAGAAG,0,1
CCGGACCCGAAGA,0,1
CCGGACCGCCAGC,0,1
CCGGACCGCCGGC,0,1
CCGGACCGCGCAG,0,1
CCGGACCGCGCCA,0,1
CCGGACCGCGGCC,0,1
CCGGACGAACGAC,0,1
CCGGACGACGGAG,1,1
CCGGACGAGAACC,0,1
CCGGACGAGACAC,0,2
CCGGACGCAAAAG,0,1
CCGGACGCCGGGA,1,1
CCGGACGCGCCGA,0,1
CCGGACGGAGGGA,0,1
CCGGACGGCGGCA,0,1
CCGGAGAAGCGCG,0,1
CCGGAGAAGGAAA,0,1
CCGGAGACAGAAC,0,1
CCGGAGACCGCCA,0,1
CCGGAGACGCCGG,0,1
CCGGAGACGCGGC,0,1
CCGGAGACGGGGA,0,1
CCGGAGAGCAGAC,0,1
CCGGAGAGGAGCG,0,1
CCGGAGCAAAGCA,0,1
CCGGAGCAACGCA,0,1
CCGGAGCACACGG,0,1
CCGGAGCACGGCC,0,2
CCGGAGCAGCAGC,0,1
CCGGAGCAGCCAA,0,1
CCGGAGCCAGAGA,0,1
CCGGAGCCAGAGG,0,1
CCGGAGCCCACAG,0,2
CCGGAGCCCCAGC,0,1
CCGGAGCCCCGCA,0,1
CCGGAGCCCCGGC,0,1
CCGGAGCCCGAAC,0,1
CCGGAGCCGAGAA,0,1
CCGGAGCCGAGCC,0,3
CCGGAGCCGCAGA,0,1
CCGGAGCCGGCCC,0,8
CCGGAGCCGGCCG,0,1
CCGGAGCCGGGGC,0,2
CCGGAGCGGACAG,0,1
CCGGAGCGGAGCG,0,1
CCGGAGCGGAGGA,0,2
CCGGAGCGGCCAG,0,1
CCGGAGCGGCGAC,0,1
CCGGAGCGGGGCA,0,1
CCGGAGGAAGAGA,0,1
CCGGAGGACCCGG,0,2
CCGGAGGAGAGAC,0,1
CCGGAGGAGCCCG,1,1
CCGGAGGAGCCGC,0,2
CCGGAGGAGGCCC,0,1
CCGGAGGCACAGA,0,1
CCGGAGGCACGCG,0,1
CCGGAGGCCACCC,0,1
CCGGAGGCCCCGC,0,5
CCGGAGGCGCCAG,0,1
CCGGAGGGACAGA,0,1
CCGGAGGGACCCC,0,1
CCGGAGGGACGCA,0,10
CCGGAGGGAGCAA,0,1
CCGGAGGGAGCCA,0,1
CCGGAGGGCCCCC,0,8
CCGGAGGGCGGGC,0,1
CCGGAGGGGGAGA,0,1
CCGGAGGGGGAGG,0,1
CCGGCAAAACCGA,0,1
CCGGCAAAAGGAG,0,1
CCGGCAAAGACAC,0,1
CCGGCAAAGGGAG,0,1
CCGGCAACGGCGC,1,1
CCGGCAAGAACAA,0,1
CCGGCAAGCAACC,0,1
CCGGCAAGGCGGC,0,1
CCGGCAAGGGACA,0,1
CCGGCACACCGCC,0,1
CCGGCACAGAAGA,0,1
CCGGCACAGAGCG,1,4
CCGGCACAGGCAC,0,1
CCGGCACCACCCC,0,1
CCGGCACCACGCA,0,1
CCGGCACCGCCCG,0,1
CCGGCACCGCCGC,0,1
CCGGCACCGGAGG,0,1
CCGGCACCGGCAG,0,1
CCGGCACGCGCAC,0,1
CCGGCACGGCACG,0,2
CCGGCACGGCCAA,0,1
CCGGCAGACAGGC,1,1
CCGGCAGACGGGC,0,1
CCGGCAGAGGAGG,0,1
CCGGCAGCACCGA,0,1
CCGGCAGCAGCGA,0,1
CCGGCAGCCAACC,0,1
CCGGCAGCCACGG,0,1
CCGGCAGCCCCAG,0,1
CCGGCAGCCCCCG,0,1
CCGGCAGCCGCCG,0,1
CCGGCAGCCGGCG,0,1
CCGGCAGCGCAAG,0,1
CCGGCAGCGCCAA,0,1
CCGGCAGCGCCGG,0,1
CCGGCAGCGCGCC,0,1
CCGGCAGGAACAA,0,1
CCGGCAGGACAAA,1,1
CCGGCAGGCCCCA,0,1
CCGGCAGGGAGCG,0,1
CCGGCAGGGCGCG,0,1
CCGGCAGGGGGCG,0,1
CCGGCCAAAACCC,0,1
CCGGCCAAGAGAG,0,1
CCGGCCAAGGCGC,1,1
CCGGCCACACAGC,0,1
CCGGCCACCCCAG,0,1
CCGGCCACCGAGG,0,2
CCGGCCACGGCAG,0,1
CCGGCCAGCCAGG,0,1
CCGGCCAGCGCGA,0,1
CCGGCCAGCGGCG,0,1
CCGGCCAGCGGGA,0,1
CCGGCCAGGAGCC,0,2
CCGGCCAGGCGGA,0,1
CCGGCCAGGGGAA,0,1
CCGGCCCAAACGC,0,1
CCGGCCCAACCGC,0,1
CCGGCCCAAGAAA,0,1
CCGGCCCAAGAGG,0,1
CCGGCCCACGCCA,0,1
CCGGCCCAGGCCC,0,1
CCGGCCCCAAGCA,0,6
CCGGCCCCACGCG,0,1
CCGGCCCCAGCGC,0,1
CCGGCCCCAGGAG,0,3
CCGGCCCCCCCCC,1,2
CCGGCCCCCCCGC,0,1
CCGGCCCCCCCGG,0,5
CCGGCCCCCCGGC,0,1
CCGGCCCCCGCCC,0,2
CCGGCCCCCGGCG,0,1
CCGGCCCCCTCCC,0,1
CCGGCCCCCTCTC,0,1
CCGGCCCCGCCAA,0,1
CCGGCCCCGCCCG,3,6
CCGGCCCCGCGAC,0,1
CCGGCCCCGCGCC,0,1
CCGGCCCCGCTCC,0,1
CCGGCCCCGGTGC,0,1
CCGGCCCCTGCCG,0,1
CCGGCCCCTGCGC,0,1
CCGGCCCGACCCA,0,1
CCGGCCCGAGAGG,0,1
CCGGCCCGCCAGC,0,1
CCGGCCCGCCCGC,0,2
CCGGCCCGCCCGG,0,1
CCGGCCCGCCTTC,0,1
CCGGCCCGCGGCG,0,1
CCGGCCCGCGGGA,0,1
CCGGCCCGGCAGG,0,1
CCGGCCCGGCCCC,0,1
CCGGCCCGGCCCG,0,3
CCGGCCCGGCCGG,0,1
CCGGCCCGGCGCC,0,1
CCGGCCCGGGGCC,1,2
CCGGCCCTCCCGC,0,1
CCGGCCCTCCGCG,0,2
CCGGCCCTCGCCC,0,1
CCGGCCCTCGGCG,0,2
CCGGCCCTCGTCG,1,1
CCGGCCCTGGCCC,0,1
CCGGCCCTGGGCC,0,1
CCGGCCCTTTTTC,0,1
CCGGCCGACGACA,0,1
CCGGCCGACGGGA,0,5
CCGGCCGAGAAGG,0,1
CCGGCCGAGGCGA,0,1
CCGGCCGCACCGC,0,1
CCGGCCGCACGCC,0,1
CCGGCCGCAGCGC,0,1
CCGGCCGCCACCG,0,1
CCGGCCGCCACGC,0,1
CCGGCCGCCCCCA,0,1
CCGGCCGCCCCCG,0,1
CCGGCCGCCCCGC,0,1
CCGGCCGCCGCCG,0,3
CCGGCCGCCGCGC,0,1
CCGGCCGCCGGCC,0,1
CCGGCCGCCGGCG,0,3
CCGGCCGCCGGTC,0,1
CCGGCCGCCTGCG,1,1
CCGGCCGCGAGGA,0,1
CCGGCCGCGCAGC,0,1
CCGGCCGCGCCCC,1,3
CCGGCCGCGCCCG,0,1
CCGGCCGCGCGCG,0,2
CCGGCCGCGGCAG,0,2
CCGGCCGCGGCCC,0,1
CCGGCCGCGGCGC,0,1
CCGGCCGCGGGGC,0,2
CCGGCCGCGGTGC,0,1
CCGGCCGCTCCCG,1,1
CCGGCCGGAACGC,1,1
CCGGCCGGACAGA,0,1
CCGGCCGGACGCG,0,1
CCGGCCGGAGACA,0,1
CCGGCCGGAGCAC,0,1
CCGGCCGGAGCAG,0,1
CCGGCCGGAGCCA,0,1
CCGGCCGGAGCCC,0,1
CCGGCCGGAGCGA,0,1
CCGGCCGGCAAAA,0,1
CCGGCCGGCAAGC,0,1
CCGGCCGGCAGCC,0,1
CCGGCCGGCCCCG,0,1
CCGGCCGGCCCGC,0,1
CCGGCCGGCCGGA,0,1
CCGGCCGGCCGGC,0,11
CCGGCCGGCCGTC,0,1
CCGGCCGGCGAGG,0,1
CCGGCCGGCGCGC,0,1
CCGGCCGGCGGCC,0,1
CCGGCCGGCTCCG,0,1
CCGGCCGGCTGGC,0,1
CCGGCCGGGAACG,0,1
CCGGCCGGGAAGC,0,1
CCGGCCGGGCAAC,0,1
CCGGCCGGGCCCG,0,1
CCGGCCGGGCGTC,0,1
CCGGCCGGGCTCG,0,2
CCGGCCGGGGCGA,0,1
CCGGCCGGGGGTC,0,1
CCGGCCGGTCCCG,0,1
CCGGCCGGTCTCG,0,1
CCGGCCGGTGGTC,0,1
CCGGCCGGTGTCG,0,1
CCGGCCGTCCCCG,0,1
CCGGCCGTGGGCG,0,1
CCGGCCGTGTCCG,0,1
CCGGCCTCCCCCC,0,1
CCGGCCTCCCCCG,0,2
CCGGCCTCCCCTC,0,1
CCGGCCTCCGTCC,0,1
CCGGCCTCCTTCC,0,1
CCGGCCTCGCCGC,0,1
CCGGCCTCTCGCC,0,1
CCGGCCTCTCGGC,0,1
CCGGCCTCTTCGC,0,1
CCGGCCTCTTGCC,0,1
CCGGCCTGCCCTC,0,1
CCGGCCTGCGCCC,0,1
CCGGCCTGCTGCG,0,1
CCGGCCTGGGCCC,0,1
CCGGCCTGGGCGC,0,2
CCGGCCTGGGGGC,0,1
CCGGCCTGGTCCG,0,1
CCGGCCTGTGCTC,0,1
CCGGCCTGTTCCG,0,1
CCGGCGAAAGGAC,0,1
CCGGCGACAACAG,0,2
CCGGCGACACCAG,0,1
CCGGCGACCACAG,1,1
CCGGCGACCGGCC,0,1
CCGGCGACGGCGA,0,1
CCGGCGAGAAAAC,1,1
CCGGCGAGAAGCC,0,1
CCGGCGAGAGACC,1,1
CCGGCGAGAGAGG,1,1
CCGGCGAGCAGGA,0,1
CCGGCGAGCCACG,0,1
CCGGCGAGGACGC,0,1
CCGGCGAGGGCGC,0,1
CCGGCGCAACGCG,0,1
CCGGCGCACAGAG,0,1
CCGGCGCACCGGC,0,1
CCGGCGCAGACGG,0,1
CCGGCGCAGAGCC,0,1
CCGGCGCAGCCGG,0,1
CCGGCGCAGCGAC,0,1
CCGGCGCAGCGGC,1,1
CCGGCGCCACCGG,0,1
CCGGCGCCAGGAC,1,1
CCGGCGCCAGGGC,0,1
CCGGCGCCCAAGC,0,1
CCGGCGCCCAGGC,0,3
CCGGCGCCCCCGC,0,2
CCGGCGCCCGAGC,0,4
CCGGCGCCCGCCC,0,3
CCGGCGCCCGCGC,0,1
CCGGCGCCCGGCA,0,2
CCGGCGCCCGGCC,0,1
CCGGCGCCCGGGC,0,1
CCGGCGCCGAGGC,0,1
CCGGCGCCGCAGG,1,1
CCGGCGCCGCCAG,0,1
CCGGCGCCGCCCG,0,1
CCGGCGCCGCCGC,2,3
CCGGCGCCGCGCC,0,1
CCGGCGCCGGAGA,0,1
CCGGCGCCGGAGC,0,1
CCGGCGCCGGCCA,0,2
CCGGCGCCGGCCC,0,1
CCGGCGCCGGCGA,0,1
CCGGCGCCGGCGC,0,2
CCGGCGCCGGGAA,0,1
CCGGCGCCGGGTC,0,1
CCGGCGCCTTGGC,0,1
CCGGCGCGACGCG,0,1
CCGGCGCGCAACA,0,1
CCGGCGCGCACGG,0,1
CCGGCGCGCCCGG,0,2
CCGGCGCGCCTGC,0,1
CCGGCGCGCGCAC,0,1
CCGGCGCGCGTGC,0,1
CCGGCGCGCTCCC,0,1
CCGGCGCGCTGCC,0,4
CCGGCGCGCTGTC,0,2
CCGGCGCGGACGG,0,1
CCGGCGCGGCCCG,0,1
CCGGCGCGGCGAG,0,1
CCGGCGCGGCGCC,0,1
CCGGCGCGGCGGC,0,3
CCGGCGCTCCCCC,0,1
CCGGCGCTCCCGG,0,2
CCGGCGCTCCGCC,0,1
CCGGCGCTCGGGC,0,1
CCGGCGCTGCCGC,1,1
CCGGCGCTGCTTC,0,1
CCGGCGCTTCCGC,0,1
CCGGCGGAACCCC,0,1
CCGGCGGAACGGC,0,1
CCGGCGGACGCAA,0,1
CCGGCGGAGAAAG,0,1
CCGGCGGAGAACC,0,1
CCGGCGGAGACAC,0,1
CCGGCGGAGACAG,0,1
CCGGCGGAGCAGG,0,1
CCGGCGGAGCGCA,0,1
CCGGCGGCAACGG,0,1
CCGGCGGCACGCC,0,1
CCGGCGGCAGAGA,0,1
CCGGCGGCCCCAG,0,1
CCGGCGGCCCCCG,0,1
CCGGCGGCCCGGC,0,1
CCGGCGGCCGCCG,0,1
CCGGCGGCCGCGC,0,1
CCGGCGGCCGGAA,0,2
CCGGCGGCCGGCC,0,2
CCGGCGGCCGGCG,0,1
CCGGCGGCCGGGA,0,1
CCGGCGGCCGGGC,0,1
CCGGCGGCGACAA,0,1
CCGGCGGCGACGG,0,1
CCGGCGGCGCCGC,0,2
CCGGCGGCGCCTC,0,1
CCGGCGGCGCGCG,0,2
CCGGCGGCGCGGC,0,1
CCGGCGGCGGAAG,0,1
CCGGCGGCGGCAC,0,1
CCGGCGGCGGCCG,1,2
CCGGCGGCGGCGC,0,1
CCGGCGGCGTTTC,0,1
CCGGCGGCTGCGC,0,1
CCGGCGGGAGCCC,1,1
CCGGCGGGAGGGC,0,1
CCGGCGGGCACGG,0,2
CCGGCGGGCAGCG,0,1
CCGGCGGGCAGGA,0,1
CCGGCGGGCCCAG,0,1
CCGGCGGGCCCCG,0,1
CCGGCGGGCCCGG,0,1
CCGGCGGGCGCCC,0,1
CCGGCGGGCGCGC,0,1
CCGGCGGGCGGGA,0,1
CCGGCGGGGAAAC,0,2
CCGGCGGGGCAGG,0,1
CCGGCGGGGCGAA,0,1
CCGGCGGGGCGGC,0,1
CCGGCGGGGCTCC,0,1
CCGGCGGGGGCAC,0,1
CCGGCGGGGGCCC,0,1
CCGGCGGGGGCGC,0,1
CCGGCGGGGGGAG,0,1
CCGGCGGGTCTGC,0,1
CCGGCGGGTGCCG,0,1
CCGGCGGTCGGCG,0,1
CCGGCGGTGTTTC,0,1
CCGGCGTCCGCTC,1,1
CCGGCGTCCGGCG,1,1
CCGGCGTCGCCCC,0,1
CCGGCGTCGGGGC,1,2
CCGGCGTGCCCCC,0,1
CCGGCGTGCCCGC,0,1
CCGGCGTGCCCGG,0,1
CCGGCGTGCGGGC,0,1
CCGGCGTGCTCTC,0,2
CCGGCGTTGGCTC,0,2
CCGGCGTTGGGCG,0,1
CCGGCGTTGGTTC,0,1
CCGGCGTTTGTTC,0,2
CCGGCTCCCCCTC,0,1
CCGGCTCCCGCTC,0,2
CCGGCTCCCGGTC,0,1
CCGGCTCCGCCGC,0,1
CCGGCTCCGCGGC,0,1
CCGGCTCCGCTCG,1,1
CCGGCTCCGGCCG,0,1
CCGGCTCCGGCGC,0,4
CCGGCTCCTCCCG,0,1
CCGGCTCCTGCCC,1,1
CCGGCTCCTGCGC,0,1
CCGGCTCCTGTCG,0,1
CCGGCTCGCGCCG,0,1
CCGGCTCGCTCGC,1,1
CCGGCTCGGGCCC,0,1
CCGGCTCTGCCCC,0,1
CCGGCTCTGCGCC,0,1
CCGGCTCTGTCGC,0,2
CCGGCTCTGTCTC,0,1
CCGGCTGCCGCCC,0,1
CCGGCTGCCGGTC,1,1
CCGGCTGCCTGCC,0,1
CCGGCTGCGGTTC,0,1
CCGGCTGCTCTTC,1,1
CCGGCTGCTGTTC,0,1
CCGGCTGCTTGTC,0,1
CCGGCTGGCCCCC,0,1
CCGGCTGGCCCCG,0,1
CCGGCTGGCGCGC,0,1
CCGGCTGGCTGGC,0,1
CCGGCTGGGTTCC,0,1
CCGGCTTCCCGTC,0,1
CCGGCTTCGGCGC,0,1
CCGGCTTGCTGCG,0,1
CCGGCTTTTGTGC,1,1
CCGGGAAAACACA,0,1
CCGGGAAACAAAA,0,1
CCGGGAAACAGAA,0,1
CCGGGAACACCCA,0,11
CCGGGAACCCACA,0,1
CCGGGAACGAGAG,1,1
CCGGGAACGCCAG,0,1
CCGGGAAGGAGAA,0,1
CCGGGACACCGCC,0,1
CCGGGACAGAACC,0,1
CCGGGACAGAGCC,0,2
CCGGGACAGCGCC,0,5
CCGGGACAGGCAG,0,1
CCGGGACCAACGG,0,1
CCGGGACCACCGG,0,1
CCGGGACCCACAG,0,1
CCGGGACCCCCCA,0,1
CCGGGACCCGGGC,0,1
CCGGGACCGCCCC,0,1
CCGGGACCGGCAC,0,1
CCGGGACCGGCGA,0,1
CCGGGACCGGGGC,0,1
CCGGGACGACCCA,0,1
CCGGGACGCCGCC,0,1
CCGGGACGGACAG,1,1
CCGGGACGGCAGC,0,1
CCGGGACGGCGCC,0,1
CCGGGACGGGAAC,0,1
CCGGGACGGGAAG,1,1
CCGGGACGGGACC,1,1
CCGGGACGGGGAA,0,1
CCGGGAGAAAAAC,2,3
CCGGGAGAAGGAG,1,1
CCGGGAGACAACC,1,1
CCGGGAGACAGCC,0,1
CCGGGAGACGAAC,0,1
CCGGGAGAGAAAA,0,1
CCGGGAGAGGCCA,0,1
CCGGGAGCACGAC,0,1
CCGGGAGCAGCAG,0,1
CCGGGAGCAGGAA,0,1
CCGGGAGCCCAGC,0,1
CCGGGAGCCGGGC,0,1
CCGGGAGCGCCGC,0,2
CCGGGAGGAGGGA,0,1
CCGGGAGGGAGAC,0,1
CCGGGAGGGAGAG,0,1
CCGGGAGGGCCAA,0,1
CCGGGAGGGGAAG,0,1
CCGGGAGGGGAGG,0,2
CCGGGCAAAGACC,1,1
CCGGGCAACCACA,0,1
CCGGGCAACCCGG,0,1
CCGGGCAACCGCG,0,1
CCGGGCACCCCCA,0,1
CCGGGCACCCCGC,0,1
CCGGGCACCGCCC,0,2
CCGGGCACGCAGG,1,1
CCGGGCAGAGAGG,0,1
CCGGGCAGAGCAG,0,1
CCGGGCAGAGGGC,0,1
CCGGGCAGCAGCC,0,1
CCGGGCAGCGCCG,0,1
CCGGGCAGCGCGC,0,2
CCGGGCAGGAAGG,0,1
CCGGGCAGGAGAG,0,1
CCGGGCAGGAGGC,0,1
CCGGGCAGGCAGG,0,1
CCGGGCAGGGAAG,0,1
CCGGGCCAAAAAA,0,1
CCGGGCCAAAAGC,2,2
CCGGGCCAAGGGC,0,1
CCGGGCCACAGCC,0,1
CCGGGCCAGGGGC,0,1
CCGGGCCCAAAGC,0,1
CCGGGCCCACGCA,0,1
CCGGGCCCCACGA,0,1
CCGGGCCCCCCCC,0,1
CCGGGCCCCCTCC,0,1
CCGGGCCCCGCCC,0,2
CCGGGCCCCGCGC,0,1
CCGGGCCCCGGGC,0,4
CCGGGCCCGAGCC,0,2
CCGGGCCCGCCGC,0,3
CCGGGCCCGGAGC,0,1
CCGGGCCCGGCGC,1,1
CCGGGCCCGGCTC,0,1
CCGGGCCCGGGCC,0,1
CCGGGCCCGGGCG,0,1
CCGGGCCCGGGGC,0,1
CCGGGCCCGGTTC,0,1
CCGGGCCCTGCTC,0,1
CCGGGCCCTGGGC,0,5
CCGGGCCGAGCAG,0,1
CCGGGCCGCACCA,0,1
CCGGGCCGCAGCA,0,1
CCGGGCCGCCACG,1,1
CCGGGCCGCCAGA,0,1
CCGGGCCGCCCGG,0,1
CCGGGCCGCCGGC,0,2
CCGGGCCGCGCAG,3,3
CCGGGCCGCGCCG,0,1
CCGGGCCGCGGCG,0,3
CCGGGCCGGCCCA,0,1
CCGGGCCGGCCTC,0,1
CCGGGCCGGGACG,0,1
CCGGGCCGGGCCG,1,4
CCGGGCCGGGGCC,0,1
CCGGGCCGGTCGC,1,1
CCGGGCCGTCTTC,1,2
CCGGGCCGTTCCG,1,1
CCGGGCCTCGGCC,1,3
CCGGGCCTCTCTC,0,1
CCGGGCCTCTTCC,1,1
CCGGGCGAACACC,0,1
CCGGGCGACCCGG,0,1
CCGGGCGCAACAG,0,1
CCGGGCGCACCCG,0,3
CCGGGCGCCGCAC,0,1
CCGGGCGCCGCGC,0,1
CCGGGCGCCGGCG,0,2
CCGGGCGCCGGGA,0,1
CCGGGCGCGCTGC,0,1
CCGGGCGCGGAGC,0,1
CCGGGCGCGTGCG,1,1
CCGGGCGCTTTCC,0,1
CCGGGCGGAACGG,0,3
CCGGGCGGAAGGC,0,1
CCGGGCGGAGGAG,0,1
CCGGGCGGCGCCG,0,3
CCGGGCGGCGTCG,0,1
CCGGGCGGCTCCC,0,3
CCGGGCGGGACGG,0,2
CCGGGCGGGCAGA,0,1
CCGGGCGGGCCAA,0,1
CCGGGCGGGCCCC,0,1
CCGGGCGGGCGCG,0,1
CCGGGCGGGGACC,0,1
CCGGGCGGGGCCG,0,1
CCGGGCGGGGGAG,0,1
CCGGGCGGGGGCC,0,1
CCGGGCGGGGGCG,0,1
CCGGGCGGGGGGC,0,1
CCGGGCGGGGTGC,0,2
CCGGGCGGGTGCC,0,1
CCGGGCGGTCGGC,0,1
CCGGGCGTGTCTC,0,1
CCGGGCTCCCCGG,1,1
CCGGGCTCCCGCG,0,1
CCGGGCTCCTCCG,1,1
CCGGGCTCGGCCC,0,1
CCGGGCTCGGCTC,0,1
CCGGGCTCGGTTC,0,1
CCGGGCTCGTCCC,0,4
CCGGGCTTGTCCC,0,10
CCGGGCTTTGGTC,0,1
CCGGGGACCCGGC,0,1
CCGGGGACGAACA,0,1
CCGGGGACGGACA,0,1
CCGGGGACGGAGC,0,1
CCGGGGACGGGGA,0,1
CCGGGGAGCCACA,0,1
CCGGGGAGCCAGA,0,1
CCGGGGAGGAGGC,0,1
CCGGGGAGGGAAA,0,1
CCGGGGAGGGGAC,0,1
CCGGGGAGGGGGC,0,1
CCGGGGCAACGCC,0,1
CCGGGGCACGGGC,0,1
CCGGGGCAGCCAC,0,1
CCGGGGCAGGAGA,0,1
CCGGGGCAGGCCC,0,1
CCGGGGCCAGAGC,0,1
CCGGGGCCAGGCG,0,1
CCGGGGCCCCGAC,0,1
CCGGGGCCCCGCA,0,1
CCGGGGCCCCGCG,0,1
CCGGGGCCCCGGC,0,1
CCGGGGCCCGAGA,0,1
CCGGGGCCCGCAG,0,1
CCGGGGCCCGGAG,1,1
CCGGGGCCCGGCC,0,2
CCGGGGCCCTCCC,1,1
CCGGGGCCCTGCC,0,1
CCGGGGCCGAGCC,0,1
CCGGGGCCGCTCC,0,1
CCGGGGCCGGGCG,0,3
CCGGGGCCGGGGC,0,2
CCGGGGCCGTGTC,0,1
CCGGGGCCTGGCG,0,1
CCGGGGCGACGAG,0,1
CCGGGGCGAGCGC,0,1
CCGGGGCGCCCGA,1,1
CCGGGGCGCGGCA,0,1
CCGGGGCGCGGCC,0,2
CCGGGGCGGCCTC,0,1
CCGGGGCGGGAGC,0,1
CCGGGGCGGGAGG,0,1
CCGGGGCGGGGCC,0,2
CCGGGGCGGGGCG,0,1
CCGGGGCGGGGGC,0,3
CCGGGGCGGTGCG,0,1
CCGGGGCTCCGGC,1,1
CCGGGGCTGCCGC,0,1
CCGGGGCTTCTCC,0,1
CCGGGGGAGGCCG,0,2
CCGGGGGCAACCC,0,1
CCGGGGGCAGAGC,0,1
CCGGGGGCAGGGC,0,1
CCGGGGGCCCCGC,0,1
CCGGGGGCCGCTC,4,8
CCGGGGGCCGGCG,0,1
CCGGGGGCGCCCC,0,2
CCGGGGGCGCCGA,0,1
CCGGGGGCGGCCG,0,1
CCGGGGGCGGGGC,0,3
CCGGGGGCTGCCG,0,1
CCGGGGGCTGCGC,0,1
CCGGGGGGAACAA,0,1
CCGGGGGGAACGC,1,1
CCGGGGGGACAAA,0,1
CCGGGGGGAGGCC,0,1
CCGGGGGGCGCAG,0,1
CCGGGGGGCGGGC,0,1
CCGGGGGGCTCGC,0,1
CCGGGGGGGAGGC,0,1
CCGGGGGTCCCTC,0,1
CCGGGGGTCGTGC,0,1
CCGGGGGTGGGGC,1,1
CCGGGGGTGGTCC,0,1
CCGGGGTCCGTCG,0,1
CCGGGGTCGTCCG,0,1
CCGGGTCCTGGCC,0,1
CCGGGTCGGGTTC,0,1
CCGGGTCTCTGTC,0,2
CCGGGTCTGCCTC,0,4
CCGGGTGCCGTCC,0,1
CCGGGTGCCTGGC,0,1
CCGGGTGCGCCGC,0,1
CCGGGTGGGGTCC,0,1
CCGGGTGTCCGTC,0,1
CCGGGTGTTTTTC,0,1
CCGGGTTCCGGCC,0,1
CCGGGTTCTCGCG,0,1
CCGGGTTGGGTTC,1,1
CCGGGTTGTGCTC,0,7
CCGGGTTTTGGCC,0,1
CCGGTCCCGTCCC,1,1
CCGGTCCGCCCTC,0,3
CCGGTCCGCGGCG,0,1
CCGGTCCGTTGGC,0,1
CCGGTCCTGCCTC,0,3
CCGGTCCTGCGGC,0,1
CCGGTCCTGGGGC,0,1
CCGGTCCTTTTTC,0,1
CCGGTCGCCGCGC,0,1
CCGGTCGCCGTGC,0,1
CCGGTCGCCTGGC,0,1
CCGGTCGCGCCGC,0,1
CCGGTCGCTTCCC,0,1
CCGGTCGGCCCGC,0,1
CCGGTCGTCCCCG,0,1
CCGGTCGTCCTGC,0,1
CCGGTCTCCGCCC,0,1
CCGGTCTCCGCCG,1,1
CCGGTCTCGCGCC,0,1
CCGGTCTCGGGCC,0,1
CCGGTCTCTTGGC,0,1
CCGGTCTGCTCTC,1,1
CCGGTGCCCGTCC,0,1
CCGGTGCCGCTCC,0,1
CCGGTGCCGTTCC,0,4
CCGGTGCGCCGGC,0,1
CCGGTGCGCTGCG,0,2
CCGGTGCGGCCGC,0,1
CCGGTGCGGGGCG,0,1
CCGGTGCGTTTCG,0,1
CCGGTGGGGCCTC,0,1
CCGGTGGTTTTTC,0,1
CCGGTGTCGGCGC,0,1
CCGGTGTCTGTTC,0,1
CCGGTGTGCCGCG,0,1
CCGGTGTGCTGCC,0,1
CCGGTTCCCCGTC,0,1
CCGGTTCCGGTTC,0,1
CCGGTTCCTCTCC,0,1
CCGGTTCTCGTCC,1,1
CCGGTTCTGCTTC,0,1
CCGGTTCTTCCTC,0,1
CCGGTTCTTCTCG,0,1
CCGGTTGCCGCTC,0,1
CCGGTTGCGTTGC,0,1
CCGGTTGCGTTTC,0,5
CCGGTTGTCGCTC,0,1
CCGGTTTGCGCGC,1,1
CCGGTTTGCGTTC,0,1
CCGGTTTGCTTTC,0,1
CCGGTTTTGGCGC,0,1
CCGGTTTTTCTGC,0,1
CCGGTTTTTTCTC,0,1
CCGTCCCCGCCGC,0,1
CCGTCCCCGGCCC,0,1
CCGTCCCCGGGCC,0,1
CCGTCCCCGGGCG,0,1
CCGTCCCCTCCCC,0,1
CCGTCCCCTTCTC,0,1
CCGTCCCGCCCCG,1,1
CCGTCCCGCCCGC,1,1
CCGTCCCGGCCCG,0,1
CCGTCCCGGGCCG,1,2
CCGTCCCGGGCTC,0,1
CCGTCCCGGTCCC,1,1
CCGTCCCGGTCTC,0,1
CCGTCCCGTCGGC,0,5
CCGTCCCGTGCTC,0,1
CCGTCCCTCCCGC,0,12
CCGTCCCTCCCTC,6,18
CCGTCCCTCCTCC,0,1
CCGTCCCTCCTGC,0,2
CCGTCCCTCTCGC,0,1
CCGTCCCTCTTGC,0,1
CCGTCCCTGCCCC,1,3
CCGTCCCTTCCTC,0,1
CCGTCCCTTTGCC,0,4
CCGTCCGCCCCCG,0,1
CCGTCCGGCTGTC,0,1
CCGTCCGGTGGCG,1,1
CCGTCCGTCGTTC,0,1
CCGTCCGTGGTTC,0,9
CCGTCCTCCCCCG,0,1
CCGTCCTCCTCCG,0,1
CCGTCCTCCTCTC,2,2
CCGTCCTCTTCCC,0,1
CCGTCCTCTTGTC,1,1
CCGTCCTGCCCGC,0,1
CCGTCCTGGGCCG,0,2
CCGTCCTTCTCTC,0,1
CCGTCCTTTTCTC,1,1
CCGTCCTTTTGTC,0,1
CCGTCGCCGCCGC,0,1
CCGTCGCCGCGGC,0,1
CCGTCGCCGCTCC,0,1
CCGTCGCCTCTGC,0,1
CCGTCGCGCGGCG,0,1
CCGTCGCGGCTCC,0,1
CCGTCGCGGTCCG,1,1
CCGTCGCTCCCTC,0,1
CCGTCGCTCGGTC,0,1
CCGTCGCTGCCCC,0,1
CCGTCGCTGTCCC,0,1
CCGTCGGCCGCCG,0,1
CCGTCGGCCGGGC,0,5
CCGTCGGCTGCTC,0,1
CCGTCGGGCTGCC,0,1
CCGTCGGTTCTCC,0,1
CCGTCGTCCTCCC,0,1
CCGTCGTCCTCCG,0,1
CCGTCGTCGCTGC,0,2
CCGTCGTCGTCTC,0,1
CCGTCGTCTCTCG,0,1
CCGTCGTGTCGTC,0,1
CCGTCGTTCGTCC,0,1
CCGTCTCCCCCCC,0,1
CCGTCTCCCCTTC,0,1
CCGTCTCCGCCGC,0,1
CCGTCTCCTGGTC,0,2
CCGTCTCCTTGCC,0,2
CCGTCTCGCTCCC,2,11
CCGTCTCTCCCTC,1,1
CCGTCTCTCCGCG,0,1
CCGTCTCTCCTGC,1,1
CCGTCTCTCGTTC,1,1
CCGTCTCTTCTTC,0,1
CCGTCTGCCGGGC,0,1
CCGTCTGCGCCTC,0,1
CCGTCTGCGGCTC,0,1
CCGTCTGGCGTCG,0,1
CCGTCTGTCTGTC,1,1
CCGTCTTCCGTCC,0,2
CCGTGCCCCGCCC,0,1
CCGTGCCCCGGCG,0,1
CCGTGCCCGCTCC,0,1
CCGTGCCCGTGGC,0,1
CCGTGCCCTGGCC,1,2
CCGTGCCCTGGCG,0,1
CCGTGCCCTGGTC,0,2
CCGTGCCGCGCCC,0,1
CCGTGCCGTGCCG,0,1
CCGTGCCGTGCGC,0,1
CCGTGCCTGGCGC,0,1
CCGTGCCTTTTTC,0,1
CCGTGCGCGCGCC,0,1
CCGTGCGCGTGCC,0,1
CCGTGCGGCGGCG,0,1
CCGTGCTCCGCCC,0,1
CCGTGCTCCGGCC,0,1
CCGTGCTCCGGCG,0,1
CCGTGCTCGCTGC,0,1
CCGTGCTCTCTGC,1,1
CCGTGCTCTTGGC,0,1
CCGTGCTGCCGGC,0,1
CCGTGCTGCTCTC,0,1
CCGTGCTGCTGCC,0,1
CCGTGCTGGCTTC,0,1
CCGTGCTTCGTTC,1,1
CCGTGCTTCTCCC,0,1
CCGTGGCCGCCGC,0,1
CCGTGGCCGGCGC,0,1
CCGTGGCCGTGGC,0,1
CCGTGGCCGTGTC,0,1
CCGTGGCGCTGTC,0,5
CCGTGGCGGCCCG,0,1
CCGTGGCTCGCCG,0,2
CCGTGGCTCGTTC,0,1
CCGTGGCTCTGCG,0,1
CCGTGGCTGCTTC,0,1
CCGTGGCTTGTTC,0,1
CCGTGGGCCTCCC,0,4
CCGTGGGCCTTCG,1,1
CCGTGGGGCCTCG,1,1
CCGTGGGGCGCCG,1,1
CCGTGGGTCTGGC,0,1
CCGTGGGTTGTCC,0,1
CCGTGGTCCCCTC,0,3
CCGTGGTCGTTTC,0,1
CCGTGGTGCGGGC,0,1
CCGTGGTGTTCTC,1,1
CCGTGTCCCCTGC,0,7
CCGTGTCCGCCGC,0,1
CCGTGTCCGTGTC,0,1
CCGTGTCGTGTTC,1,1
CCGTGTCTCCGCC,1,1
CCGTGTCTCTCTC,0,1
CCGTGTCTGGCCC,0,5
CCGTGTCTTTGCC,0,1
CCGTGTGCCGCCG,0,1
CCGTGTGCGCGCG,0,1
CCGTGTGCTTTGC,9,16
CCGTGTGTCTGTC,0,1
CCGTGTTCTTGCC,0,1
CCGTGTTGTCTCC,0,1
CCGTTCCCCTGCC,0,1
CCGTTCCCGTCCC,0,1
CCGTTCCCGTTCC,0,1
CCGTTCCCTTGTC,0,1
CCGTTCCGCCGGC,0,1
CCGTTCCGCTCCG,0,1
CCGTTCCGTGGGC,1,1
CCGTTCCGTTTCG,0,1
CCGTTCCTCTGTC,1,1
CCGTTCGCCGTCC,0,1
CCGTTCGCCTTCG,1,1
CCGTTCGCTTTCG,0,1
CCGTTCGTCGCGC,0,1
CCGTTCTCGCCGC,0,1
CCGTTCTCGCGTC,1,1
CCGTTCTCGCTGC,0,1
CCGTTCTCGTCGC,0,1
CCGTTCTCTCCCC,0,1
CCGTTCTCTTCGC,0,1
CCGTTCTCTTGTC,1,1
CCGTTCTGTTTCC,0,1
CCGTTCTTGTGTC,0,1
CCGTTGCCCCGCG,0,1
CCGTTGCCGCCGC,0,1
CCGTTGCTGCTGC,1,1
CCGTTGGGCTCTC,0,2
CCGTTGGGCTTTC,0,1
CCGTTGGGGGGGC,0,1
CCGTTGGTTTGGC,0,1
CCGTTGTCTTTTC,0,1
CCGTTGTTTTTCC,1,1
CCGTTTCCTTTGC,0,1
CCGTTTCGCCCCG,0,1
CCGTTTCGCGCCG,0,1
CCGTTTCGTTTTC,1,1
CCGTTTCTCCCTC,0,1
CCGTTTCTCGGCC,0,1
CCGTTTCTCTTTC,0,1
CCGTTTCTGCCCG,0,1
CCGTTTGCGCTTC,0,1
CCGTTTGCTTGGC,0,3
CCGTTTGGTTGGC,0,1
CCGTTTGTTTTGC,0,1
CCGTTTTCCGTGC,0,2
CCGTTTTGCTCCC,0,1
CCGTTTTGGGTGC,0,4
CCGTTTTTCTCTC,0,1
CCGTTTTTCTGTC,0,1
CCTCCCCCCGCGC,0,1
CCTCCCCCCTCCC,0,2
CCTCCCCCCTCTC,0,1
CCTCCCCCGCCCG,0,1
CCTCCCCCGCTCC,0,1
CCTCCCCCGCTGC,0,2
CCTCCCCCGGCCG,1,1
CCTCCCCCGTGTC,0,1
CCTCCCCCTCCCC,0,1
CCTCCCCCTCCTC,0,1
CCTCCCCCTCTCC,0,1
CCTCCCCCTTCCG,0,1
CCTCCCCGCCCCC,0,1
CCTCCCCGCCCCG,1,1
CCTCCCCGCCCGC,0,1
CCTCCCCGCCGCC,1,1
CCTCCCCGCGCCC,1,1
CCTCCCCGCGCGC,0,1
CCTCCCCGCGGCC,0,1
CCTCCCCGCTCCC,0,1
CCTCCCCGGCCCC,0,1
CCTCCCCGGCGCC,0,1
CCTCCCCGGTTCC,0,1
CCTCCCCGTCCCC,0,1
CCTCCCCGTCGTC,1,1
CCTCCCCTCCCCC,0,1
CCTCCCCTCCCTC,0,1
CCTCCCCTCCTCC,1,2
CCTCCCCTCGCCG,0,1
CCTCCCCTCTCCC,0,1
CCTCCCCTCTGCC,0,1
CCTCCCCTGCTTC,0,1
CCTCCCCTGGCCG,0,1
CCTCCCCTTCCCC,0,1
CCTCCCCTTCTTC,0,1
CCTCCCGCCCCCG,0,1
CCTCCCGCCCCTC,0,11
CCTCCCGCCCGCC,0,9
CCTCCCGCCCGGC,0,1
CCTCCCGCCGCCC,0,1
CCTCCCGCTCCCG,1,1
CCTCCCGCTCCTC,1,3
CCTCCCGCTGCCC,0,1
CCTCCCGGCCGCC,0,1
CCTCCCGGCCGCG,0,2
CCTCCCGGCCGTC,0,1
CCTCCCGGCGGGC,0,1
CCTCCCGGTCCGC,0,1
CCTCCCGGTGCCC,0,4
CCTCCCGTCCTCC,0,1
CCTCCCGTCGGCC,0,1
CCTCCCGTCTTCC,0,3
CCTCCCGTGCCTC,1,1
CCTCCCTCCCCCC,0,1
CCTCCCTCCCCGC,0,1
CCTCCCTCCCCTC,1,1
CCTCCCTCCCGTC,1,1
CCTCCCTCCCTCC,1,18
CCTCCCTCCCTCG,0,1
CCTCCCTCCCTTC,0,1
CCTCCCTCCGCCG,1,1
CCTCCCTCCGTCC,0,2
CCTCCCTCCTCCC,1,16
CCTCCCTCCTGCC,0,5
CCTCCCTCCTGTC,0,1
CCTCCCTCCTTCC,0,1
CCTCCCTCGCCCC,0,2
CCTCCCTCGGGTC,0,1
CCTCCCTCTCCCC,0,1
CCTCCCTCTCCCG,0,1
CCTCCCTCTGCCC,0,1
CCTCCCTCTGGTC,0,1
CCTCCCTCTTCCC,0,1
CCTCCCTCTTGTC,1,1
CCTCCCTGCCCCG,0,1
CCTCCCTGCCCTC,0,1
CCTCCCTGCCGCG,1,1
CCTCCCTGCCTCC,1,1
CCTCCCTGCGGCG,1,1
CCTCCCTGGCCCG,0,1
CCTCCCTGGGCTC,0,1
CCTCCCTGTCGCC,0,2
CCTCCCTGTGTCC,1,1
CCTCCCTGTTGCC,0,1
CCTCCCTTCGCTC,0,1
CCTCCCTTCTCCC,0,2
CCTCCCTTCTTCC,0,1
CCTCCCTTGGCCG,0,3
CCTCCCTTTCCCC,0,1
CCTCCCTTTGCCG,0,1
CCTCCGCCCGCCG,0,1
CCTCCGCCCGGGC,0,1
CCTCCGCCCGTGC,0,1
CCTCCGCCGCCGC,2,3
CCTCCGCCGCCTC,0,1
CCTCCGCCGCGTC,0,1
CCTCCGCCTCGTC,0,1
CCTCCGCGCCCCC,0,1
CCTCCGCGCCGCG,1,1
CCTCCGCGCGCGC,0,1
CCTCCGCGCTCGC,0,1
CCTCCGCGGCCGC,0,1
CCTCCGCGGTGTC,0,1
CCTCCGCTCCGCC,0,1
CCTCCGCTCCGGC,0,2
CCTCCGCTCCTCC,1,2
CCTCCGCTCTCCC,0,1
CCTCCGCTGCCTC,0,1
CCTCCGCTGTTCC,0,1
CCTCCGCTTCTGC,0,1
CCTCCGCTTTCCC,0,2
CCTCCGGCCCCCC,0,1
CCTCCGGCCCTCG,0,1
CCTCCGGCCGCCC,0,1
CCTCCGGCGCGTC,0,1
CCTCCGGCGCTGC,0,1
CCTCCGGCGGGGC,0,1
CCTCCGGCGTGCC,0,1
CCTCCGGCTCCGC,1,1
CCTCCGGCTCTTC,0,1
CCTCCGGGCCTCG,1,1
CCTCCGGGCGTCG,0,1
CCTCCGGTCCCGC,0,1
CCTCCGGTGCGGC,0,1
CCTCCGGTGGGGC,0,1
CCTCCGGTTCCTC,0,1
CCTCCGTCCCGCC,1,1
CCTCCGTCCCGCG,0,1
CCTCCGTCCTTTC,1,1
CCTCCGTCGCCGC,0,1
CCTCCGTCTCCCG,0,1
CCTCCGTCTCCGC,0,1
CCTCCGTGCTCCG,0,1
CCTCCGTGTTCCC,0,1
CCTCCGTTCTCGC,1,1
CCTCCTCCCCCGC,1,1
CCTCCTCCCCGCG,0,1
CCTCCTCCCCGGC,0,2
CCTCCTCCCCTCC,0,1
CCTCCTCCCCTCG,0,1
CCTCCTCCCCTGC,0,1
CCTCCTCCCGTTC,0,1
CCTCCTCCCTCCC,0,3
CCTCCTCCCTCCG,1,1
CCTCCTCCCTCTC,0,1
CCTCCTCCCTTCC,0,1
CCTCCTCCCTTTC,0,1
CCTCCTCCGCCGC,0,1
CCTCCTCCGCGCG,0,1
CCTCCTCCGCTCC,0,1
CCTCCTCCGCTTC,0,1
CCTCCTCCGGCTC,0,1
CCTCCTCCGGGCG,0,1
CCTCCTCCTCCGC,0,1
CCTCCTCCTCCTC,0,12
CCTCCTCCTCGGC,1,1
CCTCCTCCTCGTC,1,3
CCTCCTCCTCTGC,0,1
CCTCCTCCTCTTC,0,2
CCTCCTCCTGCCC,1,2
CCTCCTCCTGCCG,0,1
CCTCCTCCTGCGC,0,1
CCTCCTCCTGTCC,1,1
CCTCCTCCTTTTC,0,2
CCTCCTCGCTCGC,0,1
CCTCCTCGCTCTC,0,2
CCTCCTCGGCCCG,0,1
CCTCCTCGGCTCG,1,1
CCTCCTCGTCCTC,3,3
CCTCCTCGTCTCC,0,2
CCTCCTCGTTGCC,0,1
CCTCCTCGTTGGC,0,1
CCTCCTCGTTTCC,1,1
CCTCCTCTCCTCC,0,1
CCTCCTCTCCTCG,1,1
CCTCCTCTCCTGC,0,1
CCTCCTCTGGCTC,0,1
CCTCCTCTGGGCC,0,1
CCTCCTCTGTCCC,0,1
CCTCCTCTTCCTC,0,1
CCTCCTCTTCTCC,0,8
CCTCCTCTTCTTC,1,1
CCTCCTCTTGTCG,0,1
CCTCCTGCCCCCC,5,17
CCTCCTGCCCCCG,0,1
CCTCCTGCCCGCG,0,1
CCTCCTGCCCTGC,0,1
CCTCCTGCCTGGC,1,1
CCTCCTGCGTGCC,0,1
CCTCCTGCTGCCC,0,1
CCTCCTGCTGCTC,0,1
CCTCCTGCTGGCG,0,1
CCTCCTGCTGGTC,0,1
CCTCCTGGCCCCG,1,1
CCTCCTGGCTCTC,0,1
CCTCCTGGGGCGC,0,1
CCTCCTGTCCTCC,1,2
CCTCCTGTCTGGC,0,1
CCTCCTGTGTGTC,0,1
CCTCCTGTTCTCC,0,1
CCTCCTGTTCTTC,0,1
CCTCCTGTTGTTC,0,1
CCTCCTTCCCTCC,0,1
CCTCCTTCCTCCC,0,2
CCTCCTTCCTCCG,0,1
CCTCCTTCCTGCC,0,1
CCTCCTTCCTTCC,0,1
CCTCCTTCTCCCG,1,1
CCTCCTTGGGCTC,0,2
CCTCCTTGTGGGC,0,14
CCTCCTTGTTCTC,0,1
CCTCCTTGTTGCC,0,1
CCTCCTTGTTTCC,0,1
CCTCCTTTCCTCC,0,2
CCTCCTTTCTCTC,0,1
CCTCCTTTCTTCC,0,2
CCTCCTTTGTTGC,0,1
CCTCCTTTTCTCC,1,1
CCTCCTTTTGGGC,0,1
CCTCGCCCCCTGC,0,1
CCTCGCCCCGGCC,0,1
CCTCGCCCCGGGC,0,1
CCTCGCCCCTTCC,0,1
CCTCGCCCGCGCG,1,2
CCTCGCCCTCCTC,1,1
CCTCGCCCTTGCC,0,1
CCTCGCCGCCGCC,0,2
CCTCGCCGCTGGC,0,1
CCTCGCCGGCCGC,0,1
CCTCGCCGGCTGC,0,1
CCTCGCCGGGTTC,0,1
CCTCGCCTGCCCC,0,1
CCTCGCGCGCCTC,0,2
CCTCGCGCGTCCC,0,1
CCTCGCGGCCGGC,0,1
CCTCGCGGCGGCC,0,1
CCTCGCGTTTTTC,0,1
CCTCGCTCCTCCC,0,1
CCTCGCTCTCCCC,0,1
CCTCGCTCTCTCG,0,1
CCTCGCTCTGCCC,0,1
CCTCGCTCTTGGC,0,1
CCTCGCTGTCCCG,0,1
CCTCGGCCCCGCC,0,1
CCTCGGCCCTCCC,0,1
CCTCGGCCCTCGC,0,1
CCTCGGCCGCCGC,0,1
CCTCGGCCGCCTC,0,2
CCTCGGCGCGTCC,0,1
CCTCGGCGGTGCC,0,5
CCTCGGCTCTCCG,0,1
CCTCGGCTGGGGC,1,1
CCTCGGCTGTGGC,0,2
CCTCGGCTTGCGC,0,1
CCTCGGGCCGCTC,0,1
CCTCGGGCCTGCG,0,1
CCTCGGGCGCCCC,1,1
CCTCGGGCGCGCC,0,1
CCTCGGGCGGCCG,0,1
CCTCGGGCTCTCC,0,1
CCTCGGGGCCTGC,1,3
CCTCGGGGCTCCC,0,1
CCTCGGGTTTTTC,0,1
CCTCGGTCTCGGC,0,1
CCTCGGTCTTGGC,0,1
CCTCGTCCCCGCC,0,1
CCTCGTCCCCGTC,0,3
CCTCGTCCCCTTC,1,1
CCTCGTCCCGCCC,0,1
CCTCGTCCCTGTC,0,5
CCTCGTCCTCCCG,0,1
CCTCGTCCTCCTC,2,2
CCTCGTCCTGGCC,0,1
CCTCGTCGCCCCC,0,1
CCTCGTCGCCGCG,0,1
CCTCGTCGCTCTC,1,1
CCTCGTCGCTGCC,0,1
CCTCGTCGTCGCC,0,1
CCTCGTCGTCGTC,1,1
CCTCGTCTCCCCC,0,1
CCTCGTCTCGCTC,0,1
CCTCGTCTCTCTC,0,1
CCTCGTGCGGCGC,0,1
CCTCGTGCTCCTC,0,2
CCTCGTGTTTCTC,0,1
CCTCGTTCCCCCG,1,1
CCTCGTTCCCCGC,0,2
CCTCGTTCGCCGC,0,2
CCTCGTTCGCTGC,0,1
CCTCGTTCGTTCG,0,1
CCTCGTTCTTGGC,0,2
CCTCGTTGCCGCC,0,1
CCTCGTTTCTTCC,0,1
CCTCTCCCCCTGC,1,1
CCTCTCCCCGTCC,0,1
CCTCTCCCCTCCC,1,2
CCTCTCCCCTCCG,0,1
CCTCTCCCCTTTC,0,1
CCTCTCCCGCGCG,0,1
CCTCTCCCGCGGC,0,1
CCTCTCCCGGTGC,0,1
CCTCTCCCGTCCG,0,1
CCTCTCCCTCCTC,1,2
CCTCTCCCTCTCC,0,1
CCTCTCCCTCTCG,0,1
CCTCTCCCTGCTC,0,1
CCTCTCCCTTGCC,0,1
CCTCTCCGCTCCC,0,1
CCTCTCCGTGTTC,0,1
CCTCTCCTCCCTC,1,9
CCTCTCCTCGCCC,1,1
CCTCTCCTCTGCC,0,1
CCTCTCCTCTGTC,1,1
CCTCTCCTCTTCC,0,1
CCTCTCCTGCCCC,0,1
CCTCTCCTGCCCG,0,1
CCTCTCCTGCGGC,0,1
CCTCTCCTGGGGC,1,3
CCTCTCCTGTCCC,0,1
CCTCTCCTGTCTC,0,2
CCTCTCCTTCTCC,1,1
CCTCTCGCCCCCG,0,1
CCTCTCGCCCGCC,0,1
CCTCTCGCCCTCC,0,1
CCTCTCGCTCCGC,0,1
CCTCTCGGCCCCC,0,1
CCTCTCGGCGCTC,0,1
CCTCTCGGCTTCC,0,1
CCTCTCGGTCCCC,0,2
CCTCTCGGTGGCG,0,1
CCTCTCGTTCTTC,0,1
CCTCTCGTTTTTC,0,1
CCTCTCTCCCTCC,0,3
CCTCTCTCCTCTC,0,1
CCTCTCTCTCCCC,1,1
CCTCTCTCTCCGC,0,1
CCTCTCTCTCTCC,0,2
CCTCTCTCTCTGC,0,1
CCTCTCTCTTCCC,1,1
CCTCTCTGCCGCC,0,1
CCTCTCTGCTCCC,0,5
CCTCTCTGCTCGC,1,1
CCTCTCTGCTCTC,0,1
CCTCTCTGCTGGC,0,1
CCTCTCTGCTTTC,1,1
CCTCTCTGTCCTC,1,1
CCTCTCTGTCTTC,0,1
CCTCTCTGTGTGC,0,1
CCTCTCTTCCTCC,0,1
CCTCTCTTCTCTC,0,1
CCTCTCTTCTGTC,7,7
CCTCTCTTGCCTC,0,1
CCTCTCTTGGTGC,0,1
CCTCTCTTTCCTC,0,1
CCTCTCTTTCTTC,0,2
CCTCTGCCCTCGC,0,1
CCTCTGCCCTGGC,0,1
CCTCTGCCCTGTC,0,6
CCTCTGCCGGCCC,0,1
CCTCTGCCTCCCC,0,2
CCTCTGCGGCCCG,0,1
CCTCTGCGGCCTC,0,1
CCTCTGCGGGCTC,0,1
CCTCTGCGTCTTC,0,2
CCTCTGCTCCTCC,0,1
CCTCTGCTCCTTC,0,3
CCTCTGCTGCCCC,1,3
CCTCTGCTGCTCC,1,2
CCTCTGCTGCTCG,0,1
CCTCTGCTGTTCC,0,4
CCTCTGCTTCTTC,0,1
CCTCTGGCCCTCG,0,1
CCTCTGGCTCCCC,0,1
CCTCTGGGCCTCC,0,1
CCTCTGGGCTCTC,0,1
CCTCTGGGCTTCC,0,3
CCTCTGGGGCTGC,0,1
CCTCTGGGGTTTC,0,1
CCTCTGGGTCTGC,0,1
CCTCTGGGTGCTC,0,1
CCTCTGGTCCCCG,0,1
CCTCTGGTGGCCC,0,1
CCTCTGGTTCCGC,0,2
CCTCTGTCCCTCC,0,1
CCTCTGTCCGCCC,0,1
CCTCTGTCGTCCC,1,1
CCTCTGTCTGGGC,0,1
CCTCTGTCTTTCC,0,1
CCTCTGTGCGCCG,0,1
CCTCTGTGCGCTC,0,1
CCTCTGTGCTCTC,0,1
CCTCTGTGGCTCC,0,1
CCTCTGTGGGGGC,0,1
CCTCTGTGGTGCC,0,1
CCTCTGTGTCTTC,0,1
CCTCTGTGTGCTC,0,15
CCTCTGTTGTCTC,0,1
CCTCTTCCCCCGC,0,2
CCTCTTCCCCGCC,0,1
CCTCTTCCCTCTC,0,1
CCTCTTCCCTGCC,0,1
CCTCTTCCCTGGC,1,3
CCTCTTCCCTGTC,0,2
CCTCTTCCGCCCG,0,2
CCTCTTCCGCCGC,0,1
CCTCTTCCGTGGC,0,5
CCTCTTCCTCCTC,1,3
CCTCTTCCTCTTC,0,1
CCTCTTCCTGGCC,0,10
CCTCTTCCTGTTC,0,1
CCTCTTCCTTCTC,1,2
CCTCTTCGGGTCC,0,1
CCTCTTCGTTGTC,0,1
CCTCTTCTCCCTC,0,1
CCTCTTCTCCTGC,0,1
CCTCTTCTCCTTC,0,1
CCTCTTCTCTTCC,0,2
CCTCTTCTGCTGC,0,1
CCTCTTCTTCTTC,0,3
CCTCTTCTTTCCG,0,1
CCTCTTCTTTGCC,0,1
CCTCTTCTTTTCC,0,1
CCTCTTCTTTTTC,0,4
CCTCTTGCCCTCC,0,1
CCTCTTGCTGGCG,0,1
CCTCTTGGGCTCC,0,1
CCTCTTGGGTCCC,1,1
CCTCTTGTCCGGC,1,1
CCTCTTGTCCTGC,0,1
CCTCTTGTCCTTC,0,2
CCTCTTGTCTCCC,1,1
CCTCTTGTCTCTC,0,1
CCTCTTGTCTGGC,0,1
CCTCTTGTGCCTC,1,1
CCTCTTGTGCTTC,0,3
CCTCTTTCCCCCC,0,1
CCTCTTTCCGCTC,0,1
CCTCTTTCCTCCC,0,1
CCTCTTTCGGGCC,0,1
CCTCTTTCTTCCC,0,2
CCTCTTTGCTGTC,0,1
CCTCTTTGTGCCC,1,1
CCTCTTTGTGCTC,0,2
CCTCTTTTCCCCG,1,1
CCTCTTTTCCCTC,0,1
CCTCTTTTCCTCC,0,1
CCTCTTTTCCTCG,0,1
CCTCTTTTCTTCC,0,5
CCTCTTTTTCTTC,0,1
CCTGCCCCCCCGC,0,6
CCTGCCCCCCGCC,0,2
CCTGCCCCCCTGC,0,2
CCTGCCCCCGCCC,2,3
CCTGCCCCCGGCG,0,1
CCTGCCCCGCCCC,1,1
CCTGCCCCGCTCC,0,1
CCTGCCCCGGCCC,0,1
CCTGCCCCTCCCC,0,1
CCTGCCCCTCCTC,0,1
CCTGCCCCTGCCC,2,5
CCTGCCCCTGTCC,0,1
CCTGCCCCTTCTC,0,1
CCTGCCCCTTGGC,0,1
CCTGCCCGCGCTC,0,1
CCTGCCCGCTTCC,0,1
CCTGCCCGTCGGC,0,1
CCTGCCCGTGCCC,0,1
CCTGCCCTCCCTC,2,3
CCTGCCCTCCGTC,0,1
CCTGCCCTCCTCC,0,1
CCTGCCCTCGGCG,0,1
CCTGCCCTGCCCC,0,2
CCTGCCCTGCGTC,0,1
CCTGCCCTGCTCG,0,1
CCTGCCCTGGCCC,0,1
CCTGCCCTGGGGC,0,2
CCTGCCCTGTGTC,0,1
CCTGCCCTGTTCC,0,1
CCTGCCCTTGGCG,0,1
CCTGCCGCCCCGC,0,1
CCTGCCGCCTGGC,0,1
CCTGCCGCCTGTC,0,1
CCTGCCGCGCCCC,0,1
CCTGCCGCGCCCG,0,3
CCTGCCGCGGCCG,0,1
CCTGCCGGCCGGC,0,1
CCTGCCGGCGCCC,0,1
CCTGCCGGGCCGC,0,1
CCTGCCGGGGCCC,0,1
CCTGCCGGTGCCG,0,1
CCTGCCGTCTGTC,0,1
CCTGCCGTGTCTC,0,1
CCTGCCGTTGTTC,0,1
CCTGCCTCCCTGC,1,1
CCTGCCTCCTGTC,1,1
CCTGCCTCCTTCC,0,1
CCTGCCTCGCCCG,1,1
CCTGCCTCGTCCC,0,1
CCTGCCTCTCCTC,0,1
CCTGCCTCTCGCC,0,1
CCTGCCTCTCTGC,0,2
CCTGCCTCTGGGC,0,2
CCTGCCTGCCCCC,0,1
CCTGCCTGCCTTC,0,1
CCTGCCTGGCCCC,0,1
CCTGCCTGGTGCC,0,2
CCTGCCTGTCCCC,0,1
CCTGCCTGTGCTC,0,1
CCTGCCTGTTCCC,1,1
CCTGCCTGTTTCC,1,1
CCTGCCTTCCCCC,0,1
CCTGCCTTCCTTC,0,4
CCTGCCTTCGTGC,0,1
CCTGCCTTGGTCC,0,1
CCTGCCTTTCCCC,1,1
CCTGCCTTTGCCC,1,1
CCTGCGCCCCCCG,0,1
CCTGCGCCGGGCG,0,1
CCTGCGCCGTTGC,0,1
CCTGCGCCTCCCC,0,1
CCTGCGCCTGCCC,0,1
CCTGCGCGGCCCG,0,3
CCTGCGCTCGCCC,0,1
CCTGCGCTCGGGC,0,1
CCTGCGCTGCCGC,0,1
CCTGCGCTGCCTC,0,1
CCTGCGCTTCTCC,0,1
CCTGCGCTTGCTC,0,2
CCTGCGGCCTCGC,0,1
CCTGCGGGCCCCG,0,1
CCTGCGGGCCGCG,0,6
CCTGCGGGCTGCG,0,1
CCTGCGGGGCGTC,0,1
CCTGCGGGGCTCC,0,1
CCTGCGGGGGGCG,0,1
CCTGCGTCCCTCC,0,8
CCTGCGTCCTTCC,1,1
CCTGCGTCGGCCC,0,2
CCTGCGTCGTTCC,0,1
CCTGCGTCTGCCC,0,1
CCTGCGTGCTGCG,1,1
CCTGCGTGCTGGC,0,2
CCTGCGTGTGCTC,0,9
CCTGCGTGTTTTC,4,4
CCTGCTCCCCCCG,0,1
CCTGCTCCCCTTC,0,1
CCTGCTCCCGCCC,0,1
CCTGCTCCCTGCC,0,1
CCTGCTCCCTTTC,0,1
CCTGCTCCTCGGC,1,1
CCTGCTCCTCTGC,0,2
CCTGCTCCTGTTC,0,1
CCTGCTCGCCCCG,0,1
CCTGCTCGCGCCG,0,1
CCTGCTCTCCTGC,0,1
CCTGCTCTCTCTC,0,2
CCTGCTCTGCCCG,0,1
CCTGCTCTGCCTC,0,1
CCTGCTCTGCTCC,1,1
CCTGCTCTGCTCG,1,1
CCTGCTCTGTGCC,0,1
CCTGCTCTTCTGC,0,1
CCTGCTCTTGTCC,0,1
CCTGCTCTTTCTC,0,2
CCTGCTCTTTTTC,0,1
CCTGCTGCCTGCC,0,1
CCTGCTGCCTTTC,0,2
CCTGCTGCGGCCC,0,1
CCTGCTGCGTCCC,1,1
CCTGCTGCTCCCC,0,1
CCTGCTGCTCCTC,0,10
CCTGCTGGCCCCC,0,1
CCTGCTGGCCTGC,1,1
CCTGCTGGCGCCC,0,1
CCTGCTGGCGTCC,0,1
CCTGCTGGGCCCC,1,1
CCTGCTGGGCCTC,0,1
CCTGCTGGGCTCC,0,1
CCTGCTGGTCTCC,0,2
CCTGCTGTCCTTC,0,1
CCTGCTGTCTCTC,0,3
CCTGCTGTCTGGC,0,1
CCTGCTGTGTGGC,0,1
CCTGCTTCCGGCC,0,1
CCTGCTTCCTCCC,0,1
CCTGCTTCGCCTC,0,1
CCTGCTTGCCTGC,0,1
CCTGCTTGCTCCC,1,1
CCTGCTTGGCCTC,0,1
CCTGCTTGGGCTC,0,1
CCTGCTTGGGGCC,0,6
CCTGCTTGGGTCG,0,1
CCTGCTTGTCTCC,0,3
CCTGCTTGTTGTC,0,1
CCTGCTTTCCCTC,0,1
CCTGCTTTCGTCC,0,1
CCTGCTTTTGTCC,0,1
CCTGCTTTTTGGC,1,2
CCTGGCCCCCGCC,0,1
CCTGGCCCCCTCC,0,1
CCTGGCCCCGGCG,0,1
CCTGGCCCGTGGC,0,1
CCTGGCCCTCCGC,0,1
CCTGGCCCTCTGC,1,2
CCTGGCCCTGCCG,0,1
CCTGGCCCTTTCG,0,1
CCTGGCCGCCCCC,0,1
CCTGGCCGCCGCC,0,1
CCTGGCCGCCGTC,0,1
CCTGGCCGCCTCC,0,2
CCTGGCCGCGGCC,0,1
CCTGGCCGGCCTC,0,1
CCTGGCCGGGGGC,0,1
CCTGGCCGTTTGC,0,1
CCTGGCCTGCCCG,0,1
CCTGGCCTGTCCC,1,1
CCTGGCCTTGGCC,0,1
CCTGGCGCCCGCC,0,1
CCTGGCGCCTCCG,0,1
CCTGGCGCGTCGC,0,1
CCTGGCGGCGCCG,0,1
CCTGGCGGGTCGC,0,1
CCTGGCGGTCCTC,0,1
CCTGGCGTTTGTC,0,1
CCTGGCTCCCTCC,0,1
CCTGGCTCCGCTC,0,1
CCTGGCTCCGGGC,1,1
CCTGGCTCCTGGC,0,1
CCTGGCTCGGTCG,0,1
CCTGGCTCTCTCC,0,1
CCTGGCTGCTTCC,0,1
CCTGGCTGGGCCC,0,1
CCTGGCTGGGTCG,0,1
CCTGGCTGGTGCC,1,2
CCTGGCTGTGCTC,0,1
CCTGGCTGTGGGC,0,1
CCTGGCTGTTGGC,0,1
CCTGGCTTCTCCC,0,1
CCTGGCTTCTTGC,0,1
CCTGGCTTGGCTC,0,1
CCTGGGCCCCCCC,0,1
CCTGGGCCCGCCG,0,1
CCTGGGCCCTCCC,0,2
CCTGGGCCCTGCC,1,1
CCTGGGCCGGGGC,0,1
CCTGGGCCTCCTC,0,1
CCTGGGCCTGCCC,0,2
CCTGGGCGCCGGC,0,3
CCTGGGCGCGCCC,0,1
CCTGGGCGGCTGC,0,1
CCTGGGCGGGTGC,0,2
CCTGGGCTCTGCC,0,2
CCTGGGCTGGCGC,0,1
CCTGGGCTGGGTC,0,1
CCTGGGCTGGTGC,0,2
CCTGGGCTTCTCC,0,1
CCTGGGCTTGGGC,0,1
CCTGGGCTTGTGC,0,1
CCTGGGGCCCTGC,0,2
CCTGGGGCCGCCG,0,1
CCTGGGGCCGGCC,0,1
CCTGGGGCCGGGC,0,3
CCTGGGGCCTTCC,0,1
CCTGGGGCGCGCC,0,3
CCTGGGGCTCCCG,1,1
CCTGGGGCTGCCG,0,1
CCTGGGGCTTCCC,0,1
CCTGGGGGCGGCG,0,1
CCTGGGGGGCCTC,0,1
CCTGGGGGTTCTC,0,1
CCTGGGGTCTCGC,0,1
CCTGGGGTGGCTC,0,2
CCTGGGTCCGGGC,0,1
CCTGGGTCGCCCC,1,1
CCTGGGTCGTCCC,0,1
CCTGGGTCTCCTC,0,1
CCTGGGTGCGTGC,0,1
CCTGGGTGGGGTC,0,2
CCTGGTCCGCCCC,1,1
CCTGGTCCGCTGC,0,1
CCTGGTCCTTGTC,0,1
CCTGGTCGCCCTC,1,1
CCTGGTCTCTCCG,0,1
CCTGGTCTGTGCC,0,1
CCTGGTGCTGGTC,1,1
CCTGGTGGCCCTC,1,1
CCTGGTGGCGGTC,0,1
CCTGGTGGCTGGC,1,1
CCTGGTGGGCTTC,0,1
CCTGGTGGTGGTC,0,1
CCTGGTGTCCGGC,0,1
CCTGGTGTGCCTC,0,1
CCTGGTTCCTTCG,0,1
CCTGGTTCGGTCC,1,1
CCTGGTTCTCCGC,0,1
CCTGGTTCTGTCC,1,1
CCTGGTTCTTCCG,0,1
CCTGGTTTCTGCC,0,1
CCTGGTTTTGTCC,0,1
CCTGGTTTTTCCC,0,1
CCTGTCCCGGCGC,0,1
CCTGTCCCTGCTC,0,2
CCTGTCCCTTGCC,1,2
CCTGTCCCTTGTC,0,1
CCTGTCCGCTCCG,0,1
CCTGTCCGCTTGC,0,1
CCTGTCCGTCCCC,0,1
CCTGTCCGTCCCG,1,1
CCTGTCCGTCTGC,0,1
CCTGTCCTCCTGC,0,1
CCTGTCCTCTCCC,2,2
CCTGTCCTGGGTC,1,1
CCTGTCCTGTCCC,1,4
CCTGTCCTTCCTC,1,1
CCTGTCCTTGCTC,1,1
CCTGTCCTTGGCC,0,1
CCTGTCGCCCCCC,0,1
CCTGTCGCCGGCG,0,1
CCTGTCGGGGTCC,1,1
CCTGTCGGTGCCC,0,1
CCTGTCGTCGTTC,0,1
CCTGTCGTGCGCG,0,1
CCTGTCGTTGCTC,0,2
CCTGTCTCCCCGC,0,1
CCTGTCTCCTCCC,0,3
CCTGTCTCCTCTC,0,1
CCTGTCTCCTTCC,1,1
CCTGTCTCTCTTC,1,1
CCTGTCTCTTCGC,1,1
CCTGTCTCTTTTC,0,3
CCTGTCTGCTTTC,0,1
CCTGTCTGGCTGC,1,1
CCTGTCTGTGCTC,0,1
CCTGTCTTCTCCC,0,1
CCTGTCTTCTGTC,1,1
CCTGTCTTTGGCC,0,1
CCTGTCTTTGTCC,0,1
CCTGTGCCCTGGC,0,1
CCTGTGCCTCCCC,0,1
CCTGTGCCTCGCG,0,1
CCTGTGCTCCCTC,0,1
CCTGTGCTGCCCC,0,1
CCTGTGCTGCCGC,0,1
CCTGTGCTGCTTC,0,1
CCTGTGCTGGGCG,0,1
CCTGTGCTTGCCC,0,5
CCTGTGCTTTCCC,0,1
CCTGTGGCTCCCC,0,1
CCTGTGGGCTCCG,0,2
CCTGTGGGGCTCC,0,1
CCTGTGGGGCTTC,0,1
CCTGTGGGGGCTC,0,1
CCTGTGGGTCTGC,0,1
CCTGTGGTCTGCG,1,1
CCTGTGGTCTTCG,0,1
CCTGTGGTTGTCG,0,1
CCTGTGGTTTGGC,0,1
CCTGTGGTTTTTC,0,1
CCTGTGTCCTCCC,0,1
CCTGTGTCCTCTC,0,1
CCTGTGTCTCTTC,0,1
CCTGTGTCTTCCC,0,1
CCTGTGTCTTGTC,0,1
CCTGTGTCTTTCC,0,1
CCTGTGTCTTTTC,0,1
CCTGTGTGCTTGC,0,1
CCTGTGTGCTTTC,0,1
CCTGTGTGTGCTC,0,7
CCTGTGTTGCCTC,0,1
CCTGTGTTTTCCC,0,1
CCTGTTCCCCGCC,1,1
CCTGTTCCCCGTC,0,2
CCTGTTCCCCTGC,0,3
CCTGTTCCTTTTC,0,1
CCTGTTCGCTCGC,1,1
CCTGTTCGGCGGC,0,1
CCTGTTCGGTGGC,0,2
CCTGTTCTCTCCC,2,2
CCTGTTCTCTCGC,1,1
CCTGTTCTCTCTC,0,1
CCTGTTCTCTGCC,0,1
CCTGTTCTGGCCC,0,1
CCTGTTCTTCTGC,0,1
CCTGTTGCGCCCG,0,1
CCTGTTGCTCCTC,0,1
CCTGTTGCTGCCG,0,1
CCTGTTGCTTTGC,0,1
CCTGTTGGGCTCC,0,2
CCTGTTGTTCTTC,0,1
CCTGTTGTTGTCG,0,2
CCTGTTGTTTGGC,0,10
CCTGTTGTTTTGC,0,13
CCTGTTTCCCCTC,0,1
CCTGTTTCCCGCC,0,1
CCTGTTTCCTGTC,0,1
CCTGTTTCCTTCC,0,1
CCTGTTTCTCCGC,0,1
CCTGTTTGCCTCC,0,1
CCTGTTTGGTTGC,0,1
CCTGTTTGTCTTC,0,1
CCTGTTTGTGTGC,0,1
CCTGTTTTCCCTC,0,2
CCTGTTTTCTCTC,0,1
CCTGTTTTTCTCC,0,1
CCTGTTTTTCTTC,0,4
CCTTCCCCCGTCC,1,1
CCTTCCCCCTCCC,0,1
CCTTCCCCCTCTC,0,1
CCTTCCCCCTTCC,0,2
CCTTCCCCGCCCC,0,1
CCTTCCCCGCCGC,0,1
CCTTCCCCTCCCG,0,2
CCTTCCCCTTCCG,0,1
CCTTCCCTCCCTC,0,1
CCTTCCCTCTTCC,1,1
CCTTCCCTGCCCG,0,1
CCTTCCCTGCGGC,0,1
CCTTCCCTGGTGC,0,1
CCTTCCCTTCCTC,0,3
CCTTCCCTTCTGC,0,1
CCTTCCGCCCCTC,0,1
CCTTCCGCGCCGC,0,1
CCTTCCGGCTGCG,0,1
CCTTCCGGCTGTC,0,1
CCTTCCGGTGTCG,0,1
CCTTCCGTCCGCG,0,1
CCTTCCGTGCTTC,0,1
CCTTCCGTGGTGC,0,1
CCTTCCTCCCTCC,0,2
CCTTCCTCCTCCC,1,1
CCTTCCTCGCTCC,1,1
CCTTCCTCGGTCC,1,1
CCTTCCTCGTGGC,0,1
CCTTCCTCTCCGC,1,1
CCTTCCTCTCCTC,0,1
CCTTCCTCTCTTC,0,1
CCTTCCTGCCCCC,0,1
CCTTCCTGCCGTC,0,1
CCTTCCTGCGTCC,0,1
CCTTCCTGGGCCC,0,1
CCTTCCTGGGGCC,0,2
CCTTCCTTCCTCG,1,1
CCTTCCTTCCTTC,0,1
CCTTCCTTCGTCG,0,1
CCTTCCTTGCTGC,0,2
CCTTCCTTGGGGC,0,1
CCTTCCTTTCCCG,1,1
CCTTCCTTTCTTC,0,1
CCTTCCTTTTCCC,1,1
CCTTCGCCCGCCC,0,1
CCTTCGCCCGTCC,0,2
CCTTCGCCCTGGC,0,1
CCTTCGCCGCCGC,0,1
CCTTCGCCTTCTC,0,1
CCTTCGCGGCCGC,0,1
CCTTCGCTCGTCG,0,1
CCTTCGCTGCTGC,0,1
CCTTCGCTGTGGC,0,1
CCTTCGCTTGTCG,1,1
CCTTCGGGTTTTC,0,3
CCTTCGGTTTTGC,0,2
CCTTCGTCGCCGC,0,1
CCTTCGTCTTGGC,0,1
CCTTCGTTCCTTC,0,1
CCTTCTCCCCGCC,0,1
CCTTCTCCCGGGC,0,1
CCTTCTCCCTGCC,0,1
CCTTCTCCCTTCC,1,1
CCTTCTCCGCCTC,0,1
CCTTCTCCGCTCC,0,1
CCTTCTCCGGCCC,0,1
CCTTCTCCTCCCC,0,1
CCTTCTCCTCCTC,0,1
CCTTCTCCTCGTC,0,1
CCTTCTCCTGTCC,0,1
CCTTCTCCTTCCC,0,3
CCTTCTCCTTCCG,0,1
CCTTCTCCTTCTC,0,1
CCTTCTCCTTTCC,1,1
CCTTCTCGCTGTC,1,1
CCTTCTCGGTGTC,0,1
CCTTCTCTCCTGC,0,1
CCTTCTCTCTCTC,0,2
CCTTCTCTCTGCC,0,1
CCTTCTCTCTTTC,1,1
CCTTCTCTGCCTC,0,1
CCTTCTCTGCTTC,0,1
CCTTCTCTGTTTC,1,1
CCTTCTCTTCCTC,1,1
CCTTCTCTTCTCC,3,4
CCTTCTCTTGCCC,1,1
CCTTCTCTTTCCC,0,1
CCTTCTGCCCTTC,0,1
CCTTCTGCCGTCC,0,1
CCTTCTGCGCCCC,0,1
CCTTCTGCGGCTC,0,1
CCTTCTGCTCCCC,4,4
CCTTCTGCTCTGC,0,1
CCTTCTGCTGCTC,1,1
CCTTCTGCTTCCG,0,1
CCTTCTGGGTCCC,0,1
CCTTCTGTGCCCC,1,1
CCTTCTTCCCTTC,0,1
CCTTCTTCCGGCG,0,1
CCTTCTTCCGTGC,1,1
CCTTCTTCCTCCC,0,1
CCTTCTTCCTGCG,0,2
CCTTCTTCCTTCC,0,1
CCTTCTTCTTCCG,0,1
CCTTCTTCTTCTC,0,1
CCTTCTTGCCCCG,0,1
CCTTCTTGGTGGC,0,1
CCTTCTTGTCCTC,0,1
CCTTCTTGTCGCC,0,1
CCTTCTTGTCTGC,0,1
CCTTCTTTCCTCC,2,3
CCTTCTTTCTGCC,0,1
CCTTCTTTCTTCC,0,1
CCTTCTTTCTTTC,0,1
CCTTCTTTGCTCG,0,1
CCTTCTTTGTCTC,0,2
CCTTCTTTTCTTC,0,1
CCTTCTTTTTTTC,0,1
CCTTGCCCCCGTC,0,1
CCTTGCCCTCTCC,0,1
CCTTGCCCTGTCC,0,1
CCTTGCCCTGTTC,1,2
CCTTGCCCTTCTC,0,1
CCTTGCCGGGCTC,0,1
CCTTGCCGGTCGC,0,1
CCTTGCCTGCTCC,0,1
CCTTGCCTGTGGC,0,1
CCTTGCCTTCCCC,0,1
CCTTGCCTTCCTC,0,1
CCTTGCCTTTTGC,0,1
CCTTGCGGCTTTC,0,1
CCTTGCTCCCTGC,0,2
CCTTGCTCTCTTC,0,1
CCTTGCTCTGCTC,1,2
CCTTGCTGCCTCG,0,1
CCTTGCTGCTCCC,0,1
CCTTGCTGTCTCC,1,2
CCTTGGCCCGGCC,0,1
CCTTGGCCGTCCC,0,3
CCTTGGCCTCCCC,0,1
CCTTGGCCTGGCC,0,1
CCTTGGCCTTGGC,0,1
CCTTGGCTGCCCG,0,2
CCTTGGCTGCCTC,0,2
CCTTGGCTGCGCC,0,1
CCTTGGCTGCGTC,0,1
CCTTGGCTGCTCC,2,3
CCTTGGCTGTGGC,0,3
CCTTGGCTTGGCC,0,1
CCTTGGGCCCCTC,0,1
CCTTGGGCCGCCC,0,1
CCTTGGGCCGTCG,0,1
CCTTGGGCGGGCG,0,1
CCTTGGGCTCTCC,0,1
CCTTGGGGCCCGC,0,1
CCTTGGGGCCTGC,0,1
CCTTGGGGGCTGC,1,1
CCTTGGGTTCCTC,0,2
CCTTGGGTTCTCC,0,1
CCTTGGTCCCGGC,0,1
CCTTGGTCCTTCC,0,1
CCTTGGTCTGTCG,0,1
CCTTGGTCTTCCC,0,1
CCTTGGTGCGGCC,0,1
CCTTGGTGCTCTC,1,1
CCTTGGTGGGGCC,0,1
CCTTGGTTCGTGC,0,1
CCTTGGTTCTTTC,0,1
CCTTGGTTTCCTC,0,1
CCTTGGTTTGCCG,1,1
CCTTGGTTTGGTC,0,1
CCTTGTCCTGGGC,0,1
CCTTGTCCTTTTC,0,1
CCTTGTCGCTGCC,0,1
CCTTGTCGGCGCG,0,1
CCTTGTCGTGCTC,0,1
CCTTGTCGTTTTC,0,1
CCTTGTCTGGGTC,1,1
CCTTGTGCTCCCC,0,1
CCTTGTGGCCTCG,0,1
CCTTGTGTTTTCC,0,1
CCTTGTTCCTTTC,0,1
CCTTGTTCTGGGC,0,1
CCTTGTTCTTGCC,0,1
CCTTGTTCTTTTC,0,1
CCTTGTTGTGTGC,0,2
CCTTGTTTTGTTC,0,1
CCTTGTTTTTCTC,0,3
CCTTGTTTTTTCC,0,1
CCTTTCCCCCTTC,0,1
CCTTTCCCCGCCC,2,2
CCTTTCCCCTCCC,1,4
CCTTTCCCGGCCG,0,1
CCTTTCCCTCTTC,0,2
CCTTTCCCTGTTC,0,1
CCTTTCCCTTCTC,0,2
CCTTTCCGGTTGC,0,2
CCTTTCCGTCGCC,1,1
CCTTTCCTCCTTC,0,1
CCTTTCCTGTCCG,0,1
CCTTTCCTTTCTC,0,1
CCTTTCCTTTGCC,0,1
CCTTTCGCTTCCC,0,1
CCTTTCTCCCCCC,0,1
CCTTTCTCCGCCG,0,1
CCTTTCTCCTGCC,1,1
CCTTTCTCCTTCC,0,1
CCTTTCTCCTTTC,0,1
CCTTTCTCGTTTC,0,1
CCTTTCTCTCCTC,0,1
CCTTTCTCTTCTC,0,1
CCTTTCTGCCTCC,0,1
CCTTTCTGCTCCG,0,1
CCTTTCTTCCCGC,0,2
CCTTTCTTCCCTC,1,3
CCTTTCTTCTGTC,2,2
CCTTTCTTGTTGC,0,2
CCTTTCTTTCTCC,0,1
CCTTTCTTTCTTC,0,1
CCTTTGCCCTCCC,0,1
CCTTTGCCCTTCC,0,3
CCTTTGCCTCCCC,2,3
CCTTTGCCTCCTC,0,1
CCTTTGCCTCTTC,0,1
CCTTTGCCTTCCC,17,38
CCTTTGCTCCTGC,0,1
CCTTTGCTCGTCC,0,1
CCTTTGCTGGCCC,0,1
CCTTTGCTGTCCC,8,41
CCTTTGCTGTGGC,0,1
CCTTTGCTGTTCC,1,1
CCTTTGCTTCTCC,0,1
CCTTTGGCGGGTC,0,2
CCTTTGGCGTGTC,0,14
CCTTTGGCTCTCC,0,1
CCTTTGGGCCCTC,0,1
CCTTTGGGCTCTC,0,1
CCTTTGGTCTCCG,0,1
CCTTTGGTCTGCG,0,1
CCTTTGTCTTTCG,0,1
CCTTTGTCTTTGC,0,1
CCTTTGTCTTTTC,0,1
CCTTTGTGGCCTC,0,1
CCTTTGTGGTTCC,0,1
CCTTTGTGTGCTC,0,12
CCTTTGTTGCCTC,0,1
CCTTTGTTGTCCC,2,2
CCTTTGTTTTTTC,1,1
CCTTTTCCTCCCG,0,1
CCTTTTCCTCTCC,0,1
CCTTTTCCTTGTC,0,1
CCTTTTCCTTTGC,0,1
CCTTTTCGCTTCC,0,1
CCTTTTCGTTTCC,0,1
CCTTTTCTGTCTC,0,1
CCTTTTCTTCCCC,1,1
CCTTTTCTTCCTC,0,1
CCTTTTCTTGCTC,0,1
CCTTTTCTTGTCG,0,1
CCTTTTCTTTTTC,0,1
CCTTTTGCGGGCC,0,1
CCTTTTGCGGTGC,0,1
CCTTTTGCGTCCG,0,1
CCTTTTGCTGCTC,1,1
CCTTTTGGGCTTC,0,1
CCTTTTGGTGTCG,0,1
CCTTTTGTCCTGC,0,1
CCTTTTGTTCGTC,17,17
CCTTTTGTTCTTC,0,1
CCTTTTGTTGCTC,0,1
CCTTTTGTTTTTC,0,1
CCTTTTTCCCTTC,0,1
CCTTTTTCTCCGC,0,1
CCTTTTTGCCCTC,0,6
CCTTTTTGCTTTC,0,1
CCTTTTTTCCGTC,0,1
CCTTTTTTCTTGC,0,1
CCTTTTTTGTGCC,0,1
CCTTTTTTGTTGC,0,1
CCTTTTTTTTCCC,0,1
CCTTTTTTTTTCC,0,1
CCTTTTTTTTTTC,1,1
CGAAAAAAAAAAA,0,1
CGAAAAAAAACCC,0,1
CGAAAAAAAAGAA,0,1
CGAAAAAAACGGA,0,1
CGAAAAAAAGAAA,1,1
CGAAAAACAAAAA,0,1
CGAAAAACCAAAA,0,1
CGAAAAACCAGAA,0,1
CGAAAAACGCAGA,0,1
CGAAAAACGCCGC,0,1
CGAAAAAGAACAA,0,1
CGAAAAAGACGAC,0,1
CGAAAAAGAGGCC,0,1
CGAAAAAGGAAGA,0,4
CGAAAAAGGCGCC,0,1
CGAAAACAACAAA,0,1
CGAAAACAGACGC,0,1
CGAAAACAGCAGC,0,1
CGAAAACCCCCAG,0,1
CGAAAACGAAAAA,0,1
CGAAAACGACAAG,0,1
CGAAAACGCACAA,0,1
CGAAAACGGGAGC,0,1
CGAAAAGAAGAAG,0,1
CGAAAAGACAACG,0,1
CGAAAAGAGAAGC,0,1
CGAAAAGAGAGGC,0,1
CGAAAAGCAGAAC,0,1
CGAAAAGGACAAG,0,1
CGAAAAGGCCAAA,1,1
CGAAAAGGGGCCG,0,2
CGAAACACCAAAA,0,1
CGAAACACCGCCG,0,1
CGAAACAGAGAAG,3,5
CGAAACAGAGAGA,0,3
CGAAACAGCCAAC,0,2
CGAAACAGCGAAC,0,1
CGAAACCAAAAAG,0,11
CGAAACCACGGCA,0,1
CGAAACCCAAACA,0,1
CGAAACCCCAAGA,0,1
CGAAACCGAAAAG,0,1
CGAAACCGGCGAA,0,1
CGAAACGAAGCAA,0,1
CGAAACGACCACG,0,1
CGAAACGAGACAG,0,1
CGAAACGCACGAG,0,1
CGAAACGCGAGAC,0,1
CGAAACGGAACAA,0,1
CGAAACGGAGGGA,0,1
CGAAACGGCCGCC,0,1
CGAAACGGGAGAA,0,1
CGAAAGAAAAGAA,0,1
CGAAAGAAACGAA,0,1
CGAAAGAAAGACG,0,1
CGAAAGAAAGCAA,0,1
CGAAAGACAAGGA,0,1
CGAAAGACCACAA,0,1
CGAAAGACCCAAA,0,1
CGAAAGACCGCGC,1,1
CGAAAGAGAAAAA,0,1
CGAAAGAGAAACC,0,1
CGAAAGAGAAACG,0,1
CGAAAGAGAAGCC,0,1
CGAAAGAGAGACG,0,1
CGAAAGAGCACAG,0,1
CGAAAGAGCAGCC,0,1
CGAAAGAGGAGAG,0,1
CGAAAGCAAAAAA,0,1
CGAAAGCACACAG,0,1
CGAAAGCAGAAGA,0,1
CGAAAGCAGACAG,1,1
CGAAAGCAGGAAG,0,1
CGAAAGCCGGCCA,0,2
CGAAAGCGAAAAG,0,1
CGAAAGCGGCACA,1,1
CGAAAGCGGCGGC,0,1
CGAAAGGAAAAAG,0,1
CGAAAGGAAGCCC,0,1
CGAAAGGCGCGCG,0,1
CGAAAGGGAAACC,0,1
CGAAAGGGAAACG,0,1
CGAAAGGGAGCCC,0,1
CGAACAAAAAAAA,0,1
CGAACAAAAAGAC,0,1
CGAACAAAACCAA,0,1
CGAACAAACCCAC,0,1
CGAACAAACCGAA,0,1
CGAACAAAGCACA,0,1
CGAACAAAGCAGC,0,1
CGAACAAAGCGGC,0,1
CGAACAACACCAC,0,1
CGAACAACACGAA,0,1
CGAACAACCAAGA,0,1
CGAACAACCGCCA,1,1
CGAACAAGCCACG,0,1
CGAACACAAAAAA,0,1
CGAACACCCAAGA,0,1
CGAACACCCGAGA,0,1
CGAACACGACACG,1,1
CGAACACGGACAC,0,1
CGAACAGACAGCG,0,1
CGAACAGCAACCG,0,1
CGAACAGCACGAC,1,1
CGAACAGCCACAC,0,5
CGAACAGGAAGGC,0,1
CGAACAGGACACC,0,1
CGAACAGGCGAAC,1,1
CGAACAGGGAAAG,0,1
CGAACAGGGAGAC,0,1
CGAACCAACACAA,0,1
CGAACCAAGAACA,0,1
CGAACCAAGCACA,0,1
CGAACCACGGAAA,1,1
CGAACCAGAGACA,0,1
CGAACCCAAGGAA,0,1
CGAACCCACGACC,0,1
CGAACCCAGGCCC,0,1
CGAACCCCCGACG,0,1
CGAACCCGCAAAA,0,1
CGAACCGAAAAAA,0,1
CGAACCGAACCGA,1,3
CGAACCGAGCGAG,1,1
CGAACCGCAGGAC,0,1
CGAACCGGAAGAA,0,1
CGAACCGGCCCGA,0,1
CGAACGACAGCGA,0,1
CGAACGACGCCAA,0,1
CGAACGAGCCACG,0,1
CGAACGCCCCCGC,0,1
CGAACGCGAGCAC,0,1
CGAACGCGCGCGC,0,1
CGAACGGAACAAC,0,1
CGAACGGAACACG,0,3
CGAACGGAGCCGA,0,1
CGAACGGAGGGAG,0,2
CGAACGGCAGCGC,0,1
CGAAGAAAAACAG,0,4
CGAAGAAAAGCCG,0,1
CGAAGAAAAGCGA,0,1
CGAAGAAACGCCA,0,1
CGAAGAAACGCGC,1,1
CGAAGAAAGAAAA,0,1
CGAAGAAAGAAGA,1,1
CGAAGAAAGAGCA,0,2
CGAAGAAGACGAC,0,1
CGAAGAAGAGCAA,0,1
CGAAGAAGGAACC,0,1
CGAAGACAACAAA,0,1
CGAAGACCGCGAC,1,1
CGAAGACGGAGGA,0,1
CGAAGAGACAGGA,1,1
CGAAGAGAGAGAG,5,6
CGAAGAGAGAGCG,1,1
CGAAGAGCAACAA,0,1
CGAAGAGCGCCAC,0,1
CGAAGAGGACAAG,0,2
CGAAGAGGAGAAG,0,1
CGAAGAGGCAAGA,0,1
CGAAGAGGCAGAG,0,1
CGAAGCAAAAAAG,0,1
CGAAGCAAAGCCA,0,1
CGAAGCAACCGAC,0,1
CGAAGCAACGAGA,0,1
CGAAGCAACGCGC,0,1
CGAAGCACACGAA,0,1
CGAAGCACACGCA,0,1
CGAAGCACCACGA,0,3
CGAAGCACGGAAG,0,1
CGAAGCAGAGACA,0,1
CGAAGCAGGAGCC,0,1
CGAAGCCAAAGAC,0,1
CGAAGCCAAGCCA,0,1
CGAAGCCCAAAAC,0,2
CGAAGCCCAAGCG,1,1
CGAAGCCCGCAGC,0,1
CGAAGCCCGCCAC,0,1
CGAAGCCGCGGGA,0,1
CGAAGCCGGGGCC,0,1
CGAAGCGAAACAG,0,1
CGAAGCGACGCAG,0,1
CGAAGCGCACGCC,0,1
CGAAGCGCGGCGA,0,2
CGAAGCGGAGGAG,1,1
CGAAGGAACCAGA,0,1
CGAAGGACACCAG,0,1
CGAAGGACCAAAA,0,1
CGAAGGAGAAGAC,0,1
CGAAGGAGAGAAC,0,3
CGAAGGAGAGCCC,0,1
CGAAGGAGGAAAC,0,1
CGAAGGCAACCGC,0,1
CGAAGGCAGGCAG,0,1
CGAAGGCAGGGGA,0,1
CGAAGGCCCAAGA,0,2
CGAAGGCCCCGCC,0,1
CGAAGGCGAAGCC,0,1
CGAAGGCGACAGA,0,1
CGAAGGCGAGAAG,1,1
CGAAGGCGGAACC,1,1
CGAAGGCGGCGGC,0,1
CGAAGGGAAAGGA,0,1
CGAAGGGAAGGAC,0,1
CGAAGGGAAGGGC,0,9
CGAAGGGAGCCCC,1,1
CGAAGGGAGGAGC,0,1
CGAAGGGAGGGCG,0,1
CGAAGGGCAACAA,0,3
CGAAGGGCAACGA,0,1
CGAAGGGGACGCC,1,1
CGAAGGGGAGAGA,0,1
CGAAGGGGGCGGA,0,2
CGACAAAAAAGAC,0,2
CGACAAAAAGCGC,0,1
CGACAAAACGAGA,1,1
CGACAAACACCAG,0,1
CGACAAACACCCG,0,1
CGACAAACGCCAG,0,1
CGACAAAGAGAGC,0,1
CGACAAAGGGACA,0,1
CGACAACAAAACA,0,1
CGACAACAACAAC,1,1
CGACAACAAGAAA,0,4
CGACAACAAGCGC,0,1
CGACAACAAGGCG,0,1
CGACAACGCGGGA,0,1
CGACAACGGCAGC,0,1
CGACAAGACAAAG,0,1
CGACAAGACACAA,1,1
CGACAAGCGGCCG,0,1
CGACAAGGGCGAA,0,1
CGACACAAAAGAG,0,1
CGACACAAAGCGC,0,1
CGACACAACAAAA,1,1
CGACACACCAAAC,0,1
CGACACACCGGCC,0,1
CGACACACGACGC,0,1
CGACACAGAAAGC,0,1
CGACACAGACACG,0,1
CGACACAGACCCG,0,1
CGACACAGAGACA,0,1
CGACACAGGAACA,0,1
CGACACAGGGACA,0,1
CGACACCAAAAAA,0,1
CGACACCAAAAAG,0,1
CGACACCAGCCGC,0,1
CGACACCCCGGAG,0,3
CGACACCGCAACA,0,1
CGACACCGGCGAA,0,1
CGACACGACCAGA,0,1
CGACACGACGGAC,0,1
CGACACGAGCACC,0,2
CGACACGCAGGCG,1,1
CGACACGCGCGCC,0,1
CGACACGGACACG,0,1
CGACACGGACAGC,0,1
CGACACGGAGACC,0,1
CGACAGAAAAGAA,0,1
CGACAGAAGAGAG,4,5
CGACAGACAGACA,0,1
CGACAGACCAAAA,0,1
CGACAGAGAGAGA,0,1
CGACAGAGAGAGC,0,1
CGACAGAGCCAGA,0,1
CGACAGAGCCAGC,0,1
CGACAGAGCCGGA,0,1
CGACAGAGCCGGC,0,4
CGACAGAGCGACG,0,1
CGACAGAGGAGAG,0,1
CGACAGCAAACAG,0,1
CGACAGCAAACCG,0,1
CGACAGCAAGACG,0,1
CGACAGCACACAA,0,2
CGACAGCACGAAA,0,1
CGACAGCACGACA,10,24
CGACAGCAGAAAA,1,1
CGACAGCCACACG,0,1
CGACAGCCGCCCC,0,1
CGACAGCCGCCGC,0,1
CGACAGCCGCGCG,0,1
CGACAGCGACAGC,0,1
CGACAGCGGGCAA,0,2
CGACAGCGGGGGA,0,1
CGACAGGAAGGGA,0,1
CGACAGGACCCAA,0,1
CGACAGGAGCGGC,0,1
CGACAGGCACCGA,0,1
CGACAGGCCACCC,0,1
CGACAGGCCGACA,0,1
CGACAGGGAGGGA,0,2
CGACAGGGCGACC,0,1
CGACAGGGGCACC,1,1
CGACCAACAGGAA,0,1
CGACCAAGAACAC,0,1
CGACCACAAGGCC,0,1
CGACCACAGCACA,0,1
CGACCACAGCCGA,0,1
CGACCACCAAAAG,0,1
CGACCACCCCGCA,1,1
CGACCACCGAAAC,0,1
CGACCACGCGCAC,0,1
CGACCAGCACCAG,0,1
CGACCAGCGCGCC,0,4
CGACCAGGAGACG,0,2
CGACCAGGCGGCG,0,1
CGACCCAACAGCC,0,1
CGACCCAACCCCC,0,2
CGACCCAAGAGAG,0,1
CGACCCACGCCGC,0,1
CGACCCAGACAAC,0,1
CGACCCAGCACCC,0,1
CGACCCAGCCCCA,0,1
CGACCCCCAGCCC,0,1
CGACCCCCCCCCC,0,1
CGACCCCCGCCGC,0,1
CGACCCCGCAGAG,0,1
CGACCCCGGCGCG,0,1
CGACCCGAGACCA,0,1
CGACCCGCGAACC,0,1
CGACCCGGCCCCG,0,1
CGACCCGGCGGCG,0,1
CGACCCGGGGGGC,0,1
CGACCGAAAAGGC,0,1
CGACCGAAAGCAC,0,1
CGACCGAACGAGA,0,1
CGACCGACACCAA,0,2
CGACCGACGAGCG,0,2
CGACCGAGACGAA,0,1
CGACCGAGAGAGA,0,1
CGACCGAGCACCC,0,1
CGACCGCAAAAAC,0,1
CGACCGCACCCGC,0,1
CGACCGCACGGCC,0,1
CGACCGCAGCCAC,0,1
CGACCGCCAGGCC,0,1
CGACCGCCCGGCG,0,1
CGACCGCCGCACG,0,1
CGACCGCGCCGGC,0,1
CGACCGCGGAAAC,0,1
CGACCGGAGGGAG,0,1
CGACCGGCAGGCC,0,1
CGACCGGCCCACC,0,1
CGACCGGCCCGAC,0,1
CGACCGGCCCGGC,0,1
CGACCGGCCGGCC,0,1
CGACCGGCGCCCG,0,1
CGACCGGCGGCCG,0,1
CGACCGGGAGCGC,0,2
CGACCGGGCCCGA,0,1
CGACCGGGGGAAG,0,1
CGACGAAAAAAAG,1,1
CGACGAAAACGAC,0,1
CGACGAAACCCAC,0,1
CGACGAAAGCACA,0,1
CGACGAAAGGCGC,0,1
CGACGAACAAAAC,0,1
CGACGAACGAAGA,0,1
CGACGAAGAAGAA,0,1
CGACGAAGAAGAC,0,1
CGACGAAGAAGAG,1,1
CGACGAAGAGCGC,0,1
CGACGACAAGCGC,0,2
CGACGACACAGAG,0,1
CGACGACAGAGCC,7,7
CGACGACAGAGCG,0,1
CGACGACAGCAAC,0,1
CGACGACAGCGCC,0,1
CGACGACAGGAGC,0,1
CGACGACCGACAC,0,1
CGACGACCGACGA,0,1
CGACGACCGAGCA,0,1
CGACGACCGCCGC,0,1
CGACGACGAAGAA,0,1
CGACGACGACCGC,0,1
CGACGACGACGAG,1,1
CGACGACGACGCA,0,1
CGACGACGAGCAC,1,1
CGACGACGAGGAC,0,1
CGACGACGAGGAG,1,1
CGACGACGCAGCA,1,1
CGACGACGGCACG,0,1
CGACGACGGGGAG,1,1
CGACGAGAACCCG,1,1
CGACGAGAGAGAG,4,4
CGACGAGCAACGC,0,1
CGACGAGCACGAC,1,1
CGACGAGCAGCGA,0,1
CGACGAGCAGCGC,0,17
CGACGAGCCGAAC,0,1
CGACGAGCGAGCG,0,1
CGACGAGCGCAGA,0,1
CGACGAGGACCCA,0,1
CGACGAGGACGAG,0,1
CGACGAGGCAAGA,0,1
CGACGAGGCGAAC,0,1
CGACGCAAACCCA,0,1
CGACGCAACCACG,0,1
CGACGCAAGCCGC,0,1
CGACGCAGGAGCC,0,1
CGACGCAGGGACA,0,1
CGACGCCAAGACC,0,1
CGACGCCAGGCCA,0,1
CGACGCCCGGCGC,0,1
CGACGCCGCCAGC,1,1
CGACGCCGCCCCC,0,1
CGACGCCGCCGCC,0,1
CGACGCCGGCACC,1,2
CGACGCCGGCGAC,1,2
CGACGCCGGCGGA,0,1
CGACGCGAGAACG,1,1
CGACGCGAGCACC,1,1
CGACGCGCCGGAG,0,1
CGACGCGGAGAGC,0,1
CGACGCGGCGGAG,0,1
CGACGCGGGGAAC,1,1
CGACGGAAAAAAC,0,1
CGACGGAAAGGCC,0,1
CGACGGAACGGGC,0,1
CGACGGACAAACG,0,1
CGACGGACAGACA,0,1
CGACGGACAGCAA,0,1
CGACGGACGCAGC,0,1
CGACGGACGGCGA,0,1
CGACGGAGACGAC,0,2
CGACGGAGACGCC,0,1
CGACGGAGAGAGC,0,1
CGACGGAGAGGCC,0,1
CGACGGAGCCCGC,0,1
CGACGGAGCCGCA,0,1
CGACGGAGGCGCG,1,1
CGACGGCAAAAGA,0,1
CGACGGCAAGAGA,0,1
CGACGGCAAGCGC,0,1
CGACGGCAGGGAG,0,1
CGACGGCCAAAGA,0,1
CGACGGCCCGCAC,0,1
CGACGGCCGAGCG,1,1
CGACGGCCGGCAA,0,1
CGACGGCCGGCCG,0,1
CGACGGCCGGGAG,0,1
CGACGGCGACGCC,0,1
CGACGGCGCCGCC,0,1
CGACGGCGGAACG,0,1
CGACGGCGGCGGC,0,2
CGACGGCGGGACA,0,1
CGACGGGAAGCCG,0,1
CGACGGGACGGGC,1,1
CGACGGGCAAGGA,0,1
CGACGGGCAGCGC,0,1
CGACGGGCCAGCG,0,1
CGACGGGCCGCCG,0,1
CGACGGGCCGGGC,0,1
CGACGGGCGGAGC,0,3
CGACGGGGAAGCG,0,1
CGACGGGGAGGAC,1,1
CGACGGGGCGACC,0,1
CGACGGGGCGCGC,0,3
CGACGGGGGCAAG,0,2
CGAGAAAAAAAGA,0,1
CGAGAAAAAAGAA,0,1
CGAGAAAAACACA,0,1
CGAGAAAACCGCA,0,1
CGAGAAAAGAACA,0,2
CGAGAAAAGGAAG,0,1
CGAGAAACAGACG,0,1
CGAGAAACCAAGC,0,2
CGAGAAACCGGCC,0,1
CGAGAAACGCCGC,0,1
CGAGAAACGGAGC,0,1
CGAGAAACGGGGC,0,1
CGAGAAAGAAAGA,0,1
CGAGAAAGACCGC,0,2
CGAGAACACAAGA,0,1
CGAGAACCACAGC,0,1
CGAGAACCACGAA,0,1
CGAGAACCCAACA,0,1
CGAGAACCGCAGC,0,1
CGAGAACCGGCCG,0,1
CGAGAACGAAAAA,0,1
CGAGAACGAAACG,0,1
CGAGAACGCGAGC,1,1
CGAGAACGGAGGA,1,1
CGAGAACGGCGAC,0,1
CGAGAAGAAACCA,0,1
CGAGAAGAAACGC,0,1
CGAGAAGAAAGCA,0,1
CGAGAAGAAGAAA,0,1
CGAGAAGAGCACA,0,2
CGAGAAGAGCACC,0,3
CGAGAAGAGGAAG,0,1
CGAGAAGAGGGAA,0,1
CGAGAAGCAAGAC,1,1
CGAGAAGCACAGA,0,1
CGAGAAGCCCACG,0,1
CGAGAAGGAAGAC,0,6
CGAGAAGGACCGC,0,1
CGAGAAGGGAACG,0,1
CGAGACAACAGAG,0,1
CGAGACAACCCGA,0,1
CGAGACACAGAAA,0,2
CGAGACAGAAAAG,0,1
CGAGACAGACAAA,0,1
CGAGACAGAGCAC,0,1
CGAGACAGAGCCC,0,1
CGAGACAGCAGCA,0,1
CGAGACAGGAGAG,0,1
CGAGACAGGCCCC,0,1
CGAGACCAAAGGA,0,1
CGAGACCACAAGA,0,2
CGAGACCCCAGGC,0,1
CGAGACCCGAAGA,0,1
CGAGACCGAGGCC,0,1
CGAGACCGCACCG,0,1
CGAGACGACAACA,0,2
CGAGACGACGCAA,0,1
CGAGACGAGAGCG,0,2
CGAGACGCCCGAC,0,1
CGAGACGGCCGCG,0,1
CGAGACGGCGCAC,0,1
CGAGAGAAAAACG,0,1
CGAGAGAAAAAGA,0,1
CGAGAGAAAACAA,0,1
CGAGAGAACAAAA,0,2
CGAGAGAACAGGA,1,1
CGAGAGACACACG,0,1
CGAGAGACGGAAG,0,1
CGAGAGAGACAGA,0,1
CGAGAGAGACGAA,0,1
CGAGAGAGAGAGA,0,1
CGAGAGAGAGAGC,1,1
CGAGAGAGAGCAC,27,27
CGAGAGAGAGCAG,0,1
CGAGAGAGCACGC,0,1
CGAGAGCAAAAAA,0,1
CGAGAGCAAACCA,0,1
CGAGAGCAGAGAG,0,1
CGAGAGCAGCACG,0,1
CGAGAGCCCAAGC,0,1
CGAGAGCGAAGCA,0,1
CGAGAGCGACAAC,0,1
CGAGAGCGAGAGC,0,1
CGAGAGCGGGACC,1,1
CGAGAGGAAGACA,0,1
CGAGAGGAAGCAA,0,1
CGAGAGGCAGGGA,0,1
CGAGAGGCCGGCC,0,1
CGAGAGGCGACCG,0,3
CGAGAGGCGAGAG,0,1
CGAGAGGCGGAGA,0,1
CGAGAGGGAAAAA,0,1
CGAGAGGGACGAC,0,1
CGAGAGGGACGGA,0,1
CGAGAGGGAGGAG,0,4
CGAGAGGGCAACA,0,1
CGAGAGGGCCAGA,0,1
CGAGAGGGGGAGA,1,2
CGAGCAAAAAAAA,0,2
CGAGCAAAAGCAC,0,1
CGAGCAAAGCACA,0,19
CGAGCAACAAAAC,1,1
CGAGCAACAACAA,0,1
CGAGCAACAGACG,0,1
CGAGCAACCGCCC,1,1
CGAGCAAGCCGAA,0,1
CGAGCAAGCGGCG,0,1
CGAGCAAGGGCCG,0,1
CGAGCACAACCCG,0,1
CGAGCACCACCAC,0,1
CGAGCACCACGCC,0,1
CGAGCACCAGCCA,1,1
CGAGCACCCGGCG,0,1
CGAGCACGACAAG,0,2
CGAGCACGCGGCC,1,1
CGAGCACGGCGCC,0,1
CGAGCAGAAGCAC,0,1
CGAGCAGACAACG,1,1
CGAGCAGACACCG,0,1
CGAGCAGACCGGC,0,1
CGAGCAGAGAGGA,0,1
CGAGCAGAGAGGC,1,1
CGAGCAGAGCAGA,0,1
CGAGCAGAGCCAC,0,1
CGAGCAGAGGCCC,0,1
CGAGCAGCCAGCG,0,1
CGAGCAGCCCCCG,0,1
CGAGCAGCCGACG,0,1
CGAGCAGCGGACA,0,1
CGAGCAGGAAACG,0,1
CGAGCAGGAAAGA,0,1
CGAGCAGGAACCG,0,1
CGAGCAGGCCACC,0,1
CGAGCAGGCGGAG,0,1
CGAGCAGGGGAGC,0,1
CGAGCAGGGGGCG,0,1
CGAGCCAAAAACC,0,1
CGAGCCAACGCCG,0,2
CGAGCCAAGACCA,1,1
CGAGCCAAGGGAC,0,1
CGAGCCACAGCAG,0,1
CGAGCCACAGGCA,0,1
CGAGCCACCCCAG,0,2
CGAGCCAGAGCAG,0,1
CGAGCCAGCGGAG,1,1
CGAGCCCAGACAG,0,1
CGAGCCCCACAGC,0,1
CGAGCCCCACGCA,2,3
CGAGCCCCAGCCA,1,1
CGAGCCCCAGGGA,0,1
CGAGCCCCCAGGA,0,2
CGAGCCCCCCCCC,0,1
CGAGCCCCCCCCG,0,1
CGAGCCCCCCGAA,0,1
CGAGCCCCCCGGA,0,1
CGAGCCCCCGCAG,0,1
CGAGCCCCCGGGA,0,1
CGAGCCCGACCCA,0,1
CGAGCCCGACGCA,1,1
CGAGCCCGACGCG,1,1
CGAGCCCGAGAGC,0,1
CGAGCCCGCAGAG,0,1
CGAGCCCGCGGCG,0,1
CGAGCCCGGAGCG,0,4
CGAGCCCGGCAAG,0,1
CGAGCCCGGCACG,1,1
CGAGCCCGGCCCG,0,1
CGAGCCCGGCGCC,0,1
CGAGCCCGGGACG,0,1
CGAGCCGAACCAA,2,3
CGAGCCGAACGGA,0,1
CGAGCCGAAGAAA,1,1
CGAGCCGAGAAGA,0,1
CGAGCCGAGCCAA,0,1
CGAGCCGCAGCGA,0,1
CGAGCCGCCCCGC,0,1
CGAGCCGCCGCCC,0,8
CGAGCCGCGACCC,0,4
CGAGCCGCGGCCC,0,1
CGAGCCGGAGCAG,0,1
CGAGCCGGAGCCC,1,1
CGAGCCGGCCCAA,0,1
CGAGCCGGCGGCG,0,1
CGAGCCGGGCGCA,0,1
CGAGCGAAAAGAC,1,1
CGAGCGAAAAGCG,0,1
CGAGCGAAGAGAA,0,1
CGAGCGAAGCCCA,0,1
CGAGCGACACAGA,0,1
CGAGCGACCAGGA,0,1
CGAGCGACGGGCC,0,1
CGAGCGAGAAGCA,1,1
CGAGCGAGAAGGC,0,1
CGAGCGAGAGCGA,0,1
CGAGCGAGCAAAA,0,1
CGAGCGAGCCGGC,0,1
CGAGCGAGCGACC,0,1
CGAGCGAGCGAGC,0,1
CGAGCGCAGAGAC,1,2
CGAGCGCAGCGCC,0,1
CGAGCGCAGCGGA,0,1
CGAGCGCAGGCAA,0,1
CGAGCGCAGGCCG,0,1
CGAGCGCAGGGCG,0,1
CGAGCGCCCAAGC,0,1
CGAGCGCCGCACC,0,1
CGAGCGCCGCACG,0,1
CGAGCGCCGCCAG,0,1
CGAGCGCCGGCGC,0,1
CGAGCGCGACGCC,0,1
CGAGCGCGGAGGA,0,1
CGAGCGCGGCCAG,0,1
CGAGCGGAAAGAG,0,1
CGAGCGGACGCCG,1,1
CGAGCGGACGGAG,0,1
CGAGCGGAGGAAC,0,1
CGAGCGGCAACCG,0,1
CGAGCGGCCGGCC,0,1
CGAGCGGCGGGGC,0,1
CGAGCGGGACAGC,0,1
CGAGCGGGAGCGC,1,1
CGAGCGGGAGGAC,0,1
CGAGCGGGGACAG,0,1
CGAGGAAAAGCAA,0,1
CGAGGAAACAACC,0,1
CGAGGAAAGAACA,0,1
CGAGGAAAGAAGC,6,10
CGAGGAAAGAGAG,1,1
CGAGGAAAGCAAA,0,1
CGAGGAAAGGAAG,1,1
CGAGGAACACGGA,0,1
CGAGGAACCCCCG,0,1
CGAGGAACGAAGC,0,1
CGAGGAAGAAAAA,0,1
CGAGGAAGAGGAA,0,1
CGAGGAAGAGGCC,0,1
CGAGGAAGCAGAA,0,1
CGAGGAAGGAGCC,0,1
CGAGGACAAAGAC,0,1
CGAGGACAAGCAA,0,2
CGAGGACAAGCAG,0,1
CGAGGACACAACA,0,1
CGAGGACACCAAC,0,1
CGAGGACACCACA,0,1
CGAGGACACCGCC,0,1
CGAGGACAGCAAG,0,2
CGAGGACCGAGCC,0,1
CGAGGACGACGCA,0,2
CGAGGACGAGAAC,0,1
CGAGGACGCGGCC,0,1
CGAGGACGGAGAC,0,1
CGAGGACGGCCCC,2,2
CGAGGACGGGAGA,0,1
CGAGGACGGGCGC,0,1
CGAGGACGGGGAC,0,1
CGAGGAGAAAGAA,0,1
CGAGGAGAACAGC,1,2
CGAGGAGAAGCAG,0,4
CGAGGAGAAGGAA,0,1
CGAGGAGAGACGA,0,1
CGAGGAGAGAGAG,0,2
CGAGGAGAGGCGA,0,1
CGAGGAGCAAGAC,0,1
CGAGGAGCAGGAC,1,1
CGAGGAGCCAAGC,3,21
CGAGGAGCCGCAC,0,1
CGAGGAGCCGCGA,0,1
CGAGGAGCCGCGC,0,1
CGAGGAGCGGGAG,0,1
CGAGGAGGAAAGC,0,1
CGAGGAGGACAAG,0,1
CGAGGAGGACGAG,1,1
CGAGGAGGAGAGC,1,1
CGAGGAGGAGGAG,0,1
CGAGGAGGAGGCC,0,2
CGAGGAGGCGCCA,0,1
CGAGGAGGCGCCG,0,1
CGAGGAGGCGGCG,0,1
CGAGGAGGGAGCC,0,1
CGAGGAGGGGACA,0,2
CGAGGCAAAACAA,0,1
CGAGGCACAAACA,0,1
CGAGGCACAAGAG,1,1
CGAGGCACACCAG,0,1
CGAGGCACAGAGC,0,1
CGAGGCACAGGCG,0,1
CGAGGCAGAAAGA,0,1
CGAGGCAGACCCG,0,4
CGAGGCAGCGACA,0,1
CGAGGCAGCGCAG,0,1
CGAGGCAGGACCC,0,1
CGAGGCAGGACCG,0,3
CGAGGCAGGCCGA,0,1
CGAGGCAGGCGCA,0,1
CGAGGCCACACCC,0,1
CGAGGCCACCAAC,0,3
CGAGGCCACCGGC,0,1
CGAGGCCACGGCC,0,1
CGAGGCCAGACCC,0,6
CGAGGCCAGAGCC,1,3
CGAGGCCCCCCCC,0,1
CGAGGCCCGACCC,0,1
CGAGGCCCGAGCC,0,4
CGAGGCCCGGGCA,0,1
CGAGGCCCGGGCC,0,2
CGAGGCCGAGACA,0,1
CGAGGCCGAGCAG,0,1
CGAGGCCGCAAGC,0,1
CGAGGCCGCAGGC,0,1
CGAGGCCGGACCC,0,1
CGAGGCCGGAGCG,0,2
CGAGGCGAAGGCA,0,1
CGAGGCGCGCGAG,0,2
CGAGGCGGCGAAC,0,6
CGAGGCGGCGCCC,0,1
CGAGGCGGCGGCG,0,1
CGAGGCGGGCGAG,0,1
CGAGGCGGGCGGC,0,1
CGAGGGAAAAGCG,0,1
CGAGGGAACCAAA,0,1
CGAGGGACAGGGA,0,1
CGAGGGACCAAAA,0,1
CGAGGGACCACAG,0,1
CGAGGGACCCCGA,0,2
CGAGGGACGAGGA,0,1
CGAGGGAGAGGCA,0,1
CGAGGGAGCACCG,0,1
CGAGGGAGCAGCA,0,1
CGAGGGAGCAGCC,1,1
CGAGGGAGGAAGA,0,1
CGAGGGAGGACCC,0,1
CGAGGGAGGAGAG,0,1
CGAGGGAGGAGCA,0,1
CGAGGGAGGGCAG,2,3
CGAGGGCAAACAA,0,1
CGAGGGCAAAGCC,0,1
CGAGGGCACCACC,0,1
CGAGGGCAGACCG,0,1
CGAGGGCAGAGCC,1,1
CGAGGGCAGCCAC,0,1
CGAGGGCAGGAAA,1,2
CGAGGGCAGGCCG,0,1
CGAGGGCAGGGGA,0,1
CGAGGGCCAAGAG,1,1
CGAGGGCCACCAG,1,1
CGAGGGCCAGCGC,0,1
CGAGGGCCAGGAG,1,1
CGAGGGCCCAGGA,0,1
CGAGGGCCCCGGA,0,1
CGAGGGCCGAGCC,0,1
CGAGGGCCGAGGA,0,1
CGAGGGCGACCAG,1,1
CGAGGGCGCCGCC,0,1
CGAGGGCGCCGCG,0,1
CGAGGGCGGGAAC,0,1
CGAGGGGAACGGC,1,1
CGAGGGGACAAGA,0,1
CGAGGGGAGAAAA,0,1
CGAGGGGAGAGAA,0,1
CGAGGGGAGGCCG,0,1
CGAGGGGAGGCGC,0,1
CGAGGGGCAAAAA,0,3
CGAGGGGCAGGGC,0,2
CGAGGGGCCCGGC,0,1
CGAGGGGCCGCGC,0,1
CGAGGGGCGAGAA,0,1
CGAGGGGCGGGGC,1,1
CGAGGGGGAGAAG,0,1
CGAGGGGGCAACA,0,1
CGCAAAAAAACAA,2,5
CGCAAAAACCAAA,0,1
CGCAAAAACCGGA,0,1
CGCAAAACAAACA,0,1
CGCAAAACCCAGC,0,1
CGCAAAAGCGCCA,0,1
CGCAAAAGGAAAG,0,1
CGCAAAAGGGCAG,0,2
CGCAAAAGGGGAA,0,1
CGCAAACAACCGC,0,1
CGCAAACAACGAC,0,1
CGCAAACAACGCG,0,1
CGCAAACCAAACC,0,1
CGCAAACCCCCGC,0,1
CGCAAACCGGAGC,1,1
CGCAAAGAAGAAA,0,1
CGCAAAGAAGCCC,0,1
CGCAAAGACCCAG,0,1
CGCAAAGAGAAGC,0,1
CGCAAAGCGGAAG,0,1
CGCAAAGGAAAAA,0,1
CGCAAAGGCCCAA,1,1
CGCAAAGGGAACA,0,1
CGCAACAAAGAGA,0,1
CGCAACAACCAGC,0,2
CGCAACAACGACA,0,1
CGCAACAAGAAAC,1,1
CGCAACAAGGAGA,0,3
CGCAACACACACA,0,1
CGCAACACGAAAC,0,2
CGCAACAGCCCCA,0,1
CGCAACCAACAGC,0,1
CGCAACCACCAAA,0,1
CGCAACCACGACC,0,7
CGCAACCAGCGAA,0,1
CGCAACCCAACCC,0,1
CGCAACGCAACCG,0,1
CGCAACGCAACGA,0,1
CGCAACGCCGAGC,0,1
CGCAACGCGCAAG,0,1
CGCAACGCGCGCC,0,1
CGCAACGCGGAAC,0,1
CGCAACGGCGAGC,1,1
CGCAAGAAAAACA,0,1
CGCAAGACGACAC,0,1
CGCAAGACGAGGC,0,1
CGCAAGAGGAAAC,0,1
CGCAAGAGGGCAG,0,1
CGCAAGAGGGGCC,0,1
CGCAAGCAAAGCC,1,1
CGCAAGCACAAAC,0,1
CGCAAGCACACAC,0,1
CGCAAGCACCGCG,0,1
CGCAAGCAGACGA,0,1
CGCAAGCCCAGAA,0,1
CGCAAGCCGACCC,0,1
CGCAAGCGACGAG,0,1
CGCAAGGACAAAC,0,1
CGCAAGGCCGAAG,0,1
CGCAAGGGAAAAC,0,1
CGCAAGGGAGGGA,0,1
CGCAAGGGCACCA,0,1
CGCAAGGGCCACG,0,1
CGCAAGGGCGCAG,0,1
CGCACAAACCGGA,0,16
CGCACAAAGAAGA,0,1
CGCACAACAGGAA,0,1
CGCACAACCAGCA,1,1
CGCACAACCAGGC,0,1
CGCACAACCCACA,0,1
CGCACAACGGCGA,1,1
CGCACACACACAC,1,4
CGCACACAGCACA,0,1
CGCACACGCGGAA,0,1
CGCACACGGGGGC,0,1
CGCACAGAGGACG,0,1
CGCACAGCACAGA,0,1
CGCACAGCAGACC,0,1
CGCACAGCGCACA,0,1
CGCACAGGAAGGC,0,1
CGCACAGGACCGA,0,1
CGCACAGGAGCAA,2,2
CGCACAGGGGCAA,1,1
CGCACCAACCAGC,0,1
CGCACCAAGAGAG,0,1
CGCACCAAGCCCA,0,1
CGCACCAAGGCAA,0,1
CGCACCACACACC,0,1
CGCACCACCAGAG,0,1
CGCACCACGGCCA,0,1
CGCACCACGGCCG,0,1
CGCACCAGAGCAC,0,1
CGCACCAGCAGCA,0,1
CGCACCAGGAGCA,0,1
CGCACCAGGGGCA,0,1
CGCACCCAACGCC,0,1
CGCACCCACAAGC,0,1
CGCACCCACCCCC,0,1
CGCACCCCGCGGA,1,1
CGCACCCGACCAC,1,1
CGCACCCGCCCGA,0,1
CGCACCGACCGGC,0,1
CGCACCGCAACCC,0,1
CGCACCGCACCAC,0,1
CGCACCGCCCGCC,0,1
CGCACCGCCGCAA,0,1
CGCACCGCGCGGC,0,1
CGCACCGCGGCCG,0,1
CGCACCGGACCGC,0,1
CGCACCGGAGGCG,0,1
CGCACCGGCAAGA,0,1
CGCACCGGCGGGC,0,1
CGCACGAAACAGA,0,3
CGCACGAACGCCA,0,1
CGCACGACAACAA,0,2
CGCACGACAGGCA,0,1
CGCACGACGGACG,1,1
CGCACGAGAGCGC,0,1
CGCACGAGCGAAA,1,1
CGCACGAGCGGCA,0,1
CGCACGAGGAAAA,0,1
CGCACGAGGAGCC,0,1
CGCACGCAACACA,0,1
CGCACGCACACAC,1,2
CGCACGCACGCAC,0,1
CGCACGCACGCCA,0,1
CGCACGCAGGCGC,0,1
CGCACGCCAGGCG,0,1
CGCACGCGCAGCC,0,1
CGCACGCGCGCCG,0,1
CGCACGCGGCGGC,0,1
CGCACGGAAAACG,0,1
CGCACGGAAAGAG,0,1
CGCACGGAAGAAG,1,1
CGCACGGAGGACA,0,1
CGCACGGCACACG,0,1
CGCACGGCAGCCG,0,1
CGCACGGCCCCGC,0,1
CGCACGGCCGACC,0,1
CGCACGGCCGGGA,0,1
CGCACGGCGAGGC,0,1
CGCACGGCGGGGA,0,8
CGCACGGGAGGAC,1,1
CGCACGGGCAGCG,0,1
CGCACGGGGCCAC,1,6
CGCAGAAAGCCCA,0,1
CGCAGAACACGGC,1,1
CGCAGAAGACAAC,0,1
CGCAGAAGACGCA,0,1
CGCAGAAGCGGCA,0,1
CGCAGAAGGACAA,0,1
CGCAGAAGGCACA,0,1
CGCAGAAGGGAGA,0,1
CGCAGACACAGCA,0,1
CGCAGACACCAAG,0,1
CGCAGACAGGGAC,1,1
CGCAGACCAAAGC,0,1
CGCAGACCACGCC,1,1
CGCAGACCAGCCC,0,1
CGCAGACCCACAG,0,1
CGCAGACCCAGAG,0,1
CGCAGACCGCGCC,0,1
CGCAGACGAAGAA,1,1
CGCAGACGACAAA,0,1
CGCAGACGAGCGC,0,1
CGCAGAGAAAGCA,0,1
CGCAGAGACCGAA,0,1
CGCAGAGAGGAAG,0,1
CGCAGAGAGGCAG,0,1
CGCAGAGCAAACA,0,1
CGCAGAGCGGGGC,0,1
CGCAGAGGACACA,0,1
CGCAGAGGCCGCC,0,1
CGCAGAGGGAGGC,0,1
CGCAGCAACAGCG,1,1
CGCAGCAAGAAGA,1,1
CGCAGCAAGGAGA,0,1
CGCAGCAAGGCGA,0,1
CGCAGCACCCAGA,0,1
CGCAGCACGCACG,0,1
CGCAGCACGCCCA,0,5
CGCAGCACGGGGC,0,1
CGCAGCAGAGAGC,0,1
CGCAGCAGAGGCA,0,1
CGCAGCAGCACGC,0,1
CGCAGCAGCCACC,0,1
CGCAGCAGGGACA,0,1
CGCAGCCAAAGAA,0,1
CGCAGCCAAGCCA,0,1
CGCAGCCACAGAG,0,1
CGCAGCCACCGAA,0,1
CGCAGCCAGCAAA,0,1
CGCAGCCAGCCAC,0,1
CGCAGCCAGGCCC,0,1
CGCAGCCCCAGCA,0,1
CGCAGCCCCCGGA,0,1
CGCAGCCCCGCCC,0,1
CGCAGCCCCGGCC,0,3
CGCAGCCCGGCCG,1,1
CGCAGCCGACCCC,0,1
CGCAGCCGAGGCC,0,2
CGCAGCCGCCGCG,0,1
CGCAGCCGGAGCA,0,2
CGCAGCGAAGCGA,0,1
CGCAGCGACCACC,0,1
CGCAGCGAGAACG,0,1
CGCAGCGCAGGCA,0,1
CGCAGCGCCCAGC,0,1
CGCAGCGCGACGA,0,1
CGCAGCGCGCCCG,0,1
CGCAGCGCGGGCA,0,1
CGCAGCGGACAGA,0,1
CGCAGCGGAGCAG,0,1
CGCAGCGGAGCGC,0,1
CGCAGCGGCGGCC,0,1
CGCAGGAAAGGAG,0,1
CGCAGGAAGAAGA,0,1
CGCAGGAAGGAAA,0,1
CGCAGGACCGGGC,0,1
CGCAGGAGAAGAG,0,1
CGCAGGAGACCAC,0,1
CGCAGGAGAGACG,1,1
CGCAGGAGAGCCG,1,1
CGCAGGAGAGGGA,0,1
CGCAGGAGCCGCC,0,1
CGCAGGCAAGAGA,0,1
CGCAGGCACAAGC,0,1
CGCAGGCACGGCC,0,1
CGCAGGCAGCCAC,0,1
CGCAGGCCACGCC,0,1
CGCAGGCCAGAAA,0,1
CGCAGGCCAGCGC,0,1
CGCAGGCCCCGCC,1,1
CGCAGGCCCGCAA,0,1
CGCAGGCCCGGCC,1,1
CGCAGGCCGAGAA,0,1
CGCAGGCGACGGA,0,1
CGCAGGCGAGGGA,0,1
CGCAGGCGCGCCG,0,1
CGCAGGCGGAGAG,0,1
CGCAGGCGGCGGC,0,1
CGCAGGGAACCGC,0,2
CGCAGGGAAGGCC,0,1
CGCAGGGACCCAA,0,1
CGCAGGGAGGGAC,0,1
CGCAGGGCAGCCA,0,5
CGCAGGGCAGCCC,0,4
CGCAGGGCAGGGA,0,1
CGCAGGGCCAGCC,0,1
CGCAGGGCGAGGC,0,1
CGCAGGGCGGAAC,0,1
CGCAGGGGACACA,0,4
CGCAGGGGACACG,0,7
CGCAGGGGAGCCA,0,1
CGCAGGGGCGACA,0,1
CGCCAAAAAAAAC,0,1
CGCCAAAACACAA,0,1
CGCCAAACAAACG,0,1
CGCCAAAGCCCAC,0,1
CGCCAAAGGAGAA,2,2
CGCCAAAGGAGAG,20,21
CGCCAAAGGGGAG,1,1
CGCCAACAAAAAG,0,1
CGCCAACAAGGAG,0,1
CGCCAACAGCAAC,0,1
CGCCAACCGACCG,0,1
CGCCAACCGGACA,1,1
CGCCAACCGGCAG,0,1
CGCCAACGAGGAG,0,1
CGCCAACGGGGGC,0,3
CGCCAAGACCAGC,0,1
CGCCAAGCCAGAC,0,1
CGCCAAGGCAAGA,0,3
CGCCAAGGGAAGA,0,2
CGCCAAGGGGCAG,0,1
CGCCACAAACCCG,0,2
CGCCACAACGAAG,0,1
CGCCACACACAAG,0,1
CGCCACACAGCAG,0,1
CGCCACACGCGAG,0,2
CGCCACAGACACA,0,1
CGCCACAGCAGAC,0,1
CGCCACAGCGGCA,0,1
CGCCACAGGGAAG,0,1
CGCCACCAACACC,0,1
CGCCACCAAGGAA,0,1
CGCCACCACAACC,0,1
CGCCACCACAGAA,0,1
CGCCACCACAGAG,0,1
CGCCACCACCACC,0,1
CGCCACCAGCAGC,0,1
CGCCACCCGAGCC,3,3
CGCCACCGCCACC,0,1
CGCCACCGCCCCC,0,1
CGCCACCGCCGCC,0,3
CGCCACCGCGCCG,0,1
CGCCACCGCGCGC,0,2
CGCCACCGCGGCG,0,1
CGCCACCGGGAAC,0,1
CGCCACGGAAGAG,0,5
CGCCACGGAAGCC,0,1
CGCCACGGGGGCC,0,1
CGCCAGAAGAAAC,0,1
CGCCAGAAGCACC,0,1
CGCCAGACAAAAC,0,1
CGCCAGACACCCC,0,1
CGCCAGACCAACA,0,1
CGCCAGACGGACC,0,1
CGCCAGAGAAGCC,0,1
CGCCAGAGCAGCG,0,1
CGCCAGCAACAGC,1,1
CGCCAGCACCCAG,0,1
CGCCAGCACGCAG,0,1
CGCCAGCACGGCC,0,1
CGCCAGCAGAGAG,0,1
CGCCAGCAGCAAG,0,1
CGCCAGCAGCGAG,0,1
CGCCAGCAGGGCC,0,1
CGCCAGCCAGAGC,0,1
CGCCAGCCCAGGC,0,1
CGCCAGCCCGGAC,0,1
CGCCAGCCGCCAG,0,1
CGCCAGCCGCCCC,0,1
CGCCAGCCGCGCG,0,1
CGCCAGCGAGCGC,0,1
CGCCAGCGCCGCG,0,1
CGCCAGCGCGCCC,0,1
CGCCAGCGCGCGC,0,1
CGCCAGCGGCAGC,0,1
CGCCAGCGGGGCC,0,1
CGCCAGGCAGAGC,0,1
CGCCAGGCAGCCC,0,1
CGCCAGGCCGGCC,0,1
CGCCAGGCGCCAA,0,1
CGCCAGGGACAAA,0,1
CGCCAGGGACAAC,0,1
CGCCAGGGACCGC,0,3
CGCCAGGGAGAGA,0,1
CGCCAGGGCAACC,0,1
CGCCAGGGCGCCG,0,1
CGCCCAAACACCA,0,1
CGCCCAAACCCAC,0,1
CGCCCAAACGGAC,0,1
CGCCCAACAACAA,0,1
CGCCCAACCCAGA,0,1
CGCCCAAGAAACG,0,1
CGCCCACACCAGA,0,1
CGCCCACAGCGCC,0,1
CGCCCACAGGCCA,0,1
CGCCCACAGGGAC,0,1
CGCCCACCAACCG,0,1
CGCCCACCAAGAA,0,1
CGCCCACCCAGCC,0,1
CGCCCACCCCGCG,0,1
CGCCCACCGCCCA,0,1
CGCCCACGAGCGA,0,1
CGCCCACGCAGCA,0,1
CGCCCACGCCAGC,0,1
CGCCCACGCGAAA,0,1
CGCCCACGGAACG,1,1
CGCCCAGAACCAG,0,1
CGCCCAGACGAAG,0,1
CGCCCAGAGAAAG,0,1
CGCCCAGCACGCC,0,1
CGCCCAGCCAGGC,0,1
CGCCCAGCGACCA,0,1
CGCCCAGCGCAGC,0,3
CGCCCAGCGCCAG,0,1
CGCCCAGGACGCC,0,1
CGCCCAGGCAGCC,0,1
CGCCCAGGCAGGC,0,1
CGCCCAGGCCGCG,0,1
CGCCCAGGCCGGA,0,1
CGCCCAGGCCGGC,0,2
CGCCCAGGGGCCG,0,1
CGCCCCAAACGCA,0,1
CGCCCCACACCCA,0,1
CGCCCCACCACGA,1,1
CGCCCCACGGAGC,1,1
CGCCCCAGAGAAG,0,1
CGCCCCAGCAGCA,0,14
CGCCCCAGCCGAG,1,1
CGCCCCAGGAGGC,0,1
CGCCCCCACCCCA,0,1
CGCCCCCAGGCCG,1,2
CGCCCCCCAAAAA,0,1
CGCCCCCCAAAGA,0,1
CGCCCCCCACACC,0,1
CGCCCCCCAGGCC,0,1
CGCCCCCCCCGCG,0,1
CGCCCCCCCGAGC,0,1
CGCCCCCCCGCCC,1,1
CGCCCCCCCTGCC,0,1
CGCCCCCCCTTCC,0,1
CGCCCCCCGCCCC,0,1
CGCCCCCCGCCCG,0,1
CGCCCCCCGCCGC,0,2
CGCCCCCCGCGCC,0,2
CGCCCCCCGGAGA,0,1
CGCCCCCCGGAGC,0,2
CGCCCCCCGGGCC,0,1
CGCCCCCCGGGCG,0,1
CGCCCCCCGGGTC,0,1
CGCCCCCCTCCCC,0,1
CGCCCCCGCAAGC,1,1
CGCCCCCGCCCCC,0,1
CGCCCCCGCCCCG,0,4
CGCCCCCGCCGCG,0,2
CGCCCCCGCGCCC,0,1
CGCCCCCGCGCCG,0,1
CGCCCCCGCGGGA,0,1
CGCCCCCGCGTCC,0,1
CGCCCCCGGAACC,0,1
CGCCCCCGGCCAG,0,2
CGCCCCCGGCCCC,1,1
CGCCCCCGGTTCC,0,1
CGCCCCCGTGCTC,0,1
CGCCCCCTCCCCC,0,1
CGCCCCCTCCTCC,0,1
CGCCCCCTGCCCC,1,2
CGCCCCCTTCGCC,0,2
CGCCCCCTTTTCC,0,1
CGCCCCGACCCCC,0,1
CGCCCCGACGGGC,0,2
CGCCCCGCAAGCC,0,1
CGCCCCGCAGCAC,0,5
CGCCCCGCAGGAC,0,1
CGCCCCGCCACCG,0,2
CGCCCCGCCCCGC,0,3
CGCCCCGCCCCTC,0,4
CGCCCCGCCCGGC,1,2
CGCCCCGCCGCGA,1,1
CGCCCCGCCGGCC,0,1
CGCCCCGCCGGGC,3,3
CGCCCCGCGACGA,0,3
CGCCCCGCGCCCG,0,1
CGCCCCGCGCCGC,0,1
CGCCCCGCGCGGC,0,2
CGCCCCGCGGCCC,0,1
CGCCCCGCGGGCC,0,1
CGCCCCGCTCCCC,0,1
CGCCCCGCTCCGC,0,1
CGCCCCGCTCCTC,0,1
CGCCCCGCTCTGC,0,1
CGCCCCGGCCAAC,0,1
CGCCCCGGCCCCC,0,2
CGCCCCGGCCCCG,2,2
CGCCCCGGCCGCC,0,1
CGCCCCGGCCGCG,0,2
CGCCCCGGCGCCG,1,2
CGCCCCGGCGCGC,0,1
CGCCCCGGGAAAG,0,3
CGCCCCGGGAACG,0,2
CGCCCCGGGAGCA,0,1
CGCCCCGGGCCCC,0,1
CGCCCCGGGCCGC,0,5
CGCCCCGGGGAGA,1,1
CGCCCCGGGGCCA,0,1
CGCCCCGGGTTCC,1,1
CGCCCCGGTCCCG,0,1
CGCCCCGGTCCTC,1,2
CGCCCCGGTTTCC,0,1
CGCCCCGTCCGCC,0,1
CGCCCCGTCGGCC,0,3
CGCCCCGTGCTGC,0,1
CGCCCCGTGTCCC,0,2
CGCCCCGTTTTCC,0,4
CGCCCCTCCCCGC,0,1
CGCCCCTCCCGCG,0,1
CGCCCCTCCCGGC,0,2
CGCCCCTCCGGCC,1,1
CGCCCCTCCGTTC,0,1
CGCCCCTCGCTCC,1,1
CGCCCCTCGGCGC,0,1
CGCCCCTCTCTCC,0,1
CGCCCCTCTGGTC,0,4
CGCCCCTGCCGCC,0,1
CGCCCCTTCCCTC,0,1
CGCCCCTTTGCCC,0,1
CGCCCGAAACACC,1,1
CGCCCGACACCAC,0,1
CGCCCGACAGCCA,0,1
CGCCCGACCCCAG,0,1
CGCCCGACCGGCA,0,1
CGCCCGACGAGGA,0,1
CGCCCGAGAGAGA,0,1
CGCCCGAGCGCCG,0,1
CGCCCGAGCGGCC,0,1
CGCCCGAGGCCCC,1,1
CGCCCGAGGGCAC,0,1
CGCCCGAGGGGCC,0,1
CGCCCGCAAACAA,0,1
CGCCCGCACCCAG,0,1
CGCCCGCACCGCC,0,1
CGCCCGCACGCCG,0,1
CGCCCGCAGAGAA,0,1
CGCCCGCCCAAAC,0,1
CGCCCGCCCCCCG,0,1
CGCCCGCCCCCGC,0,2
CGCCCGCCCCGAC,0,1
CGCCCGCCCCGCG,1,2
CGCCCGCCCGCAC,0,1
CGCCCGCCCGCCC,1,3
CGCCCGCCCGGCC,1,4
CGCCCGCCCGGGC,0,1
CGCCCGCCCTCCC,0,1
CGCCCGCCCTCCG,0,1
CGCCCGCCGCCCG,0,1
CGCCCGCCGCTCC,0,1
CGCCCGCCGGACG,1,1
CGCCCGCCGGGTC,0,1
CGCCCGCCGGTGC,0,1
CGCCCGCCGTCCC,0,1
CGCCCGCCGTCTC,0,1
CGCCCGCCTCGCG,0,1
CGCCCGCGCACGA,0,1
CGCCCGCGCCCCC,0,3
CGCCCGCGCCGCC,0,2
CGCCCGCGCGCCC,0,1
CGCCCGCGCGCTC,1,4
CGCCCGCGGGCCC,0,1
CGCCCGCGGGCGC,0,1
CGCCCGCGGGGCC,0,1
CGCCCGCGGTCCC,1,1
CGCCCGCGGTTGC,0,1
CGCCCGCGTGCCC,0,1
CGCCCGCTCCCTC,0,2
CGCCCGCTCTCTC,0,1
CGCCCGCTGTCGC,0,1
CGCCCGCTTCCCC,0,1
CGCCCGGACAGCG,0,2
CGCCCGGACCCAG,0,1
CGCCCGGACGAAC,0,3
CGCCCGGACGAGA,0,1
CGCCCGGACGGCG,0,1
CGCCCGGAGCCCC,0,1
CGCCCGGAGCCGA,0,1
CGCCCGGCACAGA,1,1
CGCCCGGCACCGC,0,1
CGCCCGGCAGACG,0,1
CGCCCGGCAGCCG,0,2
CGCCCGGCCCCAG,0,2
CGCCCGGCCCCGC,2,2
CGCCCGGCCCGGC,0,1
CGCCCGGCCCTCC,0,1
CGCCCGGCCGACG,0,5
CGCCCGGCCGCCG,0,1
CGCCCGGCCGGAA,0,1
CGCCCGGCCGGCG,0,1
CGCCCGGCCTGCC,0,1
CGCCCGGCGACAA,0,2
CGCCCGGCGACAC,0,1
CGCCCGGCGCCCG,0,1
CGCCCGGCGCTGC,0,1
CGCCCGGCGGCCG,0,2
CGCCCGGCGGGGC,3,3
CGCCCGGCTCCCG,0,1
CGCCCGGCTCCGC,0,1
CGCCCGGCTCCTC,0,1
CGCCCGGGCACCG,0,1
CGCCCGGGCAGCG,0,1
CGCCCGGGCGACC,0,1
CGCCCGGGCGGCG,0,1
CGCCCGGGCTCCC,0,1
CGCCCGGGGAGAG,0,1
CGCCCGGGGCCCG,0,6
CGCCCGGGGCGAG,0,1
CGCCCGGGGGCCG,2,6
CGCCCGGGGGGCC,1,1
CGCCCGGGTCCCG,0,6
CGCCCGGGTGCCC,0,1
CGCCCGGGTTGCC,0,1
CGCCCGGTCCTGC,0,1
CGCCCGTCCCTCC,0,1
CGCCCGTCCGCGC,0,1
CGCCCGTCTCTCC,0,1
CGCCCTCCCGCCG,0,1
CGCCCTCCCTCCC,1,1
CGCCCTCCGCGCC,0,2
CGCCCTCCGGTGC,0,6
CGCCCTCCTCCCC,0,1
CGCCCTCGCCGGC,0,1
CGCCCTCGCCTGC,0,1
CGCCCTCGTTCGC,0,2
CGCCCTCTGCCCG,0,1
CGCCCTCTGTTGC,0,1
CGCCCTCTTCTTC,0,1
CGCCCTCTTGTTC,0,1
CGCCCTGCCGGCG,0,1
CGCCCTGCCTCGC,0,1
CGCCCTGCTCTGC,1,1
CGCCCTGCTGGTC,0,1
CGCCCTGGCCCCC,0,1
CGCCCTGGCCGCC,0,1
CGCCCTGGCGGCG,0,1
CGCCCTGGCTCTC,0,1
CGCCCTGGGGCCC,0,2
CGCCCTGGGGCGC,1,1
CGCCCTGTCCGTC,0,1
CGCCCTGTCCTTC,0,1
CGCCCTGTGGCCC,0,1
CGCCCTTCCCGCC,0,1
CGCCCTTCCGCCC,0,1
CGCCCTTCCGTCC,0,2
CGCCCTTCGGTGC,0,1
CGCCCTTCTCTCC,0,1
CGCCCTTTCTCTC,0,1
CGCCCTTTCTGGC,0,1
CGCCCTTTCTTGC,0,1
CGCCCTTTTCGCC,0,1
CGCCGAAACCGCG,0,2
CGCCGAACAACCA,0,1
CGCCGAACAGGCC,0,1
CGCCGAACAGGCG,1,1
CGCCGAAGAAAGA,0,1
CGCCGACAAGGCG,0,1
CGCCGACACCGGA,0,1
CGCCGACAGGCCA,0,1
CGCCGACGCCGCC,0,1
CGCCGACGGCCCG,0,1
CGCCGACGGGGGC,0,1
CGCCGAGACGGCC,0,1
CGCCGAGAGCACA,0,1
CGCCGAGAGGGAC,1,1
CGCCGAGCACGAA,0,1
CGCCGAGCAGCAG,0,1
CGCCGAGCCACGC,0,1
CGCCGAGCCCGAC,2,3
CGCCGAGCGCGCG,0,1
CGCCGAGGCAAAA,0,1
CGCCGAGGGGCGA,0,1
CGCCGCAAAAGAG,0,1
CGCCGCAAAGGCC,0,1
CGCCGCACACAAG,0,15
CGCCGCACCCAAC,0,1
CGCCGCACCCGCA,0,1
CGCCGCACCGCCG,0,1
CGCCGCACCGGAG,0,1
CGCCGCACGAGGC,0,1
CGCCGCACGCCCA,0,2
CGCCGCACGGGCA,0,1
CGCCGCAGACCAA,0,1
CGCCGCCACCACC,0,2
CGCCGCCACCCGA,3,3
CGCCGCCACCGAC,0,1
CGCCGCCACCGCC,0,3
CGCCGCCACCGCG,0,2
CGCCGCCCAGCCC,0,1
CGCCGCCCCCAAA,0,7
CGCCGCCCCCCCC,0,1
CGCCGCCCCCCGC,0,1
CGCCGCCCCCGCC,0,2
CGCCGCCCCCGCG,0,1
CGCCGCCCCCTCC,0,1
CGCCGCCCGAGCC,0,2
CGCCGCCCGAGGC,1,1
CGCCGCCCGCCCC,0,1
CGCCGCCCGCCCG,2,2
CGCCGCCCGCCTC,0,1
CGCCGCCCGGCCC,0,1
CGCCGCCCGGCCG,0,5
CGCCGCCCGTCCC,0,1
CGCCGCCCGTCCG,0,1
CGCCGCCCTGCCC,0,1
CGCCGCCCTTCCC,0,2
CGCCGCCCTTGTC,0,1
CGCCGCCGAACAA,0,1
CGCCGCCGACGCC,0,1
CGCCGCCGAGCAC,0,1
CGCCGCCGCACCA,0,1
CGCCGCCGCCACC,0,3
CGCCGCCGCCCCC,0,4
CGCCGCCGCCCGA,0,1
CGCCGCCGCCCGC,0,1
CGCCGCCGCCGAA,0,1
CGCCGCCGCCGCC,3,28
CGCCGCCGCCGCG,2,8
CGCCGCCGCCGGC,0,3
CGCCGCCGCCGTC,0,2
CGCCGCCGCCTCC,0,2
CGCCGCCGCCTGC,0,2
CGCCGCCGCCTTC,0,2
CGCCGCCGCGCCC,1,1
CGCCGCCGCGCCG,0,5
CGCCGCCGCGCGA,0,1
CGCCGCCGCGCGC,0,1
CGCCGCCGCGCTC,0,1
CGCCGCCGCGGAC,0,1
CGCCGCCGCGGCG,1,2
CGCCGCCGCGGGC,0,2
CGCCGCCGCGTCC,0,1
CGCCGCCGCGTGC,0,2
CGCCGCCGCTGCC,0,1
CGCCGCCGCTTTC,0,2
CGCCGCCGGACGC,0,1
CGCCGCCGGAGAG,0,1
CGCCGCCGGCCGC,1,1
CGCCGCCGGCGCA,1,1
CGCCGCCGGCGCC,0,1
CGCCGCCGGCGCG,0,1
CGCCGCCGGCGGC,0,2
CGCCGCCGGGCCC,0,1
CGCCGCCGGGCGC,1,2
CGCCGCCGGGGCA,0,1
CGCCGCCGGGGCC,0,2
CGCCGCCGGTCTC,0,1
CGCCGCCGTCCTC,0,1
CGCCGCCGTCGCC,0,1
CGCCGCCGTTCCC,1,1
CGCCGCCTCCGCC,0,1
CGCCGCCTCCTCC,0,1
CGCCGCCTCGCCC,0,1
CGCCGCCTCGTGC,0,6
CGCCGCCTCTCTC,0,1
CGCCGCCTGCCCC,0,1
CGCCGCCTGCTCC,0,1
CGCCGCCTTCCCG,0,1
CGCCGCCTTGCCG,0,1
CGCCGCGACAAGC,0,11
CGCCGCGACAGGC,0,1
CGCCGCGAGCGCG,0,1
CGCCGCGAGCGGC,1,1
CGCCGCGCACCCG,0,2
CGCCGCGCCACCG,0,1
CGCCGCGCCCCCG,0,1
CGCCGCGCCCGCC,0,4
CGCCGCGCCCTGC,0,1
CGCCGCGCCGCCA,0,2
CGCCGCGCCGCCC,0,1
CGCCGCGCCGCCG,0,1
CGCCGCGCCGCGC,0,2
CGCCGCGCCGGCG,0,2
CGCCGCGCCGGGC,0,1
CGCCGCGCCTGCC,0,1
CGCCGCGCGCGAC,0,1
CGCCGCGCGGCCC,0,1
CGCCGCGCGGGGC,0,2
CGCCGCGCTCCCG,0,2
CGCCGCGCTGCCC,1,1
CGCCGCGCTGTGC,0,1
CGCCGCGGAAGAA,0,1
CGCCGCGGACGGA,0,1
CGCCGCGGAGCCA,0,1
CGCCGCGGCAACC,0,1
CGCCGCGGCAGCA,0,1
CGCCGCGGCCGCG,0,3
CGCCGCGGCCGGC,0,1
CGCCGCGGCGCCG,0,1
CGCCGCGGCGGCC,0,1
CGCCGCGGCGTCC,0,1
CGCCGCGGGACCG,2,2
CGCCGCGGGAGCC,0,3
CGCCGCGGGCAAC,1,1
CGCCGCGGGCCAA,0,1
CGCCGCGGGCCCC,0,1
CGCCGCGGGCTCC,0,1
CGCCGCGGGGCTC,0,1
CGCCGCGTCGCCC,2,2
CGCCGCGTCTCCG,0,1
CGCCGCGTGCCTC,0,1
CGCCGCTCCTCCG,0,1
CGCCGCTCGGCTC,0,1
CGCCGCTCTGCGC,0,1
CGCCGCTCTGCTC,0,1
CGCCGCTGCCCCC,0,1
CGCCGCTGCCGCG,0,1
CGCCGCTGCCTCC,0,1
CGCCGCTTCCGCG,0,1
CGCCGCTTTCGCC,0,1
CGCCGGAACCAAG,0,2
CGCCGGAAGCCCC,1,1
CGCCGGACCAGAC,0,1
CGCCGGACCAGGA,0,1
CGCCGGACGCGCC,0,1
CGCCGGAGAAGCA,0,1
CGCCGGAGACCGA,0,1
CGCCGGAGACCGC,0,1
CGCCGGAGACGCG,0,1
CGCCGGAGAGCCG,0,1
CGCCGGAGCACCG,0,1
CGCCGGAGCAGCG,2,2
CGCCGGAGCCGCC,0,1
CGCCGGAGCCGCG,0,1
CGCCGGAGCCGGC,0,1
CGCCGGAGCGGAG,0,2
CGCCGGAGGAGCG,0,1
CGCCGGAGGCACG,0,1
CGCCGGAGGCGCC,0,1
CGCCGGAGGGAGC,0,1
CGCCGGCAACAGC,0,1
CGCCGGCAGCACC,0,1
CGCCGGCAGGGAG,0,1
CGCCGGCCACCCC,0,1
CGCCGGCCACGGC,0,1
CGCCGGCCAGCAC,0,1
CGCCGGCCCGCAC,0,1
CGCCGGCCGCACC,1,1
CGCCGGCCGCCGC,0,4
CGCCGGCCGCGTC,0,1
CGCCGGCCGCTGC,0,1
CGCCGGCCGGAGC,0,2
CGCCGGCCGGCAA,0,1
CGCCGGCCGGCCG,0,2
CGCCGGCCGGCGA,0,1
CGCCGGCCGGGCA,0,1
CGCCGGCCTGGGC,0,1
CGCCGGCGACCAC,1,1
CGCCGGCGACGCG,1,2
CGCCGGCGAGAGA,0,1
CGCCGGCGCACCG,0,1
CGCCGGCGCCACC,0,1
CGCCGGCGCCCGC,0,1
CGCCGGCGCCGAA,0,1
CGCCGGCGCCGCG,0,1
CGCCGGCGCCGGC,0,4
CGCCGGCGCGCGC,1,3
CGCCGGCGCGGAC,0,1
CGCCGGCGCTTCC,0,1
CGCCGGCGCTTGC,0,1
CGCCGGCGGAACC,0,1
CGCCGGCGGCACC,0,1
CGCCGGCGGCCCG,0,1
CGCCGGCGGCGAA,0,1
CGCCGGCGGCGCG,0,1
CGCCGGCGGCGGC,0,4
CGCCGGCGGGCCG,0,3
CGCCGGCGGGCGC,0,2
CGCCGGCGTCGCC,0,1
CGCCGGCTCTGTC,0,4
CGCCGGCTTCCTC,0,1
CGCCGGGAACGCC,0,1
CGCCGGGACAAGC,0,1
CGCCGGGACACCG,0,1
CGCCGGGACAGGC,0,1
CGCCGGGACCAAC,0,1
CGCCGGGACCAAG,0,1
CGCCGGGACCGGC,0,1
CGCCGGGACGGGA,0,1
CGCCGGGAGGGGA,0,1
CGCCGGGCCCGCC,0,1
CGCCGGGCCGCCC,0,1
CGCCGGGCCGGAC,0,1
CGCCGGGCCGGGC,0,1
CGCCGGGCGCACC,0,3
CGCCGGGCGCCGC,0,1
CGCCGGGCGGGCC,0,2
CGCCGGGCGGGGC,0,1
CGCCGGGCTCCCC,1,4
CGCCGGGCTCCTC,1,1
CGCCGGGCTCGGC,0,1
CGCCGGGCTCTCC,0,1
CGCCGGGGAGGAG,0,1
CGCCGGGGCCCCG,0,1
CGCCGGGGCGCCG,0,1
CGCCGGGGCGGGA,0,1
CGCCGGGGCTCCG,0,1
CGCCGGGGGCCCC,0,1
CGCCGGGGTCGTC,0,1
CGCCGGGTCCCCG,0,1
CGCCGGGTCGCCC,0,1
CGCCGGTCGCTTC,0,1
CGCCGGTCTGCTC,0,1
CGCCGGTGCCGTC,0,2
CGCCGGTGTGCCG,0,1
CGCCGGTTCTTCC,0,1
CGCCGTCCCCGCC,1,1
CGCCGTCCCGCCC,1,1
CGCCGTCCCGTGC,0,1
CGCCGTCCTCCTC,0,2
CGCCGTCCTGCCC,0,1
CGCCGTCGCCGCC,0,1
CGCCGTCGCGGTC,0,1
CGCCGTCGTCGCC,0,1
CGCCGTCTTTGCC,0,1
CGCCGTGCCCGCC,0,2
CGCCGTGCGCGGC,0,1
CGCCGTGCTCCGC,0,1
CGCCGTGCTCGCG,0,1
CGCCGTGTGTTTC,0,1
CGCCGTTCCCCTC,1,1
CGCCGTTCCCGCC,0,1
CGCCGTTGCCGCC,0,1
CGCCGTTGTGCGC,1,1
CGCCTCCCCGTCC,0,1
CGCCTCCCCTCGC,0,1
CGCCTCCCGGTGC,0,1
CGCCTCCCGTGCC,0,1
CGCCTCCGCCCGC,0,1
CGCCTCCGCCGCC,2,4
CGCCTCCGCTCTC,0,1
CGCCTCCGCTTTC,0,1
CGCCTCCGGCGCG,0,1
CGCCTCCGGGCCC,1,1
CGCCTCCGGTCCC,0,1
CGCCTCCGTCCTC,0,1
CGCCTCCGTCGCC,1,1
CGCCTCCGTCTCC,0,1
CGCCTCCGTGCTC,0,1
CGCCTCCTCCCCC,0,1
CGCCTCCTCCTCC,1,1
CGCCTCCTCGGCC,0,1
CGCCTCCTGTGCC,0,1
CGCCTCCTTTCCG,1,1
CGCCTCGCGCCCC,1,1
CGCCTCGCGGGTC,0,1
CGCCTCGGTGCCC,0,1
CGCCTCGTCCTGC,0,1
CGCCTCGTCTTGC,0,1
CGCCTCGTGCCTC,1,1
CGCCTCTCGGGCC,0,1
CGCCTCTCTCCCG,0,1
CGCCTCTCTGCTC,1,1
CGCCTCTCTTGCC,0,1
CGCCTCTCTTGGC,0,5
CGCCTCTGCTGCC,0,2
CGCCTCTGGCTTC,0,1
CGCCTCTGGGCTC,0,1
CGCCTCTTCCGCC,0,2
CGCCTCTTCTTTC,0,1
CGCCTCTTTCCCC,0,1
CGCCTGCCCCCCG,0,1
CGCCTGCCGCCGC,0,1
CGCCTGCCTCCGC,0,1
CGCCTGCCTCGCC,0,2
CGCCTGCCTGGGC,0,1
CGCCTGCGGTGCC,0,1
CGCCTGCGTGCGC,0,1
CGCCTGCTCGCCC,0,1
CGCCTGCTCGCGC,0,1
CGCCTGCTGCCCG,1,1
CGCCTGCTTGCTC,1,1
CGCCTGGCCCCTC,0,1
CGCCTGGCCGGCC,0,1
CGCCTGGCTCTTC,0,1
CGCCTGGGCCCCC,0,1
CGCCTGGGCCCCG,0,1
CGCCTGGGCCCTC,0,2
CGCCTGGTTTGGC,0,1
CGCCTGTCCCCGC,0,1
CGCCTGTCGGTGC,0,1
CGCCTGTGCCCGC,1,2
CGCCTGTGTCCTC,0,1
CGCCTGTGTGGTC,0,1
CGCCTGTGTGTGC,0,2
CGCCTGTTTCCCG,0,1
CGCCTTCCCCGCC,1,1
CGCCTTCCCCTTC,0,1
CGCCTTCCCGGTC,0,1
CGCCTTCCCGTTC,0,6
CGCCTTCCCTTTC,0,1
CGCCTTCCTGTTC,0,7
CGCCTTCCTTGCC,0,1
CGCCTTCCTTTCC,1,1
CGCCTTCGCCTTC,0,1
CGCCTTCGCGGCC,0,1
CGCCTTCGGTCTC,0,2
CGCCTTCTCCGCC,0,1
CGCCTTCTCCGGC,0,1
CGCCTTCTCGCTC,0,1
CGCCTTCTGCGCC,0,1
CGCCTTCTTCTGC,0,2
CGCCTTCTTCTTC,0,2
CGCCTTCTTTTCC,0,4
CGCCTTGCCGGCC,0,1
CGCCTTGCTCCTC,0,1
CGCCTTGGCCGGC,1,1
CGCCTTGGGTCGC,0,1
CGCCTTGGTTTTC,0,1
CGCCTTTCCTGTC,0,1
CGCCTTTCGCGCC,0,1
CGCCTTTTTCCCC,0,3
CGCGAAAAGAAAA,0,1
CGCGAAAGAAACC,0,1
CGCGAAAGAGAAG,0,1
CGCGAAAGGCGGC,0,1
CGCGAACACCGCG,4,7
CGCGAACCAAGAA,0,1
CGCGAACCGGGGA,0,1
CGCGAACGGCAGC,0,1
CGCGAAGAGCACG,0,1
CGCGAAGCACACA,0,1
CGCGAAGCACGCA,0,1
CGCGAAGCCCGCC,0,1
CGCGAAGGCAAGA,0,1
CGCGAAGGCCCAC,1,1
CGCGACAAGCAAC,0,1
CGCGACAAGCGGC,0,1
CGCGACACACGAC,0,1
CGCGACAGAAAAG,0,1
CGCGACAGAGCCG,0,1
CGCGACCACGAGC,0,1
CGCGACCCCCCCC,0,1
CGCGACCGAGCCA,0,1
CGCGACCGCGCCG,0,1
CGCGACCGGCCCG,1,1
CGCGACGAAACCC,0,1
CGCGACGAACGAC,0,1
CGCGACGAACGGC,0,1
CGCGACGAGCCCC,0,11
CGCGACGAGCGCA,0,1
CGCGACGCAAGCC,0,1
CGCGACGCGGGCC,0,1
CGCGACGGCACCG,0,1
CGCGACGGGCCGC,0,1
CGCGAGAAAGACC,0,1
CGCGAGAACGGAG,1,1
CGCGAGAAGGAAG,0,6
CGCGAGACCGGCC,0,1
CGCGAGAGAGACG,0,1
CGCGAGAGAGAGA,0,1
CGCGAGCACCGAG,0,1
CGCGAGCACGGAC,1,1
CGCGAGCAGAGAG,1,1
CGCGAGCCCAGAC,0,1
CGCGAGCCCCCCG,0,1
CGCGAGCCGCGCG,0,1
CGCGAGCGCGGAG,0,1
CGCGAGCGGGAGC,0,1
CGCGAGGAGAAAG,0,1
CGCGAGGAGAACA,0,1
CGCGAGGCGCCGC,0,1
CGCGAGGGCCAGA,0,1
CGCGAGGGGACAA,0,1
CGCGAGGGGAGAG,0,1
CGCGCAAACCGGA,1,1
CGCGCAAAGACAA,1,1
CGCGCAAAGCGGA,1,1
CGCGCAAGCGACC,0,1
CGCGCAAGCGACG,0,1
CGCGCAAGCGCAA,0,1
CGCGCAAGGACCG,1,1
CGCGCACACCGCC,0,1
CGCGCACACGCCC,0,1
CGCGCACAGCGCA,0,1
CGCGCACCACACA,0,1
CGCGCACCGCCGC,0,1
CGCGCACGCGAGC,0,1
CGCGCACGCGCGC,0,1
CGCGCACGGCAGC,0,1
CGCGCACGGCGCG,0,1
CGCGCAGACCACA,1,1
CGCGCAGACCGCG,0,1
CGCGCAGCAGCAC,0,1
CGCGCAGCCAAGC,0,1
CGCGCAGCCACAG,0,1
CGCGCAGCCACCG,0,1
CGCGCAGCCCCCG,0,1
CGCGCAGCCCCGC,0,1
CGCGCAGCCCGCA,0,1
CGCGCAGCCCGCG,0,1
CGCGCAGCCCGGC,1,1
CGCGCAGCGGAGC,0,1
CGCGCAGGAGAGA,2,2
CGCGCAGGCCGAG,0,1
CGCGCCAACAAAA,0,1
CGCGCCAACCCCA,0,1
CGCGCCACCGCGC,0,1
CGCGCCAGAAAAC,0,1
CGCGCCAGAAGCA,0,1
CGCGCCCACGGCC,0,1
CGCGCCCAGAACC,0,1
CGCGCCCAGGCAG,0,1
CGCGCCCAGGCCG,0,1
CGCGCCCAGGGGC,0,1
CGCGCCCCAGGGA,0,3
CGCGCCCCCCTCC,0,1
CGCGCCCCCGCCC,0,2
CGCGCCCCCGTCC,0,1
CGCGCCCCGACCA,0,1
CGCGCCCCGACCC,0,1
CGCGCCCCGCGCC,2,3
CGCGCCCCGGCGC,0,1
CGCGCCCCGGGAG,0,1
CGCGCCCCGTGTC,0,2
CGCGCCCCTCCTC,1,1
CGCGCCCGAGCGC,0,1
CGCGCCCGCCCCC,0,1
CGCGCCCGCCCGC,0,1
CGCGCCCGCGCCG,0,1
CGCGCCCGCTTCC,0,1
CGCGCCCGGCACA,1,1
CGCGCCCGGCGGC,0,1
CGCGCCCGTCCTC,0,1
CGCGCCCTCCGCC,0,1
CGCGCCCTCCGCG,0,1
CGCGCCCTGGCCG,0,1
CGCGCCGACACCG,0,1
CGCGCCGACAGCC,0,1
CGCGCCGACCGCC,0,1
CGCGCCGAGCCCC,0,1
CGCGCCGAGCGCG,0,1
CGCGCCGAGGGGC,0,1
CGCGCCGCAAAAG,1,3
CGCGCCGCACCCC,0,1
CGCGCCGCCACCG,0,3
CGCGCCGCCCGTC,0,1
CGCGCCGCCGCCC,0,1
CGCGCCGCCGCCG,0,3
CGCGCCGCCGTGC,0,1
CGCGCCGCCTCCG,0,1
CGCGCCGCGCCCG,0,2
CGCGCCGCGGCCG,1,2
CGCGCCGCTTGCC,0,1
CGCGCCGGACGCG,0,1
CGCGCCGGCCCGC,0,1
CGCGCCGGCCGCC,0,1
CGCGCCGGCCGCG,0,1
CGCGCCGGCGCCC,0,1
CGCGCCGGCGCGC,0,1
CGCGCCGGCGGCC,0,1
CGCGCCGGCGGGA,0,1
CGCGCCGGGACAC,0,1
CGCGCCGGGCCCG,1,1
CGCGCCGGGGCGC,0,1
CGCGCCGGGGCTC,0,1
CGCGCCGGGGGCA,0,1
CGCGCCGGTGCCG,0,1
CGCGCCGTCGCTC,0,1
CGCGCCTCGCCTC,0,1
CGCGCCTCGTCCC,0,1
CGCGCCTGCCGCC,0,1
CGCGCCTGCCTGC,0,1
CGCGCCTGCGTGC,0,1
CGCGCCTGCTGCC,1,1
CGCGCCTGGGCCC,0,3
CGCGCCTGTCCCC,0,1
CGCGCCTTTCGTC,0,1
CGCGCGAAGCCCG,0,1
CGCGCGAAGGCAA,0,1
CGCGCGACCGCGC,0,1
CGCGCGACGACGC,0,1
CGCGCGACGCAAG,0,1
CGCGCGACGGGCC,0,1
CGCGCGAGAGAGA,0,1
CGCGCGAGGAGAA,0,1
CGCGCGAGGGGAC,0,1
CGCGCGCAAACCG,1,1
CGCGCGCACACCG,0,1
CGCGCGCAGCCAA,0,1
CGCGCGCAGCCCG,0,2
CGCGCGCCACCGC,0,1
CGCGCGCCAGCCG,0,1
CGCGCGCCCAGGC,0,1
CGCGCGCCCCGTC,0,3
CGCGCGCCCGACG,0,1
CGCGCGCCCGCCG,0,1
CGCGCGCCGGCCA,0,2
CGCGCGCCGGCCG,0,1
CGCGCGCCGGCGC,0,1
CGCGCGCCTCGCC,0,2
CGCGCGCCTTTCC,0,1
CGCGCGCGAGAGA,0,1
CGCGCGCGCACGC,0,1
CGCGCGCGCCCCG,0,3
CGCGCGCGCCCGA,0,1
CGCGCGCGCCCGC,0,1
CGCGCGCGCCGCC,0,1
CGCGCGCGCCGGC,1,4
CGCGCGCGCGCCC,0,1
CGCGCGCGCGCGC,0,8
CGCGCGCGCTGGC,0,1
CGCGCGCGGACAG,0,1
CGCGCGCGGAGGA,0,1
CGCGCGCGGCCCC,0,2
CGCGCGCGGCCGC,0,1
CGCGCGCGGCGGC,0,1
CGCGCGCGGGGCC,0,1
CGCGCGCGGTGGC,0,2
CGCGCGCGTCGCC,0,1
CGCGCGCGTTCCC,0,2
CGCGCGCGTTCGC,0,1
CGCGCGCGTTGCC,0,1
CGCGCGCTCCCGC,0,3
CGCGCGCTCTGCC,0,1
CGCGCGCTGCCTC,0,1
CGCGCGCTGGCGC,0,1
CGCGCGCTGGGTC,0,1
CGCGCGGAAAGCA,0,1
CGCGCGGACAGAC,0,1
CGCGCGGAGCAGC,0,1
CGCGCGGAGGGCC,0,1
CGCGCGGCAAGCA,0,1
CGCGCGGCCCCTC,0,1
CGCGCGGCCCGCG,0,1
CGCGCGGCCCTGC,1,1
CGCGCGGCCGCCC,0,1
CGCGCGGCCGCCG,0,1
CGCGCGGCCGGGA,0,2
CGCGCGGCGCCGC,0,1
CGCGCGGCGCGGA,1,1
CGCGCGGCGCTGC,0,1
CGCGCGGCGGCCG,0,1
CGCGCGGCGGGCC,0,1
CGCGCGGCTCCTC,0,1
CGCGCGGGACGGA,0,1
CGCGCGGGAGCCC,0,1
CGCGCGGGCAAAA,0,1
CGCGCGGGCCGCC,0,1
CGCGCGGGGCCTC,0,2
CGCGCGGGGGAAA,0,1
CGCGCGGTCTCCG,0,1
CGCGCGGTCTTTC,1,1
CGCGCGGTGGCGC,0,1
CGCGCGTGTCGCC,0,1
CGCGCGTTCGCCG,0,1
CGCGCGTTGCGCC,0,1
CGCGCGTTTCTTC,0,1
CGCGCTCCCCGCC,0,1
CGCGCTCCCCGCG,0,1
CGCGCTCCCCGTC,0,1
CGCGCTCCCGCCC,0,3
CGCGCTCCCGCTC,1,1
CGCGCTCCCGTCC,0,1
CGCGCTCCCTGCC,0,1
CGCGCTCCGCTCC,1,2
CGCGCTCCGCTGC,0,1
CGCGCTCCGTGGC,0,1
CGCGCTCGCCGCC,0,1
CGCGCTCGTCTGC,0,1
CGCGCTCTCTTCC,0,1
CGCGCTCTGCCCC,0,2
CGCGCTGCCCCCG,1,1
CGCGCTGCCCGCC,0,1
CGCGCTGCCCGTC,0,1
CGCGCTGCCGGGC,0,1
CGCGCTGCCTCCC,0,1
CGCGCTGCTCGGC,0,1
CGCGCTGGCCCTC,0,1
CGCGCTGGGCGGC,0,1
CGCGCTGGGGCCG,0,1
CGCGCTTCCTCCG,1,1
CGCGCTTCGGCCC,1,2
CGCGCTTTCTCGC,0,1
CGCGCTTTGTGTC,0,1
CGCGGAAAAAGCG,1,1
CGCGGAAAAAGGA,0,1
CGCGGAAAACGAG,0,2
CGCGGAAAGCAAC,0,1
CGCGGAAAGCACC,0,9
CGCGGAACCAGAG,0,2
CGCGGAAGAACCA,0,1
CGCGGAAGCACAA,0,1
CGCGGAAGGACCA,0,1
CGCGGAAGGGCCG,0,1
CGCGGACAGACAC,0,1
CGCGGACAGACGA,0,1
CGCGGACCACCGC,0,1
CGCGGACCCCGAG,0,3
CGCGGACCGAAAG,0,1
CGCGGACCGGGAG,0,1
CGCGGACGCGGGC,0,2
CGCGGACGGACAA,0,1
CGCGGAGAAAAAA,1,1
CGCGGAGAAAAAG,0,1
CGCGGAGAGAAAG,0,1
CGCGGAGAGCGGC,0,1
CGCGGAGAGGAAG,1,1
CGCGGAGAGGGCC,2,2
CGCGGAGCAGCGC,0,1
CGCGGAGCCAACC,0,1
CGCGGAGCCCGAG,0,1
CGCGGAGCCGCCG,0,2
CGCGGAGCCGGGC,0,1
CGCGGAGCGGAGC,1,1
CGCGGAGGAGGAG,0,1
CGCGGAGGGAGCG,1,2
CGCGGAGGGCAAG,0,2
CGCGGAGGGCCAG,0,2
CGCGGAGGGCGCA,0,2
CGCGGAGGGCGGA,0,2
CGCGGCAAAAAAG,0,1
CGCGGCAACAAGA,0,1
CGCGGCAACCACC,0,1
CGCGGCACAAGAG,0,2
CGCGGCACACGGA,0,1
CGCGGCACGAGCA,0,1
CGCGGCAGAAGAA,1,2
CGCGGCAGCCGAG,0,2
CGCGGCAGGAAGA,0,1
CGCGGCAGGCAGA,0,1
CGCGGCAGGGGCC,0,1
CGCGGCCACGCCC,0,1
CGCGGCCCCGGGA,0,1
CGCGGCCCCTCGC,0,1
CGCGGCCCGCCGC,0,1
CGCGGCCCGCCTC,0,1
CGCGGCCCGGCAG,1,1
CGCGGCCCGGCCC,0,1
CGCGGCCCGGGGC,0,5
CGCGGCCCTGGCC,0,1
CGCGGCCGAGGGC,0,1
CGCGGCCGCCACA,0,1
CGCGGCCGCCGCC,0,1
CGCGGCCGCCGCG,0,1
CGCGGCCGCCGGA,0,1
CGCGGCCGCGAAG,0,1
CGCGGCCGCGAGC,0,1
CGCGGCCGCGCCG,0,1
CGCGGCCGCGCGC,0,1
CGCGGCCGGAGCC,0,1
CGCGGCCGGCAGC,0,1
CGCGGCCGGCGAG,0,1
CGCGGCCGGCTCC,0,1
CGCGGCCGGGCGC,1,1
CGCGGCCTCTCCG,0,1
CGCGGCCTGGGCC,0,1
CGCGGCCTTCCGC,0,1
CGCGGCGAAAAAA,1,1
CGCGGCGACAGCG,0,3
CGCGGCGACCGGC,0,1
CGCGGCGACGAAG,0,1
CGCGGCGACGACG,0,1
CGCGGCGACGGAG,0,1
CGCGGCGAGCGAA,0,1
CGCGGCGCAAAGA,0,1
CGCGGCGCACCCG,0,1
CGCGGCGCAGAGC,0,1
CGCGGCGCCCCAC,0,1
CGCGGCGCCCCGC,2,2
CGCGGCGCCCGGC,1,1
CGCGGCGCCGCCG,0,2
CGCGGCGCCGGCC,0,1
CGCGGCGCGCAAG,0,2
CGCGGCGCGCTCC,0,1
CGCGGCGCGGAAG,0,1
CGCGGCGCGGCAC,0,1
CGCGGCGCGGCGA,0,1
CGCGGCGCTCCCG,0,2
CGCGGCGCTGCCG,0,4
CGCGGCGCTGCGC,0,1
CGCGGCGCTGGCC,0,1
CGCGGCGCTGGTC,0,1
CGCGGCGGAAGAG,0,1
CGCGGCGGACGAG,0,1
CGCGGCGGAGACC,1,1
CGCGGCGGAGCCG,0,1
CGCGGCGGCCAGC,0,1
CGCGGCGGCCCCG,0,1
CGCGGCGGCCGAC,0,1
CGCGGCGGCCGCC,0,3
CGCGGCGGCCGGA,0,2
CGCGGCGGCCGGC,0,1
CGCGGCGGCGAGC,0,1
CGCGGCGGCGGCA,0,1
CGCGGCGGCGGGA,0,1
CGCGGCGGCGTCC,0,2
CGCGGCGGGCCAG,0,1
CGCGGCGGGCCGA,0,1
CGCGGCGGGCCGC,0,2
CGCGGCGGGGAAG,0,1
CGCGGCGGGGACC,0,1
CGCGGCGGGGACG,0,1
CGCGGCGGTCGTC,0,1
CGCGGCGTCCCGC,0,1
CGCGGCGTGGGTC,0,1
CGCGGCTCCCCCC,0,2
CGCGGCTCCGGGC,0,1
CGCGGCTCCGTGC,1,1
CGCGGCTCCTCTC,0,1
CGCGGCTCGGGCC,0,4
CGCGGCTCTGTTC,1,1
CGCGGCTGCTTTC,1,1
CGCGGCTGGTGTC,0,1
CGCGGCTGTGTTC,0,1
CGCGGCTTCGCCC,0,1
CGCGGGAAAGACA,1,1
CGCGGGAACCGAG,1,1
CGCGGGAAGAAAC,0,1
CGCGGGAAGAGCC,0,1
CGCGGGACCGCCC,0,2
CGCGGGACCGGCC,0,1
CGCGGGACGACGC,0,1
CGCGGGACGCCGC,0,1
CGCGGGACGCGCC,0,1
CGCGGGACGGAAA,0,1
CGCGGGAGAAAAG,1,1
CGCGGGAGACGGA,0,1
CGCGGGAGAGCAA,0,5
CGCGGGAGAGCCC,0,1
CGCGGGAGAGGAA,0,1
CGCGGGAGAGGAG,0,1
CGCGGGAGCCCGA,0,1
CGCGGGAGCCGCC,0,1
CGCGGGAGGCGCC,0,1
CGCGGGCAAAAAA,1,1
CGCGGGCACAGGC,1,3
CGCGGGCCAAGGA,0,1
CGCGGGCCCCCCC,0,1
CGCGGGCCCGGCC,0,1
CGCGGGCCCGGGC,1,1
CGCGGGCCGCCTC,1,1
CGCGGGCCGGCGC,0,1
CGCGGGCCGGCTC,0,1
CGCGGGCGAAGGC,1,1
CGCGGGCGAGGAA,0,1
CGCGGGCGAGGCA,1,1
CGCGGGCGCCGCC,0,1
CGCGGGCGCCGGC,0,1
CGCGGGCGCGGGA,0,2
CGCGGGCGCTGCC,0,1
CGCGGGCGGGGCC,0,4
CGCGGGCGGGGGC,0,1
CGCGGGCGGTGCC,0,1
CGCGGGCGTGTCC,0,1
CGCGGGCTCCGCC,0,1
CGCGGGCTCGGCC,0,1
CGCGGGCTCTGGC,0,1
CGCGGGGACCAGA,0,1
CGCGGGGACGACC,0,1
CGCGGGGAGAACC,0,1
CGCGGGGAGAGCG,0,1
CGCGGGGAGCGCC,0,1
CGCGGGGAGGGAG,0,1
CGCGGGGAGGGCC,1,1
CGCGGGGCAGAGC,0,1
CGCGGGGCAGGGA,0,1
CGCGGGGCCCCCG,0,1
CGCGGGGCCCGGA,0,1
CGCGGGGCCCGGC,1,2
CGCGGGGCCCGTC,0,1
CGCGGGGCCCTGC,1,1
CGCGGGGCCGCCC,0,7
CGCGGGGCGGAGC,0,1
CGCGGGGCGGCCG,0,1
CGCGGGGCGGGAC,0,1
CGCGGGGCGGGGA,0,2
CGCGGGGCGGGGC,0,1
CGCGGGGCGTGGC,0,1
CGCGGGGCTCTGC,0,1
CGCGGGGGAAAAA,0,1
CGCGGGGGAAAAG,0,1
CGCGGGGGAACGA,1,1
CGCGGGGGAGACG,0,1
CGCGGGGGCCGCC,0,1
CGCGGGGGCGGAC,0,1
CGCGGGGGGACGC,0,1
CGCGGGGGGCGCC,0,2
CGCGGGGGGGAGC,0,1
CGCGGGGTCCCCG,0,1
CGCGGGGTGCCCG,0,1
CGCGGGGTGCGGC,0,1
CGCGGGTCGCGGC,0,4
CGCGGGTCTGCGC,0,1
CGCGGTCCCCGCC,0,1
CGCGGTCCCGCTC,1,1
CGCGGTCCCTGGC,0,1
CGCGGTCCTTCTC,0,2
CGCGGTCGCGCGC,0,1
CGCGGTCGGGCCC,0,1
CGCGGTCTGTCGC,0,4
CGCGGTCTTTCTC,0,1
CGCGGTGCTCCTC,0,1
CGCGGTGCTTTCC,0,1
CGCGGTGGCGGGC,0,1
CGCGGTGGTGGTC,0,1
CGCGGTGGTTTTC,1,1
CGCGGTGTTCCGC,1,1
CGCGGTTCTGTCC,1,1
CGCGGTTGCCTTC,0,1
CGCGGTTGGCCCG,0,1
CGCGGTTGGCGCC,0,1
CGCGGTTGGCTCC,0,1
CGCGGTTGTTTGC,0,1
CGCGGTTTCCCCC,1,1
CGCGGTTTGGCCC,0,1
CGCGGTTTGTGGC,0,1
CGCGGTTTTGGCC,0,1
CGCGGTTTTTCTC,0,1
CGCGTCCCCGTGC,0,4
CGCGTCCCGGGCC,1,1
CGCGTCCCGTCCC,7,17
CGCGTCCCTCGCC,0,1
CGCGTCCCTTTCC,0,1
CGCGTCCGCGTGC,0,2
CGCGTCCTCCCCG,1,1
CGCGTCCTCGCCC,0,1
CGCGTCGCTCCTC,0,6
CGCGTCGTCCCGC,0,1
CGCGTCGTGTGTC,0,1
CGCGTCTCTTGGC,1,1
CGCGTCTTGTCCG,0,1
CGCGTGCCGCCGC,0,1
CGCGTGCGTGCCC,0,1
CGCGTGCTCGTCC,0,1
CGCGTGCTCTCTC,1,3
CGCGTGCTGCTCC,0,1
CGCGTGCTGGCCG,0,1
CGCGTGCTTTTCC,0,1
CGCGTGGCCTCTC,0,3
CGCGTGGGCGTGC,0,5
CGCGTGGTGGGGC,1,1
CGCGTGTCCCGCC,0,1
CGCGTGTCGCCCG,0,1
CGCGTGTGTCCTC,0,1
CGCGTGTGTGTGC,0,1
CGCGTTCGCCGCC,0,1
CGCGTTCTCGGCC,0,2
CGCGTTCTCTGTC,0,1
CGCGTTGCCCTCC,0,1
CGCGTTGCGGCCG,0,1
CGCGTTGCTTCGC,0,1
CGCGTTGCTTTTC,0,1
CGCGTTGTTTTGC,0,1
CGCGTTTCGGGGC,0,2
CGCGTTTCTTCTC,0,1
CGCGTTTTGGTGC,0,1
CGCTCCCCCCGCC,0,1
CGCTCCCCGCCCG,0,2
CGCTCCCCGCGCC,0,1
CGCTCCCCGCGGC,0,1
CGCTCCCCTCCCG,1,1
CGCTCCCCTGTGC,0,1
CGCTCCCCTGTTC,0,1
CGCTCCCGCCCCG,0,1
CGCTCCCGCCCTC,1,1
CGCTCCCGCTCGC,0,1
CGCTCCCGGCCCC,0,1
CGCTCCCGGGCCC,0,1
CGCTCCCGGGGCC,0,1
CGCTCCCTCCCGC,1,1
CGCTCCCTGCTGC,1,2
CGCTCCCTTCCCG,0,1
CGCTCCGCCCGCC,1,1
CGCTCCGCCTCCC,0,4
CGCTCCGCCTGGC,0,1
CGCTCCGCCTTCC,1,1
CGCTCCGCGCTGC,1,1
CGCTCCGCTCCCG,1,2
CGCTCCGCTCCGC,2,6
CGCTCCGCTCCTC,0,1
CGCTCCGCTGCCC,0,1
CGCTCCGGCGCCC,0,2
CGCTCCGGCTCCG,0,1
CGCTCCGGCTTGC,0,1
CGCTCCGGGCCCC,1,1
CGCTCCGGGCCCG,2,3
CGCTCCGTCCCCG,0,1
CGCTCCGTGCTCC,0,1
CGCTCCGTGGCCC,0,1
CGCTCCGTTCGCC,1,1
CGCTCCGTTTTCC,0,2
CGCTCCTCCCTTC,0,3
CGCTCCTCCTCCC,1,1
CGCTCCTCGTCCC,0,1
CGCTCCTCGTGGC,0,1
CGCTCCTGGGGCC,0,3
CGCTCCTTCTCCG,0,1
CGCTCCTTGTCTC,0,1
CGCTCCTTTGTGC,2,2
CGCTCGCCGCCGC,2,4
CGCTCGCCGCGCC,0,1
CGCTCGCGTGGGC,0,1
CGCTCGCTCCCTC,1,1
CGCTCGCTCGCTC,0,1
CGCTCGGCGCGCC,0,1
CGCTCGGCGTCTC,0,1
CGCTCGGCTGCCG,0,2
CGCTCGGGCCTCC,0,1
CGCTCGGGCTCCC,0,1
CGCTCGGGGCGCC,0,1
CGCTCGGGGCTCC,0,1
CGCTCGGGTCCGC,1,1
CGCTCGGGTCGCC,0,1
CGCTCGGGTTGTC,0,1
CGCTCGGTCTCGC,0,1
CGCTCGGTTCCCC,0,1
CGCTCGGTTCTCC,1,1
CGCTCGGTTTTGC,0,1
CGCTCGTGCCCCC,0,1
CGCTCGTGCGCTC,1,1
CGCTCGTGGTCGC,0,1
CGCTCTCCCCTCC,0,1
CGCTCTCCGCGTC,0,1
CGCTCTCCTTCCC,0,1
CGCTCTCGGGGTC,0,3
CGCTCTCTCCCTC,0,1
CGCTCTCTCCGTC,0,1
CGCTCTCTCTCTC,1,2
CGCTCTCTGCCCC,19,26
CGCTCTCTGTGGC,0,3
CGCTCTCTTCTGC,0,1
CGCTCTGCCCCCG,0,1
CGCTCTGCCCCGC,0,1
CGCTCTGCTCCCG,0,1
CGCTCTGGCTTCC,0,2
CGCTCTTCTCTTC,2,2
CGCTCTTCTTTCC,0,1
CGCTCTTTCTCCC,0,1
CGCTCTTTTCTTC,0,2
CGCTGCCCCCGCC,1,2
CGCTGCCCCTTTC,0,1
CGCTGCCCGTCTC,0,1
CGCTGCCGCCGCC,0,1
CGCTGCCGCCGTC,0,1
CGCTGCCGCGGCC,0,1
CGCTGCCGCTGCC,0,2
CGCTGCCGGCCGC,0,1
CGCTGCCGTCCCG,0,1
CGCTGCCGTCCTC,1,1
CGCTGCCGTCGCC,0,1
CGCTGCCGTCTGC,0,1
CGCTGCCGTGCGC,0,1
CGCTGCCGTTCGC,0,1
CGCTGCCTCGTCC,1,1
CGCTGCCTTCCTC,0,2
CGCTGCGCCTGCC,0,1
CGCTGCGCTCCGC,0,1
CGCTGCGTTCTGC,1,1
CGCTGCTCCGCGC,0,1
CGCTGCTCTGGGC,0,1
CGCTGCTGGTGTC,0,1
CGCTGCTGTCTGC,0,1
CGCTGCTTTCCTC,0,2
CGCTGCTTTTCTC,0,5
CGCTGGCGGCCGC,0,1
CGCTGGCGTCCGC,0,1
CGCTGGCGTGGGC,0,1
CGCTGGCTCTGTC,0,1
CGCTGGGCCCGCC,0,1
CGCTGGGCCTGCC,0,1
CGCTGGGCGGCTC,0,1
CGCTGGGCGGGGC,0,1
CGCTGGGCTGCCC,1,1
CGCTGGGGCTCCG,0,1
CGCTGGGGGTCCC,0,1
CGCTGGGGTGCGC,0,1
CGCTGGGTGGGTC,0,1
CGCTGGGTTCGGC,0,1
CGCTGGTGGGCTC,1,1
CGCTGGTTGTGGC,0,3
CGCTGGTTTGTTC,0,1
CGCTGTCCCGCTC,0,1
CGCTGTCCCGGGC,0,5
CGCTGTCCGTGTC,0,1
CGCTGTCGGTCTC,0,1
CGCTGTCGTCGCC,0,1
CGCTGTCTTCTCC,0,1
CGCTGTGCCCCCC,1,1
CGCTGTGCCCCGC,0,1
CGCTGTGGCGGGC,0,1
CGCTGTGGGCTTC,0,2
CGCTGTGGGGCTC,0,1
CGCTGTGGGGGCC,0,1
CGCTGTGGGTCCC,0,1
CGCTGTGTTTCTC,0,1
CGCTGTTCCTGGC,0,1
CGCTGTTGCCGCC,0,1
CGCTGTTGCGTTC,0,1
CGCTGTTGGCGGC,0,1
CGCTGTTGTTGTC,0,1
CGCTGTTTTCTTC,0,1
CGCTTCCCCTTGC,1,1
CGCTTCCCGGCCG,0,1
CGCTTCCCTCCGC,1,1
CGCTTCCCTGGCC,0,1
CGCTTCCCTGTGC,0,6
CGCTTCCCTTCCC,0,2
CGCTTCCGGCTCC,0,1
CGCTTCCTCCCGC,0,1
CGCTTCCTCCGTC,1,1
CGCTTCCTCCTCC,0,1
CGCTTCCTGCCCG,0,1
CGCTTCCTGGCGC,0,1
CGCTTCCTGGTTC,0,1
CGCTTCCTGTTGC,0,1
CGCTTCGCCTGCC,0,1
CGCTTCGGCCCCG,1,2
CGCTTCGTTCCTC,0,1
CGCTTCGTTTGGC,0,1
CGCTTCTCCTTCC,0,1
CGCTTCTCGCCCC,0,1
CGCTTCTCTCTCC,1,1
CGCTTCTGCTTGC,0,1
CGCTTCTGGTCCC,0,1
CGCTTCTGTTGCC,1,1
CGCTTGCCGTTGC,0,1
CGCTTGCTTGTCC,1,1
CGCTTGGGCGCTC,0,1
CGCTTGGGGCTCC,0,1
CGCTTGTCCCGGC,0,1
CGCTTGTCGCCCC,1,1
CGCTTGTCGCGTC,0,1
CGCTTGTGGGCGC,0,1
CGCTTGTGGTCTC,0,1
CGCTTGTGTTTTC,0,1
CGCTTTCCCTCTC,0,1
CGCTTTCCCTTGC,0,2
CGCTTTCCTGCCC,0,1
CGCTTTCCTTCTC,0,1
CGCTTTCGGTCTC,1,1
CGCTTTCTCGCTC,0,1
CGCTTTCTTCTCC,0,1
CGCTTTCTTTTTC,0,1
CGCTTTGGGCCCG,0,1
CGCTTTGGGCTGC,0,1
CGCTTTGGGGTCC,0,1
CGCTTTGTGCCTC,0,1
CGCTTTTCTTCGC,0,1
CGCTTTTCTTTCC,1,1
CGCTTTTGGCCGC,0,1
CGCTTTTGTCCTC,0,1
CGCTTTTGTGCCG,0,1
CGCTTTTTGGTTC,0,1
CGGAAAAAAAAAA,0,1
CGGAAAAAACCCA,0,1
CGGAAAAAAGAAA,0,1
CGGAAAAACAGAG,0,1
CGGAAAAACCAGA,0,1
CGGAAAAACCCAA,0,1
CGGAAAAACCCCA,0,1
CGGAAAAACCCGA,0,3
CGGAAAAAGCGGC,1,1
CGGAAAAAGGAAA,0,1
CGGAAAACCCGCA,0,1
CGGAAAACGGAGC,0,2
CGGAAAAGAAAAC,0,1
CGGAAAAGAACAC,0,1
CGGAAAAGCCACG,0,1
CGGAAAAGGGCCA,1,1
CGGAAACAACCCA,0,2
CGGAAACCAAAGA,0,1
CGGAAACCACGCA,0,1
CGGAAACCAGCCG,0,1
CGGAAACCAGGAG,1,1
CGGAAACCCGAAC,0,1
CGGAAACCGAGCA,0,1
CGGAAACGCAACG,0,1
CGGAAACGCGACC,0,1
CGGAAACGCGGCC,0,1
CGGAAAGAAACGC,0,1
CGGAAAGAAGAGC,0,1
CGGAAAGAGGAGA,0,1
CGGAAAGAGGAGC,0,1
CGGAAAGCACCGC,0,1
CGGAAAGCCCAGA,0,1
CGGAAAGCCGCAA,0,1
CGGAAAGGCCACC,0,1
CGGAAAGGCGCGC,0,1
CGGAAAGGGAGAA,0,1
CGGAAAGGGCCCA,2,3
CGGAAAGGGGAGC,1,2
CGGAACAAAAAAC,0,1
CGGAACAAGGCAC,0,1
CGGAACAAGGCCC,0,1
CGGAACACACCCA,0,1
CGGAACACAGCCG,0,1
CGGAACACCGCGC,1,1
CGGAACAGAAACA,0,1
CGGAACAGAACAA,0,1
CGGAACCAAGCCC,0,3
CGGAACCACAAAG,0,1
CGGAACCAGAGGC,0,2
CGGAACCAGCCGA,0,1
CGGAACCCAAACC,0,1
CGGAACCCAAAGA,1,1
CGGAACCCCGCAC,0,1
CGGAACCCGGGGC,1,1
CGGAACCGAGCAG,1,1
CGGAACCGGAACC,0,1
CGGAACCGGGGAG,0,1
CGGAACGAAAAAC,0,1
CGGAACGCCGAGA,0,1
CGGAACGCCGCAC,1,1
CGGAACGGCACCG,0,4
CGGAACGGCAGCA,0,2
CGGAACGGCCGCC,0,1
CGGAACGGGCAAA,0,1
CGGAACGGGCCCC,0,1
CGGAACGGGCCGC,0,1
CGGAAGAAACCAG,1,1
CGGAAGAAAGAAG,0,1
CGGAAGAACAAAG,1,1
CGGAAGAAGCGAA,0,1
CGGAAGAAGCGGC,0,1
CGGAAGAAGGAAG,0,2
CGGAAGAAGGGGA,0,1
CGGAAGACGGAAG,0,2
CGGAAGAGAAGAA,0,1
CGGAAGAGAGCGA,1,1
CGGAAGAGAGCGC,0,1
CGGAAGAGCAAAG,0,1
CGGAAGAGCAGAC,1,1
CGGAAGAGCGGCA,0,1
CGGAAGAGGAAAA,1,1
CGGAAGAGGACGA,0,1
CGGAAGAGGACGC,0,5
CGGAAGCAAAACA,0,1
CGGAAGCAACCAA,0,1
CGGAAGCACAAAA,0,1
CGGAAGCAGCAAA,0,1
CGGAAGCCAGAGC,0,1
CGGAAGCCCAGCC,0,1
CGGAAGCGAACAA,0,1
CGGAAGCGAGAAG,0,1
CGGAAGCGAGGAG,0,1
CGGAAGCGCCGGC,0,1
CGGAAGCGCGACA,0,3
CGGAAGCGGCGCC,0,1
CGGAAGGAAAGCA,0,1
CGGAAGGACCACC,0,1
CGGAAGGACGCAG,0,1
CGGAAGGAGAACC,1,1
CGGAAGGAGAAGC,0,1
CGGAAGGAGAGGA,0,1
CGGAAGGAGGCAA,0,1
CGGAAGGAGGCAG,0,1
CGGAAGGCAAACG,0,1
CGGAAGGCAGCAG,0,1
CGGAAGGCGAAGA,1,1
CGGAAGGCGGAGC,1,1
CGGAAGGGACCCA,0,1
CGGAAGGGAGAAG,1,1
CGGAAGGGAGAGC,0,1
CGGAAGGGCAAAG,0,1
CGGAAGGGCCGAA,0,1
CGGAAGGGCGGGA,0,1
CGGAAGGGGGAAA,0,1
CGGAAGGGGGGCC,0,1
CGGACAAAACCAG,0,1
CGGACAAAGGACG,1,2
CGGACAACAAGAA,0,1
CGGACAACACCGA,1,1
CGGACAACGACCA,0,1
CGGACAAGAGGGA,1,1
CGGACAAGCAAGC,1,1
CGGACAAGCGGGC,0,1
CGGACAAGGGAAC,0,1
CGGACAAGGGAAG,1,1
CGGACACCCAGGA,1,1
CGGACACCCGGCC,0,1
CGGACACCGAACA,1,1
CGGACACCGGACA,0,1
CGGACACGACACA,0,1
CGGACACGACACG,0,1
CGGACACGAGCGC,0,1
CGGACACGGACAC,0,2
CGGACACGGAGGC,1,1
CGGACAGAAAACA,0,1
CGGACAGAACCCC,1,1
CGGACAGAAGCGA,0,1
CGGACAGACACAC,0,1
CGGACAGACAGAC,1,2
CGGACAGACAGCA,0,1
CGGACAGACGACA,0,1
CGGACAGAGGAAA,0,1
CGGACAGCCAAGA,0,2
CGGACAGCGCGCC,0,2
CGGACAGGAAAGA,1,1
CGGACAGGCACCC,0,1
CGGACAGGCCGAC,0,1
CGGACAGGGCGAC,0,1
CGGACAGGGGACC,1,1
CGGACAGGGGCAA,1,2
CGGACAGGGGCAG,0,1
CGGACCAAAACGA,0,2
CGGACCAACGCCG,0,1
CGGACCACAGCCA,0,1
CGGACCACCGCCA,0,1
CGGACCAGACGCA,0,1
CGGACCAGCGCCG,0,1
CGGACCAGGAGGC,0,1
CGGACCCAAAGGA,0,1
CGGACCCAGACCA,0,1
CGGACCCCAAAGA,0,1
CGGACCCCGACAG,1,1
CGGACCCCGAGAG,0,3
CGGACCCCGGCCC,0,1
CGGACCCGAAGAG,0,1
CGGACCGAGCGCA,1,2
CGGACCGCCGGCC,0,1
CGGACCGCGCAGC,0,1
CGGACCGCGGCAA,1,1
CGGACCGGGAGGA,0,1
CGGACGAAAAAAA,0,1
CGGACGAACGACG,0,1
CGGACGAGAAACG,0,1
CGGACGAGAACCC,0,1
CGGACGAGAAGAG,0,2
CGGACGAGAGAAA,0,1
CGGACGAGAGCGC,0,1
CGGACGCACAGCC,0,1
CGGACGCAGAGCC,0,2
CGGACGCCAGCGC,0,1
CGGACGCCGGACG,1,1
CGGACGCCGGGAC,1,1
CGGACGCGCCGAC,0,1
CGGACGCGGGGGC,0,1
CGGACGGAAGGGC,0,2
CGGACGGACAAGC,1,1
CGGACGGAGACGA,0,1
CGGACGGAGGGAA,0,1
CGGACGGAGGGAG,0,1
CGGACGGCGAACG,0,1
CGGACGGCGGCAG,0,1
CGGACGGGACAGA,0,1
CGGACGGGGAACC,1,1
CGGAGAAAAACAG,0,1
CGGAGAAACGAGC,0,1
CGGAGAAAGCCAA,0,1
CGGAGAACAGGGA,0,5
CGGAGAACCAGCC,0,1
CGGAGAACCAGGC,0,1
CGGAGAACCCCCA,0,1
CGGAGAAGAAGAG,1,1
CGGAGAAGACAAC,1,1
CGGAGAAGCAGAG,0,1
CGGAGAAGGAAAC,0,1
CGGAGAAGGCGAA,0,1
CGGAGACACAGAA,0,3
CGGAGACACGCCG,0,1
CGGAGACACGGGC,1,1
CGGAGACCAGACC,0,1
CGGAGACCGACAG,0,1
CGGAGACCGCCAC,0,1
CGGAGACCGGAAG,0,1
CGGAGACCGGCAG,1,1
CGGAGACCGGGAC,1,1
CGGAGACGACAAG,1,1
CGGAGACGACGAC,0,1
CGGAGACGCACAG,0,1
CGGAGACGGACCG,0,1
CGGAGACGGAGGA,0,1
CGGAGACGGGGAA,0,1
CGGAGAGAAAACA,0,1
CGGAGAGAAAGAC,0,2
CGGAGAGACCCCA,0,1
CGGAGAGACGGGC,0,1
CGGAGAGAGAGGC,0,1
CGGAGAGAGGAAG,0,1
CGGAGAGCACAGA,1,1
CGGAGAGCACCAC,0,1
CGGAGAGCAGACA,0,1
CGGAGAGCAGCCA,0,1
CGGAGAGCAGGGA,0,1
CGGAGAGCCACCC,0,1
CGGAGAGCCCGGC,0,1
CGGAGAGGACCGC,0,1
CGGAGAGGAGAAA,1,1
CGGAGAGGCAGAG,0,1
CGGAGAGGGAAGA,1,1
CGGAGAGGGAGGA,0,1
CGGAGAGGGCCCA,6,6
CGGAGCAAAAAGA,1,1
CGGAGCAAAGCAA,0,1
CGGAGCAACGAAG,0,1
CGGAGCAACGCAG,0,1
CGGAGCACGGCCG,0,2
CGGAGCAGAGAAA,0,1
CGGAGCAGCCAAC,0,1
CGGAGCAGCGAAC,0,1
CGGAGCAGCGCCA,0,1
CGGAGCCAAAAGC,0,1
CGGAGCCAAGAGA,1,1
CGGAGCCAGAAAA,0,1
CGGAGCCAGAGAC,0,1
CGGAGCCAGAGGA,0,1
CGGAGCCAGGACA,1,1
CGGAGCCAGGGCC,0,1
CGGAGCCCAGACC,0,1
CGGAGCCCAGCCA,0,1
CGGAGCCCCGAGC,1,1
CGGAGCCCCGCAG,0,1
CGGAGCCCGAACA,0,1
CGGAGCCCGAGCA,0,1
CGGAGCCCGCGCC,0,1
CGGAGCCCGCGGC,0,2
CGGAGCCGAAGCA,0,1
CGGAGCCGAGAAA,0,1
CGGAGCCGAGCCC,0,3
CGGAGCCGAGCCG,0,1
CGGAGCCGCAGAC,0,1
CGGAGCCGCCGCC,0,2
CGGAGCCGCGAGC,0,1
CGGAGCCGGAGGA,1,1
CGGAGCCGGCCCC,0,8
CGGAGCCGGCCGC,0,1
CGGAGCCGGCGCA,0,6
CGGAGCCGGCGGA,0,1
CGGAGCCGGGGCC,0,2
CGGAGCGAAAAGA,1,1
CGGAGCGACCCGC,0,1
CGGAGCGACGCCA,0,1
CGGAGCGAGACCC,0,1
CGGAGCGAGACGA,0,1
CGGAGCGAGGAGA,0,1
CGGAGCGCCCGCC,0,1
CGGAGCGCCGGCA,0,1
CGGAGCGCGGCCC,1,1
CGGAGCGCGGGAC,0,1
CGGAGCGGAGAAC,0,1
CGGAGCGGAGGAA,0,3
CGGAGCGGCACCG,0,1
CGGAGCGGCCAGA,0,1
CGGAGCGGCGAAC,0,1
CGGAGCGGCGACG,0,1
CGGAGCGGCGGGA,0,1
CGGAGCGGGGAAC,0,3
CGGAGCGGGGCAG,0,1
CGGAGCGGGGCCG,0,1
CGGAGCGGGGGCC,0,1
CGGAGGAAAACAG,0,2
CGGAGGAAACAAA,0,2
CGGAGGAACCGAA,0,1
CGGAGGAAGAAGA,0,1
CGGAGGAAGCCGC,0,2
CGGAGGACAGCAG,0,1
CGGAGGACGCGGC,0,1
CGGAGGACGGCAC,1,1
CGGAGGAGAGCAG,1,1
CGGAGGAGCAGCA,0,1
CGGAGGAGCCGCC,0,3
CGGAGGAGCGGGA,0,1
CGGAGGAGGAAAC,0,1
CGGAGGAGGAGCA,0,1
CGGAGGAGGAGGC,0,1
CGGAGGAGGCCCC,0,1
CGGAGGAGGCGGC,0,1
CGGAGGCAAGGCA,0,1
CGGAGGCACAGAG,0,1
CGGAGGCAGACAC,1,1
CGGAGGCCACCCA,0,1
CGGAGGCCAGACC,0,3
CGGAGGCCCCGCC,0,4
CGGAGGCCCGGCA,0,1
CGGAGGCCGGCGC,0,1
CGGAGGCGAAGAG,0,1
CGGAGGCGCGACC,1,1
CGGAGGCGGCCCG,1,1
CGGAGGCGGCGGA,1,1
CGGAGGCGGCGGC,0,1
CGGAGGCGGGGGC,0,2
CGGAGGGACAGAG,0,1
CGGAGGGACCCCA,0,1
CGGAGGGACGAAG,0,1
CGGAGGGACGCAA,0,1
CGGAGGGACGCAG,0,9
CGGAGGGAGAGAG,0,1
CGGAGGGAGAGGA,0,1
CGGAGGGAGCGAG,1,1
CGGAGGGAGGAAG,0,1
CGGAGGGAGGGAG,0,1
CGGAGGGCAGGAG,0,1
CGGAGGGCCAGGA,0,1
CGGAGGGCCCCCC,0,8
CGGAGGGCCGGAG,0,1
CGGAGGGCCGGGC,0,1
CGGAGGGCGAGGA,0,1
CGGAGGGCGCGCC,0,1
CGGAGGGCGGACC,0,3
CGGAGGGCGGGAG,0,1
CGGAGGGGAACCA,0,4
CGGAGGGGAAGAA,0,1
CGGAGGGGAGAGC,0,1
CGGAGGGGAGCCC,0,1
CGGAGGGGCCCCA,0,4
CGGAGGGGCCGGA,0,1
CGGAGGGGGAGAC,0,1
CGGAGGGGGCGGC,0,1
CGGCAAAAAAAAA,0,1
CGGCAAAAAAGCA,0,1
CGGCAAAAACAGC,0,1
CGGCAAAAACCAC,0,1
CGGCAAAACCGAG,0,1
CGGCAAAAGAAAC,1,1
CGGCAAAAGACAG,0,1
CGGCAAACAACGC,0,1
CGGCAAAGAAACA,0,1
CGGCAAAGACACG,0,1
CGGCAAAGCACAA,0,1
CGGCAACAAAAAA,1,1
CGGCAACAAAAAC,0,1
CGGCAACAACGAC,0,1
CGGCAACAAGAAA,12,39
CGGCAACAGCGCC,0,1
CGGCAACCACCAC,0,1
CGGCAACCACGCA,0,3
CGGCAACCCAAGC,0,2
CGGCAACCGGGAA,0,1
CGGCAACGCAGGC,0,1
CGGCAACGGCGCC,1,1
CGGCAACGGCGGC,0,1
CGGCAAGAAAGAC,0,2
CGGCAAGAACAAG,0,1
CGGCAAGAAGGGC,0,1
CGGCAAGCAAGCA,0,1
CGGCAAGCGAGAC,0,1
CGGCAAGGACACA,0,1
CGGCAAGGCGGCA,0,2
CGGCAAGGGACAA,0,1
CGGCAAGGGAGAG,0,1
CGGCACAACCAGC,0,1
CGGCACAAGAGAG,0,2
CGGCACACCGCCA,0,1
CGGCACACGGACG,0,1
CGGCACAGAAGAA,0,1
CGGCACAGCCAGC,0,1
CGGCACCACACCA,0,4
CGGCACCACCCCA,0,1
CGGCACCACGCAG,0,1
CGGCACCACGGCC,0,1
CGGCACCGACCAC,0,1
CGGCACCGCAGAC,1,1
CGGCACCGCAGGC,1,1
CGGCACCGCCAAG,0,1
CGGCACCGCCCGC,0,1
CGGCACCGGAGGC,0,1
CGGCACCGGCGGA,0,4
CGGCACCGGGAAA,0,1
CGGCACCGGGAGA,0,1
CGGCACGAGCAGA,0,1
CGGCACGCACAGC,0,1
CGGCACGGCCAAG,0,1
CGGCAGAAAAGCC,1,1
CGGCAGAAACGGC,1,2
CGGCAGAAAGAAA,0,1
CGGCAGAACCACC,0,2
CGGCAGAAGGGAA,0,1
CGGCAGACAGGCA,1,1
CGGCAGACCACCG,0,1
CGGCAGACCCGAC,0,1
CGGCAGACCCGCC,0,1
CGGCAGACGACAC,0,1
CGGCAGACGGGCC,0,1
CGGCAGAGAGGAC,0,1
CGGCAGAGGAGGC,0,1
CGGCAGCAAGAAA,0,2
CGGCAGCACAGGA,0,1
CGGCAGCACCACC,0,1
CGGCAGCACCGAG,0,1
CGGCAGCACGGGA,0,1
CGGCAGCAGAAGA,0,1
CGGCAGCAGCAGC,0,1
CGGCAGCAGCGAC,0,1
CGGCAGCCAACCA,0,1
CGGCAGCCACAGC,0,1
CGGCAGCCAGCCC,0,1
CGGCAGCCGAGAG,0,1
CGGCAGCCGCCAC,0,1
CGGCAGCCGCCGC,0,2
CGGCAGCCGGAAC,1,1
CGGCAGCCGGCAA,0,1
CGGCAGCCGGCGA,0,1
CGGCAGCGCAGGC,0,1
CGGCAGCGCCAAC,0,1
CGGCAGCGCCAGC,1,1
CGGCAGCGCCCGC,0,1
CGGCAGCGCCGGA,0,1
CGGCAGCGCGCCG,0,1
CGGCAGCGGCAGC,1,3
CGGCAGCGGCCCC,0,1
CGGCAGCGGCGAC,0,1
CGGCAGGAACAAC,0,1
CGGCAGGACAAAG,1,1
CGGCAGGAGACAA,0,1
CGGCAGGAGCAAA,0,1
CGGCAGGCAGCAG,0,1
CGGCAGGCAGCCG,0,1
CGGCAGGCCCCAA,0,1
CGGCAGGCGCGGC,0,1
CGGCAGGGACACG,1,1
CGGCAGGGAGCGC,0,1
CGGCAGGGCAGGC,0,1
CGGCAGGGCCCCG,0,1
CGGCAGGGCGGGA,0,1
CGGCAGGGGACAA,0,1
CGGCAGGGGGAGC,0,5
CGGCAGGGGGCGC,0,1
CGGCCAAAACAGA,0,1
CGGCCAAAACCCG,0,1
CGGCCAAAGAAAG,0,1
CGGCCAAAGAGCA,0,1
CGGCCAACAAGAG,0,1
CGGCCAACAGACA,0,1
CGGCCAACAGCCA,0,1
CGGCCAACCGAGA,0,17
CGGCCAACGGGCA,0,2
CGGCCAAGGCCAG,0,1
CGGCCAAGGCCCA,0,1
CGGCCAAGGCGCC,1,1
CGGCCACACAACC,0,4
CGGCCACAGCCCG,0,1
CGGCCACAGGGAC,0,1
CGGCCACAGGGCA,0,1
CGGCCACCAACAG,0,1
CGGCCACCCCAGC,0,1
CGGCCACCGACGC,0,6
CGGCCACCGAGGA,0,1
CGGCCACCGAGGC,0,1
CGGCCACGCCCCC,0,2
CGGCCACGGAAAC,0,1
CGGCCACGGGCAC,0,1
CGGCCAGACCAGC,0,1
CGGCCAGAGCAGC,0,1
CGGCCAGCGCGAC,0,1
CGGCCAGCGGCGA,0,1
CGGCCAGCGGGAG,0,1
CGGCCAGGAAACG,0,2
CGGCCAGGACCCC,0,1
CGGCCAGGAGCCC,0,1
CGGCCAGGAGCCG,0,1
CGGCCAGGCGACA,3,4
CGGCCAGGCGGAC,0,1
CGGCCAGGCGGAG,0,1
CGGCCCAAAACAG,0,1
CGGCCCAAACGCA,0,1
CGGCCCAAGAAAA,0,1
CGGCCCAAGGGCC,0,1
CGGCCCACGCCAA,0,1
CGGCCCACGGAGC,1,1
CGGCCCAGCAAAA,0,1
CGGCCCAGGCGGC,1,1
CGGCCCAGGGGAG,0,1
CGGCCCCAAGCAG,0,6
CGGCCCCACCCCG,0,1
CGGCCCCACGCAC,9,18
CGGCCCCACGCGC,0,1
CGGCCCCAGGACC,0,1
CGGCCCCAGGAGC,0,3
CGGCCCCAGGGCA,0,1
CGGCCCCCACAGC,0,1
CGGCCCCCCCCCC,0,1
CGGCCCCCCCCCG,1,1
CGGCCCCCCCGGC,0,5
CGGCCCCCCGGCC,0,1
CGGCCCCCCGGGC,1,1
CGGCCCCCCTTCC,0,21
CGGCCCCCGCCCC,0,2
CGGCCCCCGCGGA,0,1
CGGCCCCCGCTCC,0,1
CGGCCCCCGGACC,0,1
CGGCCCCCGGGAC,0,1
CGGCCCCCGGGGA,0,1
CGGCCCCCGGGGC,0,1
CGGCCCCCGTGGC,0,1
CGGCCCCCGTTCC,0,1
CGGCCCCCTCCCC,0,1
CGGCCCCCTCCTC,0,2
CGGCCCCCTCTTC,0,1
CGGCCCCCTGTCC,0,1
CGGCCCCGAAACA,0,1
CGGCCCCGAAACG,0,2
CGGCCCCGCCAAC,0,1
CGGCCCCGCCCAG,0,1
CGGCCCCGCCCCC,1,2
CGGCCCCGCCCCG,0,2
CGGCCCCGCCCGC,3,6
CGGCCCCGCCGCA,0,2
CGGCCCCGCGACG,0,1
CGGCCCCGCGCCC,0,1
CGGCCCCGGCCCC,2,2
CGGCCCCGGCCTC,3,3
CGGCCCCGGCGGC,0,3
CGGCCCCGGGAAC,0,1
CGGCCCCGGGCCC,0,1
CGGCCCCGTCTCC,0,1
CGGCCCCTGCCGC,0,1
CGGCCCCTTTCTC,1,1
CGGCCCGAGAGGC,0,1
CGGCCCGAGGACC,0,1
CGGCCCGAGGCCA,0,1
CGGCCCGCACCGA,0,1
CGGCCCGCACGAG,0,1
CGGCCCGCCCGCC,0,2
CGGCCCGCCCGGC,0,2
CGGCCCGCCGCGC,0,1
CGGCCCGCCTCTC,0,1
CGGCCCGCCTTCC,0,1
CGGCCCGCGGGAC,0,1
CGGCCCGCTCGGC,0,1
CGGCCCGGCAGGC,0,1
CGGCCCGGCCCCG,0,1
CGGCCCGGCCGGA,0,1
CGGCCCGGCGGAG,0,1
CGGCCCGGGCCTC,0,2
CGGCCCGGGGCCC,0,2
CGGCCCGGGGGGC,0,1
CGGCCCGGGTGTC,0,1
CGGCCCGTCGCGC,0,1
CGGCCCGTCGCTC,0,1
CGGCCCGTTTTCC,0,1
CGGCCCTCCCCGC,1,1
CGGCCCTCCCGCC,0,2
CGGCCCTCCGCGC,0,1
CGGCCCTCGCCCC,0,1
CGGCCCTCGCCGC,0,1
CGGCCCTCGTCCC,0,1
CGGCCCTGCTGTC,1,1
CGGCCCTGGCCCC,0,1
CGGCCCTGGCGCC,0,1
CGGCCCTGGGCCC,0,2
CGGCCCTTGCCTC,0,1
CGGCCCTTGGGCC,0,1
CGGCCCTTTTTCC,0,1
CGGCCGAACAAAG,0,1
CGGCCGAAGCGCC,0,2
CGGCCGACACAAA,0,1
CGGCCGACCCACA,0,1
CGGCCGACCCGCA,0,1
CGGCCGACGACAG,0,1
CGGCCGACGGGAC,0,5
CGGCCGAGAAAAG,0,1
CGGCCGAGCGGGC,1,1
CGGCCGAGGCCCG,0,2
CGGCCGAGGCGAG,0,1
CGGCCGAGGGCCC,0,1
CGGCCGCAAGGAC,0,1
CGGCCGCACCGCC,0,1
CGGCCGCACCGGC,0,1
CGGCCGCACGCCA,0,1
CGGCCGCAGGGGA,0,1
CGGCCGCCACCGC,0,1
CGGCCGCCACGCC,0,1
CGGCCGCCAGGGC,0,1
CGGCCGCCCCCAA,0,1
CGGCCGCCCCCGC,0,1
CGGCCGCCCCGCA,0,1
CGGCCGCCCCGCC,0,1
CGGCCGCCCGCCC,0,6
CGGCCGCCCGGGC,0,1
CGGCCGCCGAACA,0,1
CGGCCGCCGCCAA,0,1
CGGCCGCCGCCCC,0,1
CGGCCGCCGCCGA,0,3
CGGCCGCCGCCGC,1,1
CGGCCGCCGCGAG,0,1
CGGCCGCCGCGCC,0,2
CGGCCGCCGCGGC,0,3
CGGCCGCCGCTGC,0,1
CGGCCGCCGGAGC,0,1
CGGCCGCCGGCCG,0,1
CGGCCGCCGGCGC,0,3
CGGCCGCCGGGAA,0,1
CGGCCGCGAAGGC,0,1
CGGCCGCGAGGAG,0,1
CGGCCGCGCAGCC,0,2
CGGCCGCGCCCCG,0,3
CGGCCGCGCCGCC,0,1
CGGCCGCGCGCCG,0,1
CGGCCGCGCGCGC,0,2
CGGCCGCGGACAA,0,1
CGGCCGCGGAGGA,0,1
CGGCCGCGGAGGC,0,1
CGGCCGCGGCCAC,0,1
CGGCCGCGGCCCA,0,1
CGGCCGCGGCGCC,0,1
CGGCCGCGGGGCC,0,1
CGGCCGCGTCCTC,0,1
CGGCCGCTCCCGC,1,1
CGGCCGCTCGGGC,0,1
CGGCCGCTGTTGC,1,1
CGGCCGCTTCCCC,1,1
CGGCCGGAACAAC,0,1
CGGCCGGAACGCC,1,1
CGGCCGGAAGCAG,0,1
CGGCCGGACACCA,0,1
CGGCCGGAGACAA,0,1
CGGCCGGAGCACG,0,1
CGGCCGGAGCAGA,0,1
CGGCCGGAGCCAG,0,1
CGGCCGGAGCCCC,0,1
CGGCCGGAGGGAC,0,1
CGGCCGGCAAAAC,0,1
CGGCCGGCAAGGC,0,1
CGGCCGGCAGCCC,0,1
CGGCCGGCAGCGC,0,1
CGGCCGGCCACAC,0,1
CGGCCGGCCCCCG,0,1
CGGCCGGCCCCGC,0,1
CGGCCGGCCCGCC,0,1
CGGCCGGCCCTGC,0,1
CGGCCGGCCGGAG,0,1
CGGCCGGCCGGCA,0,1
CGGCCGGCCGGCC,0,7
CGGCCGGCCGGGA,0,1
CGGCCGGCCGGTC,0,1
CGGCCGGCGAAGC,0,1
CGGCCGGCGAGCA,0,1
CGGCCGGCGAGGA,0,1
CGGCCGGCGCAAA,0,1
CGGCCGGCGCGCC,0,1
CGGCCGGCGGAAC,0,1
CGGCCGGCGGCCC,0,1
CGGCCGGCGGCGC,1,1
CGGCCGGCGGGCA,0,1
CGGCCGGCGGGGC,0,1
CGGCCGGCGGTCC,0,1
CGGCCGGCGTGTC,0,1
CGGCCGGCTGGCC,0,1
CGGCCGGCTTGTC,0,1
CGGCCGGGAACGA,1,1
CGGCCGGGCAACC,0,1
CGGCCGGGCCCCG,0,2
CGGCCGGGCCCGC,0,1
CGGCCGGGCCGCA,0,1
CGGCCGGGCGCCG,1,1
CGGCCGGGCGGAA,0,3
CGGCCGGGCGGGA,0,3
CGGCCGGGCGGGC,0,1
CGGCCGGGCGTCC,0,1
CGGCCGGGCGTGC,0,1
CGGCCGGGGCGAG,0,1
CGGCCGGGGCTGC,0,3
CGGCCGGGGGGCC,0,1
CGGCCGGGTGGGC,0,1
CGGCCGGTCCCGC,0,1
CGGCCGGTCGGTC,0,1
CGGCCGGTCTCGC,0,1
CGGCCGGTGGTCC,0,1
CGGCCGGTGTGTC,0,1
CGGCCGGTGTTTC,0,1
CGGCCGGTTCTTC,0,1
CGGCCGTCTCGGC,0,1
CGGCCGTGCGGTC,0,1
CGGCCGTGTCCGC,0,1
CGGCCGTGTGCTC,0,11
CGGCCGTTCTCGC,0,1
CGGCCGTTTCCCC,1,1
CGGCCTCCCCCCC,0,1
CGGCCTCCGTCCC,0,1
CGGCCTCCTCCTC,0,2
CGGCCTCCTCTGC,0,1
CGGCCTCCTCTTC,0,1
CGGCCTCGCCGCC,0,1
CGGCCTCGCCTCC,0,1
CGGCCTCGCTGTC,0,1
CGGCCTCGGCCCG,0,1
CGGCCTCGGCTGC,0,2
CGGCCTCGGTGGC,0,1
CGGCCTCGTCGCC,0,1
CGGCCTCGTGCCC,0,1
CGGCCTCGTTCCC,0,2
CGGCCTCGTTCGC,0,1
CGGCCTCTCCGTC,0,1
CGGCCTCTCGCCC,0,1
CGGCCTCTCGGCC,0,1
CGGCCTCTCTTTC,0,2
CGGCCTCTTCGCC,0,1
CGGCCTGCCCGTC,1,1
CGGCCTGCGCCCC,0,1
CGGCCTGCGCGGC,0,4
CGGCCTGGCTCCC,0,1
CGGCCTGGGCCCC,0,1
CGGCCTGGGCCTC,0,1
CGGCCTGGGCGCC,0,1
CGGCCTGGGTGGC,0,1
CGGCCTGTTCCCC,2,3
CGGCCTGTTCGGC,0,1
CGGCCTTCTCTGC,0,1
CGGCCTTCTGGCC,0,1
CGGCCTTCTGGGC,0,1
CGGCCTTGGTTCC,0,2
CGGCCTTGTGGTC,0,2
CGGCGAAAAGGGC,0,1
CGGCGAAAGCCGA,0,1
CGGCGAAAGCGGC,0,1
CGGCGAAAGGACG,0,1
CGGCGAACGAGGC,0,1
CGGCGAACGCAGC,0,1
CGGCGAAGACAGA,0,1
CGGCGAAGGGGAG,0,1
CGGCGACAACAAC,0,1
CGGCGACAAGAAG,0,1
CGGCGACACCAGC,0,1
CGGCGACAGACGA,0,1
CGGCGACAGAGCC,1,1
CGGCGACAGCCGC,0,1
CGGCGACAGCGAC,0,1
CGGCGACCACAGC,1,1
CGGCGACCGGAAC,0,1
CGGCGACCGGCCC,0,1
CGGCGACGAACGA,0,1
CGGCGACGAAGGA,0,1
CGGCGACGACAAG,0,1
CGGCGACGACGAG,0,1
CGGCGACGACGGC,0,1
CGGCGACGAGGCC,0,1
CGGCGACGCCGCC,1,1
CGGCGACGGAGCC,0,1
CGGCGACGGAGGA,0,1
CGGCGACGGCAGC,0,1
CGGCGACGGCGGC,0,3
CGGCGAGAACGGC,0,1
CGGCGAGAAGCCG,0,1
CGGCGAGAGAACA,1,1
CGGCGAGAGACCA,1,1
CGGCGAGCAGGAC,0,1
CGGCGAGCCAAGA,1,1
CGGCGAGCGAACA,1,1
CGGCGAGCGGAGC,0,1
CGGCGAGCGGGAC,1,2
CGGCGAGGACACC,0,1
CGGCGAGGCCCCA,0,1
CGGCGAGGGCCGA,0,1
CGGCGAGGGCGCC,0,1
CGGCGCAACGCGC,0,1
CGGCGCACCAGGA,0,1
CGGCGCACCGGCA,0,1
CGGCGCAGACCCG,0,1
CGGCGCAGAGAGC,0,1
CGGCGCAGAGCCG,0,1
CGGCGCAGCCGGA,0,1
CGGCGCAGGAGCC,0,1
CGGCGCCAAAACC,0,1
CGGCGCCACCACC,1,1
CGGCGCCACCGAG,0,1
CGGCGCCACCGGC,0,1
CGGCGCCAGAGCA,0,1
CGGCGCCAGGCAG,0,1
CGGCGCCAGGGCC,0,1
CGGCGCCCAGGCC,0,1
CGGCGCCCCCGCC,0,2
CGGCGCCCCGAGC,0,1
CGGCGCCCCGGGC,0,1
CGGCGCCCGCCCC,0,3
CGGCGCCCGCCGC,0,1
CGGCGCCCGGCAG,0,2
CGGCGCCCTCGCC,0,1
CGGCGCCCTGGCC,0,1
CGGCGCCCTTTCC,0,1
CGGCGCCGCCGCC,2,7
CGGCGCCGCCGGA,0,1
CGGCGCCGCGCGC,0,1
CGGCGCCGCGGCC,0,1
CGGCGCCGCTTCC,0,1
CGGCGCCGGAGAC,0,2
CGGCGCCGGCCAC,0,1
CGGCGCCGGCCAG,0,1
CGGCGCCGGCCCG,0,2
CGGCGCCGGCCGC,0,1
CGGCGCCGGCCTC,0,1
CGGCGCCGGCGAA,0,1
CGGCGCCGGCGCC,0,5
CGGCGCCGGCGGC,0,1
CGGCGCCGGGCTC,0,1
CGGCGCCGGGGCA,0,1
CGGCGCCGGGTCC,0,1
CGGCGCCGTGCTC,0,1
CGGCGCCTCCCCC,0,1
CGGCGCCTTGGCC,0,1
CGGCGCGAAACGA,0,1
CGGCGCGAAAGGC,0,1
CGGCGCGACCGGC,1,1
CGGCGCGACGAAC,0,2
CGGCGCGACGCGA,0,1
CGGCGCGAGCAGA,1,1
CGGCGCGCAACAC,0,1
CGGCGCGCACGGC,0,1
CGGCGCGCCGAGC,0,3
CGGCGCGCGCACG,0,1
CGGCGCGCGCGAG,0,1
CGGCGCGCTGCCC,0,4
CGGCGCGCTGGTC,0,4
CGGCGCGCTGTCC,0,2
CGGCGCGGACGGC,0,1
CGGCGCGGAGGGA,1,1
CGGCGCGGCACAC,0,1
CGGCGCGGCGAGA,0,1
CGGCGCGGCGAGC,0,2
CGGCGCGGCGGCA,0,1
CGGCGCGGCGGCC,0,2
CGGCGCGGGCGGC,0,2
CGGCGCGGGGCCC,0,1
CGGCGCGGGGCGC,2,3
CGGCGCGGGGGGA,0,1
CGGCGCGTCCCGC,0,1
CGGCGCGTCCGGC,0,1
CGGCGCGTCCTCC,0,1
CGGCGCGTGTCCC,0,1
CGGCGCTCCCGGC,0,1
CGGCGCTCCTCTC,0,1
CGGCGCTCGGCCC,0,1
CGGCGCTCTCTGC,0,1
CGGCGCTGCCGCC,1,2
CGGCGCTGCGCTC,0,1
CGGCGCTGGCCTC,0,1
CGGCGCTGGCGTC,0,1
CGGCGCTGGGTGC,0,1
CGGCGCTTCCGCC,0,1
CGGCGCTTTTCCC,0,1
CGGCGCTTTTGCC,0,1
CGGCGCTTTTTCC,0,1
CGGCGGAAAGCAC,0,6
CGGCGGAACCCCG,0,1
CGGCGGAACGGCA,0,1
CGGCGGAAGAAAG,0,1
CGGCGGACACGGC,0,1
CGGCGGACGCCAG,0,1
CGGCGGAGAACCA,0,1
CGGCGGAGACGGA,0,1
CGGCGGAGCCCGC,0,1
CGGCGGAGCCGGA,0,1
CGGCGGAGCGCAG,0,1
CGGCGGAGGAGGA,0,1
CGGCGGAGGCGCC,0,2
CGGCGGAGGCGGC,0,1
CGGCGGCAACAGC,0,1
CGGCGGCAACGGC,0,2
CGGCGGCACCAAG,0,2
CGGCGGCACGCCC,0,1
CGGCGGCACGCGC,0,1
CGGCGGCAGAGAG,0,1
CGGCGGCAGCAGC,0,1
CGGCGGCAGCCAC,0,1
CGGCGGCAGCGCC,1,2
CGGCGGCAGGCGC,0,1
CGGCGGCCAACAG,0,1
CGGCGGCCAGCAC,0,1
CGGCGGCCAGGAG,0,1
CGGCGGCCAGGGC,0,1
CGGCGGCCCCCGC,0,1
CGGCGGCCCCGCC,0,1
CGGCGGCCCGGGC,0,1
CGGCGGCCGACCG,0,1
CGGCGGCCGAGAG,0,1
CGGCGGCCGCCGC,0,3
CGGCGGCCGCGCC,0,1
CGGCGGCCGCGGA,0,1
CGGCGGCCGGAAC,0,2
CGGCGGCCGGCCC,0,2
CGGCGGCCGGCGA,0,1
CGGCGGCCGGCGC,0,2
CGGCGGCCGGGAA,0,1
CGGCGGCCGGGAG,0,1
CGGCGGCCGGGGC,0,1
CGGCGGCCGTTCC,0,1
CGGCGGCCTCTGC,0,1
CGGCGGCGACAAC,0,1
CGGCGGCGACAAG,0,1
CGGCGGCGACCCC,0,1
CGGCGGCGACGGC,0,1
CGGCGGCGAGAGA,0,1
CGGCGGCGAGCGC,0,1
CGGCGGCGAGGAC,0,1
CGGCGGCGAGGCC,0,1
CGGCGGCGAGGGC,0,1
CGGCGGCGCCCCC,0,1
CGGCGGCGCCCTC,0,1
CGGCGGCGCCGCC,0,1
CGGCGGCGCCGGC,0,1
CGGCGGCGCCGTC,0,1
CGGCGGCGCCTCC,0,1
CGGCGGCGCGAGA,0,1
CGGCGGCGCGCCC,0,1
CGGCGGCGCGCGC,0,1
CGGCGGCGCGCTC,1,1
CGGCGGCGCGGCC,0,1
CGGCGGCGCGGGC,0,3
CGGCGGCGCTGGC,0,1
CGGCGGCGGAAGA,0,1
CGGCGGCGGACAC,0,1
CGGCGGCGGAGAC,0,1
CGGCGGCGGAGGC,2,4
CGGCGGCGGCAAC,0,1
CGGCGGCGGCACG,0,1
CGGCGGCGGCAGC,0,2
CGGCGGCGGCCAA,0,1
CGGCGGCGGCCAC,0,1
CGGCGGCGGCCAG,0,1
CGGCGGCGGCCCC,0,1
CGGCGGCGGCCCG,0,1
CGGCGGCGGCCGA,0,3
CGGCGGCGGCCGC,0,1
CGGCGGCGGCGAG,0,2
CGGCGGCGGCGCC,2,6
CGGCGGCGGCGGA,0,3
CGGCGGCGGCGGC,3,28
CGGCGGCGGCGTC,0,1
CGGCGGCGGCTGC,1,1
CGGCGGCGGGAGA,0,1
CGGCGGCGGGCAA,0,1
CGGCGGCGGGGCC,0,1
CGGCGGCGGGTCC,0,1
CGGCGGCGGTGGC,0,2
CGGCGGCGTCCCC,0,1
CGGCGGCGTCCCG,0,1
CGGCGGCGTTTCC,0,1
CGGCGGCTCCGGC,0,1
CGGCGGCTCCTCC,0,2
CGGCGGCTGGCTC,0,1
CGGCGGCTGTCGC,0,1
CGGCGGCTTGCCC,1,1
CGGCGGGAACAAA,0,1
CGGCGGGACAAGA,1,1
CGGCGGGACACGC,0,1
CGGCGGGAGCCCC,1,1
CGGCGGGAGCGGA,0,1
CGGCGGGAGCGGC,0,1
CGGCGGGAGGGCC,0,1
CGGCGGGCACGGC,0,2
CGGCGGGCAGCGC,0,2
CGGCGGGCAGGAC,0,1
CGGCGGGCCCGGC,0,1
CGGCGGGCCGACC,0,1
CGGCGGGCGCCAG,0,1
CGGCGGGCGCCCC,0,1
CGGCGGGCGCCGC,0,1
CGGCGGGCGCGGC,0,3
CGGCGGGCGGAAG,0,1
CGGCGGGCGGAGA,0,1
CGGCGGGCGGCCC,0,1
CGGCGGGCGGCTC,0,4
CGGCGGGCGGGAC,0,1
CGGCGGGCGGGGC,0,1
CGGCGGGGAAACC,0,2
CGGCGGGGAAGGC,1,1
CGGCGGGGACCGC,0,1
CGGCGGGGACGAG,0,1
CGGCGGGGACGGC,1,1
CGGCGGGGAGAAG,0,2
CGGCGGGGCACAG,0,1
CGGCGGGGCCCCG,0,1
CGGCGGGGCCGTC,0,2
CGGCGGGGCGAAA,0,1
CGGCGGGGCGAAG,0,1
CGGCGGGGGCACG,0,1
CGGCGGGGGCAGC,0,1
CGGCGGGGGCCCC,0,1
CGGCGGGGGCGGC,0,2
CGGCGGGGGGCAG,0,2
CGGCGGGTCTGCC,0,1
CGGCGGTCCTCTC,1,1
CGGCGGTCGGCGC,0,1
CGGCGGTGCCTCC,0,5
CGGCGGTGCGGCC,0,1
CGGCGGTGGCGGC,0,2
CGGCGGTGTCCCG,0,1
CGGCGGTGTCCTC,0,1
CGGCGTCCCCCCG,0,1
CGGCGTCCTGCTC,0,1
CGGCGTCCTTCTC,0,1
CGGCGTCCTTGGC,0,1
CGGCGTCGCCCCC,0,1
CGGCGTCGCCGTC,0,1
CGGCGTCGCGCTC,0,1
CGGCGTCGGCGGC,0,1
CGGCGTCGGTGGC,0,1
CGGCGTCGGTGTC,0,1
CGGCGTCTGGGGC,0,1
CGGCGTCTTCCTC,0,2
CGGCGTGCGCTTC,0,1
CGGCGTGGTGCTC,1,1
CGGCGTTCCGGCC,1,1
CGGCGTTGGGTGC,0,1
CGGCGTTTTCCCC,0,1
CGGCTCCCCCGCC,0,1
CGGCTCCCCCTTC,1,1
CGGCTCCCGCGGC,0,1
CGGCTCCCGCTCC,0,1
CGGCTCCCGGTCC,0,1
CGGCTCCGCGGCC,0,1
CGGCTCCGCTCGC,1,1
CGGCTCCGGCCCC,1,3
CGGCTCCGGCGCC,0,1
CGGCTCCGGCGGC,0,1
CGGCTCCGGGCCC,0,1
CGGCTCCGGGGCC,0,1
CGGCTCCGTGCTC,1,1
CGGCTCCGTGGCC,0,1
CGGCTCCTCCCGC,0,1
CGGCTCCTCCGGC,0,1
CGGCTCCTCGGTC,1,3
CGGCTCCTCGTGC,0,1
CGGCTCCTGCCCC,1,1
CGGCTCCTGCGCC,0,1
CGGCTCCTGCTGC,0,1
CGGCTCCTGCTTC,0,1
CGGCTCCTTGGTC,0,1
CGGCTCGCCTCTC,0,2
CGGCTCGCCTGTC,0,2
CGGCTCGGGCCCG,0,1
CGGCTCGGGCCTC,0,4
CGGCTCGGGTGGC,3,3
CGGCTCGTCGTCC,0,1
CGGCTCGTTTCTC,0,1
CGGCTCTCCCCTC,0,1
CGGCTCTGCCCCC,0,1
CGGCTCTGCGTCC,0,2
CGGCTCTGGTGCC,0,1
CGGCTCTGTCGCC,1,1
CGGCTCTGTCGTC,5,5
CGGCTGCCGGTCC,1,1
CGGCTGCCGGTGC,0,1
CGGCTGCCTCTGC,0,1
CGGCTGCGCGGCC,0,1
CGGCTGCGGGGGC,0,1
CGGCTGCGGTCGC,2,4
CGGCTGCGGTTCC,0,1
CGGCTGCTCCGGC,0,1
CGGCTGCTCGGGC,0,1
CGGCTGCTTCTTC,0,1
CGGCTGGCCCCCG,0,1
CGGCTGGCCGGCC,0,1
CGGCTGGCCTGGC,0,1
CGGCTGGCGCTTC,0,1
CGGCTGGCGGGGC,0,1
CGGCTGGGTGGGC,0,1
CGGCTGGGTTCCC,0,1
CGGCTGGTGTCGC,0,1
CGGCTGTGCGTCC,0,1
CGGCTGTGGTCGC,0,1
CGGCTTCCTCCGC,0,2
CGGCTTCCTCCTC,0,1
CGGCTTCCTCTGC,0,1
CGGCTTCGCCCCG,0,1
CGGCTTCGCCTTC,0,1
CGGCTTGCGCTTC,0,1
CGGCTTGCGGGGC,0,1
CGGCTTGCGTCGC,0,1
CGGCTTGCTGCGC,0,1
CGGCTTGTTGTTC,0,1
CGGCTTGTTTGGC,0,1
CGGCTTTCCCTGC,0,1
CGGCTTTCCGTCC,0,1
CGGCTTTCTCCTC,0,1
CGGCTTTGCCCGC,0,1
CGGCTTTGTGTGC,0,1
CGGCTTTTCTTCC,0,1
CGGGAAAACACAG,0,1
CGGGAAAACCCGA,0,1
CGGGAAAAGGAAC,0,1
CGGGAAACAAAAA,0,1
CGGGAAACAGAAC,0,1
CGGGAAACCAGGA,0,1
CGGGAAACCCAAC,0,1
CGGGAAAGACACA,1,1
CGGGAAAGCCACA,0,1
CGGGAAAGGCGCA,0,1
CGGGAACACCCAC,0,11
CGGGAACAGAGAA,1,1
CGGGAACCCACAG,0,1
CGGGAACGAGAGA,1,1
CGGGAACGCCACC,0,1
CGGGAACGCCAGC,0,1
CGGGAACGCGCGC,0,1
CGGGAACGGACGC,1,1
CGGGAACGGCGGC,0,1
CGGGAAGAAACAC,0,1
CGGGAAGAAAGGA,0,2
CGGGAAGAAGAAA,0,1
CGGGAAGAGCCAG,0,1
CGGGAAGAGGAAG,0,5
CGGGAAGAGGCAC,0,1
CGGGAAGCAGCAC,0,2
CGGGAAGCAGCCC,0,1
CGGGAAGCCGGGC,0,1
CGGGAAGGAGAAG,0,1
CGGGAAGGCCACC,0,1
CGGGAAGGCGACC,0,7
CGGGAAGGGAGAA,0,4
CGGGAAGGGAGGA,0,6
CGGGAAGGGGGAA,0,1
CGGGACAACCGAC,0,1
CGGGACAAGAGCA,0,1
CGGGACAAGCCCG,0,10
CGGGACAAGGAAC,0,1
CGGGACAAGGCAA,0,1
CGGGACACAGCCC,0,1
CGGGACACCGCAC,0,1
CGGGACACGCGCC,0,1
CGGGACACGGGGC,0,2
CGGGACAGAAAAG,0,1
CGGGACAGAACCA,0,1
CGGGACAGAAGGC,0,1
CGGGACAGAGCCC,0,2
CGGGACAGCACAC,0,1
CGGGACAGCGCCA,0,5
CGGGACAGGACAG,1,1
CGGGACAGGCAGA,0,1
CGGGACCACCGGA,0,1
CGGGACCAGGGAG,0,1
CGGGACCCACAGC,0,1
CGGGACCCCCCAA,0,1
CGGGACCCGCCGC,0,6
CGGGACCCGGGCA,0,1
CGGGACCCGGGGC,1,1
CGGGACCGAGCAG,0,1
CGGGACCGCCCCC,0,1
CGGGACCGCGCAG,0,1
CGGGACCGGAGGC,0,1
CGGGACCGGCCAA,0,1
CGGGACCGGCGAC,0,1
CGGGACCGGGACG,1,1
CGGGACGAACGCA,0,1
CGGGACGACCCAG,0,1
CGGGACGACGCGC,0,1
CGGGACGAGCCCG,0,4
CGGGACGAGGAGA,0,2
CGGGACGAGGGCC,0,1
CGGGACGCACACG,0,1
CGGGACGCCAGCA,0,1
CGGGACGCCGCAC,0,1
CGGGACGCGCCGA,0,1
CGGGACGCGCGGC,1,2
CGGGACGGAAAGC,0,1
CGGGACGGAGGAA,0,1
CGGGACGGAGGCC,0,1
CGGGACGGAGGGC,0,1
CGGGACGGCACCC,0,2
CGGGACGGCGCCC,0,2
CGGGACGGCGGGC,0,1
CGGGACGGGAACG,0,1
CGGGACGGGACCG,1,1
CGGGACGGGGAAC,0,1
CGGGAGAACACGA,0,1
CGGGAGAAGAAAC,0,1
CGGGAGAAGAGAA,3,4
CGGGAGAAGCCCC,3,3
CGGGAGACAACAC,0,1
CGGGAGACACGCC,0,1
CGGGAGACGAACC,0,1
CGGGAGAGAAAAG,0,1
CGGGAGAGCAAGA,0,5
CGGGAGAGCCCGA,0,1
CGGGAGAGGACAG,1,1
CGGGAGAGGAGAG,0,1
CGGGAGAGGGAAC,1,1
CGGGAGCACGACC,0,1
CGGGAGCAGCAGA,0,1
CGGGAGCAGGAAC,0,1
CGGGAGCCAGGCC,0,1
CGGGAGCCCCAAG,0,1
CGGGAGCCCGAGC,0,1
CGGGAGCCCGGGC,0,1
CGGGAGCCGACCG,0,1
CGGGAGCCGCCCA,0,1
CGGGAGCCGGAAG,0,1
CGGGAGCCGGGGA,0,1
CGGGAGCGAACAA,0,1
CGGGAGCGAGAGC,0,1
CGGGAGCGGAGAG,0,1
CGGGAGCGGCCCC,0,7
CGGGAGCGGGAGC,0,1
CGGGAGGAAAGAA,2,3
CGGGAGGAAAGAC,0,1
CGGGAGGAAAGGA,0,1
CGGGAGGAAGGAG,0,1
CGGGAGGAAGGGC,0,1
CGGGAGGACAACA,0,1
CGGGAGGACACAC,1,1
CGGGAGGACGGGA,0,1
CGGGAGGAGACCA,0,1
CGGGAGGAGAGGA,0,1
CGGGAGGAGCCCC,0,1
CGGGAGGAGCGAC,0,1
CGGGAGGAGCGGA,0,1
CGGGAGGAGGGAG,0,1
CGGGAGGCAAGCA,0,2
CGGGAGGCAGAGC,0,1
CGGGAGGCCCAGA,0,1
CGGGAGGCGCCCG,0,1
CGGGAGGCGGAGC,0,6
CGGGAGGGAGACG,0,1
CGGGAGGGAGAGA,0,1
CGGGAGGGCCAAA,0,1
CGGGAGGGCCGAG,0,1
CGGGAGGGGAGGA,0,2
CGGGAGGGGCGGA,0,1
CGGGAGGGGGCCC,0,1
CGGGCAAAGCCGC,0,1
CGGGCACAGGCGA,0,2
CGGGCACCCCCAG,0,1
CGGGCACCGCACC,1,1
CGGGCACCGCCCC,0,2
CGGGCACCGGGAG,0,1
CGGGCACGAGGCC,0,1
CGGGCACGCACGC,1,1
CGGGCACGCAGGA,1,1
CGGGCACGCCGGA,0,1
CGGGCACGCCGGC,0,1
CGGGCACGGCGAC,0,2
CGGGCACGGCGCC,0,1
CGGGCACGGGGGA,0,1
CGGGCAGCCACAC,0,2
CGGGCAGCGCGCC,0,2
CGGGCAGCGCGGA,0,2
CGGGCAGCGGAGC,0,1
CGGGCAGGAAGGA,0,1
CGGGCAGGACAAC,0,1
CGGGCAGGACGGC,0,1
CGGGCAGGAGGAG,1,1
CGGGCAGGAGGCC,0,1
CGGGCAGGCCAAA,0,1
CGGGCAGGCCGCC,1,1
CGGGCAGGCGGAG,1,1
CGGGCAGGGAAGA,0,1
CGGGCCAAAAAAG,0,1
CGGGCCAAAGGAC,0,1
CGGGCCAACACCA,0,1
CGGGCCAAGGACA,0,1
CGGGCCACAGCCA,0,1
CGGGCCACCCCCC,0,1
CGGGCCAGAGAGA,0,1
CGGGCCAGAGCCC,0,1
CGGGCCAGCCCCG,0,1
CGGGCCAGCGACC,0,1
CGGGCCAGGCCCC,0,1
CGGGCCCACGCAC,0,1
CGGGCCCAGCGAA,0,1
CGGGCCCCAAGAC,0,1
CGGGCCCCACACA,0,1
CGGGCCCCCCCCG,0,1
CGGGCCCCCTCCC,0,1
CGGGCCCCGCCCC,0,1
CGGGCCCCGCCCG,0,1
CGGGCCCCGCGCC,0,2
CGGGCCCCGCGGC,0,1
CGGGCCCCGGGCC,0,2
CGGGCCCGACCGC,0,1
CGGGCCCGCCGCC,0,3
CGGGCCCGGAGCC,0,1
CGGGCCCGGCCCG,0,1
CGGGCCCGGGCAC,0,2
CGGGCCCGGGCCC,0,3
CGGGCCCGGGGCC,0,1
CGGGCCCGGTTCC,0,1
CGGGCCCTCCTCC,0,2
CGGGCCGAACGAC,0,1
CGGGCCGACCGGC,0,1
CGGGCCGACGCAG,0,1
CGGGCCGAGCAGC,0,1
CGGGCCGAGGAGC,0,1
CGGGCCGCACCAA,0,1
CGGGCCGCAGCAC,0,1
CGGGCCGCCCGAC,0,1
CGGGCCGCCCGGC,0,1
CGGGCCGCCGGCC,0,1
CGGGCCGCGCGGC,0,2
CGGGCCGCGGCGC,0,1
CGGGCCGCGGGGC,0,1
CGGGCCGCGTGCC,0,6
CGGGCCGGCAACG,0,1
CGGGCCGGCCCAA,0,1
CGGGCCGGGCAGA,0,1
CGGGCCGGGCCGC,1,2
CGGGCCGGGGCCC,0,1
CGGGCCGGGGTCC,0,1
CGGGCCGGGTGGC,0,1
CGGGCCGTCCTCC,0,1
CGGGCCTCCTCCC,0,1
CGGGCCTCGGCCC,1,1
CGGGCCTCTCTCC,0,1
CGGGCCTCTTCCC,1,1
CGGGCCTGCTCTC,0,1
CGGGCCTGGCTTC,1,1
CGGGCGAACACCG,0,1
CGGGCGAAGGCAA,1,1
CGGGCGACCCGGC,0,1
CGGGCGACGGACA,0,1
CGGGCGAGAGGCA,0,1
CGGGCGCAAGAGC,1,1
CGGGCGCCAGGCA,0,1
CGGGCGCCCGGGC,0,1
CGGGCGCCGCACG,0,1
CGGGCGCCGCCTC,0,1
CGGGCGCCGCGGA,0,1
CGGGCGCCGGCGC,0,3
CGGGCGCCGGCTC,0,3
CGGGCGCCGGGAC,0,1
CGGGCGCCGTCCC,0,2
CGGGCGCGCCGGA,1,1
CGGGCGCGCGCGC,0,1
CGGGCGCGCGGGC,0,1
CGGGCGCGGAGCC,0,1
CGGGCGCGGCACC,0,1
CGGGCGCGGCGAC,0,2
CGGGCGCGGGAAA,0,1
CGGGCGCGGGCGC,0,2
CGGGCGCGGGGCA,0,1
CGGGCGCGGGGCC,0,1
CGGGCGCGGGGGC,0,1
CGGGCGCGTTGTC,0,1
CGGGCGGAACGGC,0,3
CGGGCGGAAGGGC,0,1
CGGGCGGACAGAG,0,2
CGGGCGGAGACCG,0,1
CGGGCGGAGCGGC,1,1
CGGGCGGAGGGCA,0,1
CGGGCGGAGGGCC,0,1
CGGGCGGCAGAGA,1,1
CGGGCGGCAGAGC,0,1
CGGGCGGCCCAAG,0,1
CGGGCGGCCCCGC,0,7
CGGGCGGCCCGGC,0,1
CGGGCGGCGGCTC,0,2
CGGGCGGCGGGCC,0,1
CGGGCGGCGGGGC,0,1
CGGGCGGCGGGTC,0,5
CGGGCGGGACGGA,1,1
CGGGCGGGACGGC,0,2
CGGGCGGGAGGGA,1,11
CGGGCGGGCAGAG,0,1
CGGGCGGGCCGGC,0,1
CGGGCGGGCGCGC,0,1
CGGGCGGGCGGAG,1,1
CGGGCGGGCGGGA,1,8
CGGGCGGGCGGGC,0,2
CGGGCGGGGACCC,0,1
CGGGCGGGGAGGC,0,1
CGGGCGGGGCCGA,0,1
CGGGCGGGGGCAG,1,1
CGGGCGGGGGCCA,0,1
CGGGCGGGGGCGC,0,1
CGGGCGGGGTGCC,0,2
CGGGCGGTTGCTC,1,1
CGGGCGGTTTGGC,0,1
CGGGCGTCCCTTC,0,1
CGGGCGTGCCGCC,0,1
CGGGCGTGGCTCC,0,2
CGGGCGTGTCTCC,0,1
CGGGCTCCCGCGC,0,1
CGGGCTCCGCCGC,0,1
CGGGCTCCGCTGC,0,1
CGGGCTCCGTCGC,0,1
CGGGCTCCTGGCC,0,1
CGGGCTCGCCTGC,0,1
CGGGCTCGGCCCC,0,1
CGGGCTCTCCCGC,0,1
CGGGCTCTGGCCC,0,1
CGGGCTCTGTCCC,0,2
CGGGCTCTGTCTC,0,1
CGGGCTGGCGTTC,0,1
CGGGCTGGGGGTC,0,1
CGGGCTGGGTTGC,0,1
CGGGCTGTCCCCG,0,1
CGGGCTTCCTTTC,0,1
CGGGCTTCGCCCC,0,1
CGGGCTTGCTCTC,0,1
CGGGCTTGGTTCC,0,2
CGGGCTTTCTGCC,1,1
CGGGGAAAAAAAA,0,1
CGGGGAAAGCGGA,0,1
CGGGGAACAAGCC,0,1
CGGGGAACAGACA,0,1
CGGGGAACAGGCA,2,2
CGGGGAACCACCC,0,1
CGGGGAACCGAGC,0,1
CGGGGAACCGCGC,0,1
CGGGGAACGAGAC,0,1
CGGGGAACGAGGC,0,2
CGGGGAAGAAGAG,0,1
CGGGGAAGAGGGA,0,2
CGGGGAAGCGACC,0,1
CGGGGAAGCGGAA,0,1
CGGGGAAGCGGGC,0,1
CGGGGAAGGCAAA,0,1
CGGGGAAGGCGCA,0,2
CGGGGAAGGGGGA,0,1
CGGGGACAGGCCA,1,1
CGGGGACAGGCGC,0,1
CGGGGACGACGAG,0,1
CGGGGACGAGACA,1,3
CGGGGACGAGCCA,1,1
CGGGGACGAGGAC,0,1
CGGGGACGAGGCA,0,1
CGGGGACGCGGGC,0,3
CGGGGACGGACAG,0,1
CGGGGACGGGGAG,0,1
CGGGGAGAACCGC,0,1
CGGGGAGAAGAAG,0,1
CGGGGAGAAGCAC,0,1
CGGGGAGAAGGAG,0,1
CGGGGAGACAGGA,0,1
CGGGGAGAGAACG,1,2
CGGGGAGAGAGAA,0,1
CGGGGAGAGCAAA,0,1
CGGGGAGAGCAGA,0,1
CGGGGAGAGCGAG,0,1
CGGGGAGCCACAG,0,1
CGGGGAGCCACGC,0,1
CGGGGAGCCAGAG,0,1
CGGGGAGCCCGGC,1,2
CGGGGAGCGCGCC,0,1
CGGGGAGCGGGGA,0,1
CGGGGAGGAGAGA,0,1
CGGGGAGGAGGAC,1,1
CGGGGAGGAGGCC,0,1
CGGGGAGGCGGGA,0,1
CGGGGAGGGAAAG,0,1
CGGGGAGGGCCGA,1,1
CGGGGAGGGGACC,0,1
CGGGGAGGGGACG,0,1
CGGGGAGGGGGCC,0,1
CGGGGAGGGGGGA,0,1
CGGGGAGGGGGGC,0,1
CGGGGCAACGCCA,0,1
CGGGGCACCCCGC,0,2
CGGGGCAGAGCGC,0,1
CGGGGCAGCCACG,0,1
CGGGGCAGCCCAA,0,1
CGGGGCAGCGAGC,0,1
CGGGGCAGGAGAC,0,1
CGGGGCAGGCCCA,0,2
CGGGGCAGGCGGC,1,1
CGGGGCAGGGACA,0,1
CGGGGCAGGGACG,0,1
CGGGGCAGGGCCC,0,1
CGGGGCCACGCCC,1,6
CGGGGCCAGAGCA,1,2
CGGGGCCAGAGCC,1,2
CGGGGCCAGCGCC,0,1
CGGGGCCAGGCGC,0,1
CGGGGCCAGGGAA,1,1
CGGGGCCAGGGCC,0,1
CGGGGCCCACACC,0,1
CGGGGCCCAGGCC,0,1
CGGGGCCCAGGGC,0,1
CGGGGCCCCCACG,0,1
CGGGGCCCCCGCC,0,1
CGGGGCCCCCGGC,0,1
CGGGGCCCCGACC,0,1
CGGGGCCCCGCAC,0,1
CGGGGCCCCGCCC,0,1
CGGGGCCCCGGGC,0,1
CGGGGCCCGAGAG,0,1
CGGGGCCCGCAGC,0,1
CGGGGCCCGGAGA,0,1
CGGGGCCCGGAGC,1,1
CGGGGCCCGGCTC,1,2
CGGGGCCCGGGCC,0,1
CGGGGCCCGTCTC,0,1
CGGGGCCCTCCGC,0,1
CGGGGCCCTGCCC,0,1
CGGGGCCGAGCCC,0,1
CGGGGCCGAGGCA,0,1
CGGGGCCGCCAAC,0,1
CGGGGCCGCCCGC,0,5
CGGGGCCGCCGCC,0,2
CGGGGCCGCTCCC,0,1
CGGGGCCGGAACA,1,1
CGGGGCCGGCCCA,0,1
CGGGGCCGGCCCC,0,6
CGGGGCCGGGACG,1,7
CGGGGCCGGGCGC,0,3
CGGGGCCGGGGAG,0,1
CGGGGCCGGGGCA,1,1
CGGGGCCGGGGGC,1,2
CGGGGCCGTCCTC,2,2
CGGGGCCGTGCGC,0,1
CGGGGCGAAGCCC,0,1
CGGGGCGACCCGC,0,1
CGGGGCGACGAGA,0,1
CGGGGCGAGCGCA,0,1
CGGGGCGCAGAAG,0,1
CGGGGCGCAGGGC,0,1
CGGGGCGCCCGAG,1,1
CGGGGCGCCCGCC,0,1
CGGGGCGCCGGGC,0,1
CGGGGCGCGGCAC,0,1
CGGGGCGCGGGGC,0,1
CGGGGCGCTGCCC,0,1
CGGGGCGGACCAG,1,1
CGGGGCGGACCGC,0,1
CGGGGCGGACGCA,0,3
CGGGGCGGAGCAC,0,1
CGGGGCGGCAGGA,0,1
CGGGGCGGCCGGA,0,1
CGGGGCGGCCTCC,0,1
CGGGGCGGCGGCC,0,1
CGGGGCGGCGGGA,0,1
CGGGGCGGGACCC,0,1
CGGGGCGGGCGGA,0,1
CGGGGCGGGCGGC,0,3
CGGGGCGGGGGGC,0,1
CGGGGCGGGGTTC,0,1
CGGGGCTCCGGGC,0,1
CGGGGCTCTCTGC,0,1
CGGGGCTCTGCTC,0,1
CGGGGCTGTGCTC,0,2
CGGGGCTTCCGGC,1,1
CGGGGCTTCTCCC,1,1
CGGGGGAAAAAAA,0,1
CGGGGGAAGAGGC,0,1
CGGGGGAAGGAGA,1,1
CGGGGGACAGGGA,0,1
CGGGGGACCCGGA,0,1
CGGGGGACCGAGA,0,2
CGGGGGAGGAGAG,1,1
CGGGGGAGGGGGA,1,1
CGGGGGCAACCCC,0,1
CGGGGGCACGACC,0,1
CGGGGGCAGCGGC,0,1
CGGGGGCAGGGGC,0,1
CGGGGGCCAAAGA,0,1
CGGGGGCCAGGGC,0,1
CGGGGGCCCTGCC,4,4
CGGGGGCCGCAGC,0,1
CGGGGGCCGCTCC,4,8
CGGGGGCCGGCGA,0,1
CGGGGGCCGGGGC,1,3
CGGGGGCCGTCTC,0,1
CGGGGGCGCCCCC,0,2
CGGGGGCGCCGAG,0,1
CGGGGGCGCCGCC,0,1
CGGGGGCGCCGGA,0,2
CGGGGGCGCGCTC,0,1
CGGGGGCGCGGGC,0,3
CGGGGGCGGCCGC,0,1
CGGGGGCGGCGGC,0,1
CGGGGGCGGGACG,0,1
CGGGGGCGGGCGC,0,1
CGGGGGCGGGGCC,1,3
CGGGGGCGGGGGC,0,1
CGGGGGCTGGCTC,0,1
CGGGGGCTGGTTC,0,1
CGGGGGGAAAAAA,0,1
CGGGGGGAACAAC,0,1
CGGGGGGAACCGC,0,1
CGGGGGGAACGCA,1,1
CGGGGGGACAAAG,0,1
CGGGGGGAGGCCA,0,1
CGGGGGGCAGAGA,0,1
CGGGGGGCCGCTC,1,1
CGGGGGGCCGGAG,0,1
CGGGGGGCGCCCC,0,2
CGGGGGGCGCGGC,0,3
CGGGGGGCGGTCC,0,1
CGGGGGGCGTGGC,0,1
CGGGGGGGAGACC,0,1
CGGGGGGGAGCAA,0,1
CGGGGGGGAGGCC,0,1
CGGGGGGGCAGGA,0,6
CGGGGGGGGCGGC,0,1
CGGGGGGTTGCCC,1,1
CGGGGGGTTGTTC,0,1
CGGGGGTCGGGGC,0,1
CGGGGGTCGTGCC,0,1
CGGGGGTGGGGCC,1,1
CGGGGGTGGGGGC,0,1
CGGGGGTGGTCCC,0,1
CGGGGTCCCCGCC,0,1
CGGGGTCCCTCGC,0,2
CGGGGTCGGCTGC,0,1
CGGGGTCGTCCGC,0,1
CGGGGTCTCCTGC,0,1
CGGGGTGCCCGGC,0,1
CGGGGTGCCTCCC,0,1
CGGGGTTGTGCTC,0,1
CGGGTCCTCCGGC,0,2
CGGGTCCTCTGGC,0,1
CGGGTCCTGCCTC,0,1
CGGGTCCTGGCCC,0,1
CGGGTCGCCCGGC,0,1
CGGGTCGCCTTGC,0,1
CGGGTCGCGGCTC,0,4
CGGGTCGGCTTGC,0,1
CGGGTCGGGTTCC,0,1
CGGGTCTCTGTCC,0,2
CGGGTCTGCCGTC,0,1
CGGGTCTGGTCTC,0,1
CGGGTGCCGTCCC,0,2
CGGGTGCCTGGCC,0,1
CGGGTGCCTGTGC,0,1
CGGGTGCGCCTGC,0,1
CGGGTGCGTCCTC,0,5
CGGGTGCTCGCTC,0,1
CGGGTGCTCGGCC,0,1
CGGGTGCTCGGTC,0,1
CGGGTGCTGGGCC,0,1
CGGGTGGGGTTGC,0,1
CGGGTGGTCTGTC,0,1
CGGGTGTCCCCTC,0,1
CGGGTGTCCGTCC,0,1
CGGGTGTGCTCTC,0,4
CGGGTTCCGGCCC,0,1
CGGGTTCTCGCGC,0,1
CGGGTTGCCCGGC,0,1
CGGGTTGCTGTGC,0,1
CGGGTTGGCGGGC,0,1
CGGGTTGGCTCGC,1,1
CGGGTTGGTTGGC,0,1
CGGGTTGTCTCGC,0,1
CGGGTTTGCCTCC,0,1
CGGTCCCCGCCGC,0,1
CGGTCCCCGTTCC,0,1
CGGTCCCCTCCCC,0,1
CGGTCCCGCCCGC,0,1
CGGTCCCGCCTTC,0,1
CGGTCCCGCTCTC,1,1
CGGTCCCGTCTCC,1,1
CGGTCCCTCCCTC,0,1
CGGTCCCTCGGGC,18,18
CGGTCCCTCTGCC,0,1
CGGTCCCTGGCGC,0,3
CGGTCCCTGGTGC,0,2
CGGTCCGCCCCGC,0,1
CGGTCCGCCCTCC,0,3
CGGTCCGCCGGGC,0,1
CGGTCCGGTGCGC,0,1
CGGTCCGTCGGGC,1,1
CGGTCCGTCTGCC,0,1
CGGTCCGTCTGGC,0,1
CGGTCCGTGGTTC,0,1
CGGTCCTCGGGCC,0,1
CGGTCCTCTCCGC,0,1
CGGTCCTGCCCTC,1,1
CGGTCCTGCCTGC,0,1
CGGTCCTGCGGCC,0,1
CGGTCCTGGGGCC,0,1
CGGTCCTTCTCGC,0,1
CGGTCGCCCGGGC,0,1
CGGTCGCCGCGCC,0,1
CGGTCGCCTGGCC,0,1
CGGTCGCGCCGCC,0,1
CGGTCGCTCGCTC,0,1
CGGTCGCTTCCCC,0,1
CGGTCGGCCCGCC,0,1
CGGTCGTCCCCGC,0,1
CGGTCGTCTTGGC,0,1
CGGTCGTGCTTTC,0,3
CGGTCTCCGCCGC,1,1
CGGTCTCCGGCGC,0,1
CGGTCTCCGTGTC,0,1
CGGTCTCCTCTTC,0,1
CGGTCTCGCTTGC,0,1
CGGTCTCGTTCCC,0,1
CGGTCTCTTCTCC,0,1
CGGTCTGCTCTCC,1,1
CGGTCTTCCTTCC,0,1
CGGTCTTTCTCGC,0,1
CGGTGCCCGGGCC,0,2
CGGTGCCGGCGTC,1,2
CGGTGCCGGGCGC,0,1
CGGTGCCGGGGCC,0,1
CGGTGCCGGGGTC,0,1
CGGTGCCGTCTTC,0,1
CGGTGCCTCCCCC,0,6
CGGTGCCTCTCCC,0,1
CGGTGCCTCTGTC,0,1
CGGTGCCTGTCGC,0,1
CGGTGCGCTGCGC,0,2
CGGTGCGGCCGGC,0,1
CGGTGCGGGGCGC,0,1
CGGTGCGGTGCCC,1,1
CGGTGCGGTTTTC,0,1
CGGTGCGTTTCGC,0,1
CGGTGCTCCTCCC,0,1
CGGTGCTCGCGTC,1,1
CGGTGCTCTCCTC,0,1
CGGTGCTGCCGGC,0,1
CGGTGCTGCGGGC,1,1
CGGTGCTGTGTTC,0,1
CGGTGCTTTCCGC,0,9
CGGTGGCCGGTGC,0,1
CGGTGGCCTTCCC,0,1
CGGTGGCCTTTCC,0,1
CGGTGGCGCCGGC,0,1
CGGTGGCGGCGGC,0,3
CGGTGGCGGGGGC,0,1
CGGTGGCGGTGGC,0,1
CGGTGGCTCTTCC,0,1
CGGTGGCTCTTTC,0,1
CGGTGGCTGGCTC,0,1
CGGTGGGCTCTGC,0,6
CGGTGGGCTTCTC,0,1
CGGTGGGTCTGGC,0,14
CGGTGGGTTCTTC,0,1
CGGTGGTCCCGGC,0,1
CGGTGGTCGCTGC,0,1
CGGTGGTCGGTGC,0,1
CGGTGGTCTCTGC,0,1
CGGTGGTGCCCTC,0,1
CGGTGGTGGTGGC,0,1
CGGTGGTTGCCGC,0,1
CGGTGGTTTTTTC,0,12
CGGTGTCCGTGTC,0,2
CGGTGTCCTCGCC,0,1
CGGTGTCTCTCCC,0,1
CGGTGTGCCGCGC,0,1
CGGTGTGCTGCCC,0,1
CGGTGTGGCCGGC,0,1
CGGTGTGGCCTGC,0,1
CGGTGTTCTCTTC,0,1
CGGTGTTGCTTTC,0,1
CGGTTCCCCCCGC,0,1
CGGTTCCCCGTCC,1,1
CGGTTCCGGGCTC,1,1
CGGTTCCGGTTCC,0,1
CGGTTCCTTCTTC,0,1
CGGTTCCTTTTGC,0,1
CGGTTCGCCTTGC,0,1
CGGTTCGCGTGTC,0,1
CGGTTCGTCTCCC,0,1
CGGTTCTCCCCGC,0,1
CGGTTCTGCTTCC,0,1
CGGTTCTTCCTCC,0,1
CGGTTGCCCTGGC,0,1
CGGTTGCGCTTTC,0,1
CGGTTGCGTTTCC,0,5
CGGTTGGCCCGTC,0,1
CGGTTGGGCCGGC,0,1
CGGTTGGGTTTCC,0,1
CGGTTGTGCTCTC,0,1
CGGTTGTTTCCTC,0,1
CGGTTGTTTGCGC,0,1
CGGTTTCCCCGCC,0,3
CGGTTTCCCGTTC,0,1
CGGTTTCCCTGCC,0,1
CGGTTTCCCTTTC,0,1
CGGTTTCCGGGGC,0,1
CGGTTTCCTCGCC,0,8
CGGTTTCCTTGCC,0,5
CGGTTTCGCCGCC,0,1
CGGTTTCTTTCGC,0,1
CGGTTTGCCTTTC,0,1
CGGTTTGCTCGCC,0,2
CGGTTTGCTTTCC,0,1
CGGTTTGGGCGGC,0,1
CGGTTTTCTTCTC,0,1
CGGTTTTCTTTGC,0,1
CGGTTTTGCCGGC,0,1
CGGTTTTGCCTTC,0,2
CGGTTTTGCGGGC,0,1
CGGTTTTGGCGCC,0,1
CGGTTTTGGTCTC,0,2
CGGTTTTGTCGCC,0,1
CGTCCCCCCCCTC,1,1
CGTCCCCGCGCTC,0,1
CGTCCCCGGCCCC,0,1
CGTCCCCGGGCCC,0,1
CGTCCCCGGGCGC,0,1
CGTCCCCGTCCTC,0,1
CGTCCCCGTCTCC,0,1
CGTCCCCGTCTTC,0,1
CGTCCCCTTTCCC,0,1
CGTCCCGCCCGCC,1,1
CGTCCCGCCCGGC,0,2
CGTCCCGCGCTCC,0,1
CGTCCCGCGGGCC,0,1
CGTCCCGCGTCCC,0,1
CGTCCCGCTCCTC,0,1
CGTCCCGGCGCTC,0,1
CGTCCCGGTCTCC,0,1
CGTCCCGGTTGTC,1,1
CGTCCCGTCCCTC,0,13
CGTCCCGTCGGCC,0,5
CGTCCCGTGGTGC,0,1
CGTCCCGTTGGTC,0,1
CGTCCCTCCCCTC,0,2
CGTCCCTCCCGCC,0,12
CGTCCCTCCCTCC,0,18
CGTCCCTCCCTGC,0,1
CGTCCCTCCTGCC,0,1
CGTCCCTCGCCTC,0,1
CGTCCCTCTCCCC,0,2
CGTCCCTCTCGCC,0,1
CGTCCCTCTGTCC,1,1
CGTCCCTGCTGCC,0,1
CGTCCCTGCTGTC,0,1
CGTCCCTGTCTCC,0,1
CGTCCCTTCCTCC,0,1
CGTCCGCCCCCGC,0,1
CGTCCGCCCCGCC,0,3
CGTCCGCGCCGGC,0,1
CGTCCGCGCTCTC,0,1
CGTCCGCGCTGCC,0,1
CGTCCGCGGCGGC,0,1
CGTCCGCTCGGTC,0,1
CGTCCGGCCCGGC,0,1
CGTCCGGCCGCGC,0,1
CGTCCGGCCGGGC,0,1
CGTCCGGCGGCGC,0,1
CGTCCGGGCTGGC,0,1
CGTCCGGTGGCGC,1,1
CGTCCGTTTGCGC,0,1
CGTCCGTTTGGGC,0,1
CGTCCTCCCCCGC,0,1
CGTCCTCCCCGTC,1,1
CGTCCTCCCGCTC,0,2
CGTCCTCCCGTGC,1,1
CGTCCTCCTCCCC,0,1
CGTCCTCCTCCGC,0,1
CGTCCTCCTCTCC,0,2
CGTCCTCCTCTTC,0,1
CGTCCTCCTTTCC,0,1
CGTCCTCGTCGTC,0,1
CGTCCTCTTGTCC,1,1
CGTCCTGCCCGCC,0,1
CGTCCTGCTCCTC,1,1
CGTCCTGCTCTGC,0,1
CGTCCTGCTGGGC,0,1
CGTCCTGCTTGCC,0,1
CGTCCTGGGCGCC,0,1
CGTCCTGGGTGTC,0,1
CGTCCTTCCGCCC,0,1
CGTCCTTCTCTCC,0,1
CGTCCTTGTGGCC,0,1
CGTCCTTTCTTTC,0,1
CGTCCTTTTGTCC,0,1
CGTCGCCCTGTCC,0,1
CGTCGCCGCGGCC,0,1
CGTCGCCGGCGTC,1,2
CGTCGCCGTTCTC,0,1
CGTCGCCTGTTTC,0,1
CGTCGCGCGCGGC,0,1
CGTCGCGCTGCGC,0,1
CGTCGCGGTCTTC,1,1
CGTCGCTCCCTCC,0,1
CGTCGCTGCCCCC,0,1
CGTCGCTGCCGTC,0,1
CGTCGCTGCTGCC,0,1
CGTCGCTGCTTTC,0,1
CGTCGCTGTCGCC,0,1
CGTCGGCCGCCGC,0,1
CGTCGGGCTCGGC,2,3
CGTCGGGCTGCCC,0,1
CGTCGGGGCGGGC,0,2
CGTCGGGGCTCTC,0,1
CGTCGGGTCTGCC,0,1
CGTCGGTGGCGGC,0,1
CGTCGGTTGTCCC,0,1
CGTCGTCCCTCTC,0,1
CGTCGTCCTCCGC,0,1
CGTCGTCCTCTTC,0,1
CGTCGTCGCTGCC,0,1
CGTCGTCGTCGTC,0,2
CGTCGTCGTCTCC,0,1
CGTCGTCGTCTTC,1,3
CGTCGTCTCCGTC,0,1
CGTCGTCTCTCGC,0,1
CGTCGTCTTCTTC,1,4
CGTCGTGCTGTTC,1,1
CGTCGTGTCGTCC,0,1
CGTCGTGTGTCGC,0,1
CGTCGTTCCCTGC,0,1
CGTCGTTCGCTTC,0,1
CGTCGTTTGTCTC,0,1
CGTCTCCCCCCCC,0,1
CGTCTCCCCTTCC,0,1
CGTCTCCCGGGTC,0,1
CGTCTCCCTCTGC,0,1
CGTCTCCGCCGCC,0,1
CGTCTCCGCTGGC,0,1
CGTCTCCGGCGCC,0,1
CGTCTCCGTCCGC,0,1
CGTCTCCGTCCTC,0,1
CGTCTCCGTCGCC,0,1
CGTCTCCGTCGTC,0,1
CGTCTCCTTCCTC,0,1
CGTCTCCTTGGCC,0,1
CGTCTCCTTTTTC,0,1
CGTCTCGCGCTGC,0,1
CGTCTCGGCGTTC,0,1
CGTCTCTCCGCGC,0,1
CGTCTCTCCTCGC,0,1
CGTCTCTCGTTCC,1,1
CGTCTCTCTCCCC,0,1
CGTCTCTCTTCTC,1,1
CGTCTCTGCCTGC,0,1
CGTCTCTGCGCTC,1,2
CGTCTCTGGGCTC,0,1
CGTCTCTTGGCTC,1,1
CGTCTGCGGCTCC,0,1
CGTCTGCTGTCCC,0,1
CGTCTGCTTTCTC,0,1
CGTCTGGGTTTTC,0,1
CGTCTGGTCCGGC,0,1
CGTCTGTCTGTCC,1,1
CGTCTGTGCCCTC,0,1
CGTCTGTGCTCTC,0,1
CGTCTGTGTTCTC,1,1
CGTCTGTGTTTTC,0,4
CGTCTGTTCTGTC,0,1
CGTCTTCCCCCTC,0,6
CGTCTTCCCTTCC,0,1
CGTCTTCCGTCCC,0,2
CGTCTTCCTCTTC,0,2
CGTCTTCTTCCTC,0,2
CGTCTTCTTCGTC,0,1
CGTCTTCTTCTTC,0,3
CGTCTTGCGTGTC,0,1
CGTCTTGGCTGGC,0,1
CGTCTTTCCCCTC,0,1
CGTCTTTCCTCCC,0,1
CGTCTTTCCTGTC,1,1
CGTCTTTCTCTCC,0,2
CGTCTTTGGGGTC,0,1
CGTCTTTGTTTGC,2,2
CGTCTTTTGGGGC,0,1
CGTCTTTTGTCTC,0,1
CGTGCCCCCTTCC,0,1
CGTGCCCCGCCCC,0,1
CGTGCCCGGTTCC,1,1
CGTGCCCGTGGCC,0,1
CGTGCCCTGCTTC,108,110
CGTGCCCTGGTCC,0,1
CGTGCCCTTCTGC,0,1
CGTGCCGCCCTTC,0,1
CGTGCCGCGCCCC,0,1
CGTGCCGCGGGTC,0,1
CGTGCCGTGCGCC,0,1
CGTGCCTCCTGTC,0,1
CGTGCCTCTCCCC,0,1
CGTGCCTCTGTCC,0,1
CGTGCCTCTTGGC,0,1
CGTGCCTGGCGCC,0,1
CGTGCCTGGGGGC,1,1
CGTGCCTGTGGGC,0,1
CGTGCCTTTGTGC,0,1
CGTGCGCCGTCTC,0,1
CGTGCGCGTGCCC,0,1
CGTGCGCGTGGTC,0,1
CGTGCGGGCCGTC,0,1
CGTGCGGTGTCCC,0,1
CGTGCGTGCCCGC,1,1
CGTGCGTGCGTGC,0,1
CGTGCGTGGCCTC,0,1
CGTGCTCCCCTTC,3,3
CGTGCTCCTCCTC,0,1
CGTGCTCCTCTGC,0,3
CGTGCTCGCGTTC,1,2
CGTGCTCGCTGCC,0,1
CGTGCTCGGCGGC,0,1
CGTGCTCGTCGTC,1,1
CGTGCTCTCTCTC,32,32
CGTGCTCTCTTTC,1,1
CGTGCTCTGGTGC,0,1
CGTGCTGCCGTTC,0,2
CGTGCTGCGGCCC,0,1
CGTGCTGCGGGGC,0,5
CGTGCTGCTCCCC,0,1
CGTGCTGCTGCCC,0,1
CGTGCTGCTGCGC,0,1
CGTGCTGGCCGCC,0,1
CGTGCTGGCTTCC,0,1
CGTGCTGTCTTCC,0,1
CGTGCTTCGTTCC,2,2
CGTGCTTCTCCCC,0,1
CGTGCTTCTTCCC,0,1
CGTGCTTGGTTTC,0,2
CGTGCTTTGCTCC,0,1
CGTGGCCCCGTGC,1,6
CGTGGCCCCTCTC,0,1
CGTGGCCCTCGGC,0,1
CGTGGCCCTTGTC,0,1
CGTGGCCGCCGCC,0,1
CGTGGCCGGCGCC,0,1
CGTGGCCTCGTTC,0,1
CGTGGCCTCTCCC,0,3
CGTGGCGCTGTCC,0,5
CGTGGCGGTCTCC,0,1
CGTGGCGTTGCTC,0,2
CGTGGCTCTGCTC,0,1
CGTGGCTGCTCTC,0,1
CGTGGCTTCTCTC,0,1
CGTGGCTTGTCGC,0,1
CGTGGCTTTTCCC,0,1
CGTGGGCCTTCGC,1,1
CGTGGGCTGGGTC,0,1
CGTGGGCTGTGCC,1,1
CGTGGGGCGCCGC,0,1
CGTGGGGTGCTGC,0,1
CGTGGGGTTTTGC,1,1
CGTGGGTCTGGCC,0,1
CGTGGGTCTGGGC,0,1
CGTGGGTGTCCTC,0,5
CGTGGGTTGTCCC,0,1
CGTGGTCCTTCTC,0,1
CGTGGTCCTTGTC,0,1
CGTGGTCTGCCGC,0,1
CGTGGTGCGGCTC,0,1
CGTGGTGCTCTCC,0,1
CGTGGTGGGGCCC,0,1
CGTGGTGGTGCTC,0,1
CGTGGTGTTCTCC,1,1
CGTGGTTGCCTCC,0,1
CGTGGTTGGTTTC,0,1
CGTGGTTTTTCTC,0,2
CGTGTCCCCTGCC,0,1
CGTGTCCCTCCGC,0,1
CGTGTCCCTCTCC,0,4
CGTGTCCGCCGCC,0,1
CGTGTCCGGTGTC,0,1
CGTGTCCGTGTCC,0,1
CGTGTCCTCCTCC,0,1
CGTGTCCTGCTTC,2,2
CGTGTCCTGGCTC,1,1
CGTGTCCTTCCTC,0,1
CGTGTCGCTCCTC,0,5
CGTGTCGGGCTCC,0,1
CGTGTCGGTGGGC,0,1
CGTGTCGTCCTTC,0,1
CGTGTCGTCTGCC,0,1
CGTGTCGTCTGGC,0,1
CGTGTCGTCTGTC,0,1
CGTGTCTGGTGTC,0,1
CGTGTGCCGCCGC,0,1
CGTGTGCCTGCCC,0,1
CGTGTGCTCCGGC,0,1
CGTGTGCTTCGGC,0,1
CGTGTGCTTCTGC,0,1
CGTGTGCTTTTGC,0,1
CGTGTGGTCGGGC,1,1
CGTGTGGTGTTTC,0,1
CGTGTGTCCTCCC,1,1
CGTGTGTCTGTCC,0,1
CGTGTGTCTTTCC,0,1
CGTGTGTGTGTGC,0,1
CGTGTGTTCCCTC,0,2
CGTGTGTTTGCTC,0,1
CGTGTGTTTTGTC,0,1
CGTGTTCGGTGTC,1,1
CGTGTTCTGTGTC,0,1
CGTGTTGCGCGCC,0,1
CGTGTTGTCTCCC,0,1
CGTGTTGTGCTGC,1,1
CGTGTTTCGGGGC,0,1
CGTGTTTTCCTGC,0,2
CGTGTTTTCGTGC,0,1
CGTGTTTTCTGTC,4,4
CGTGTTTTCTTTC,0,2
CGTGTTTTGTCTC,0,1
CGTTCCCCGCGTC,1,1
CGTTCCCCGCTCC,0,3
CGTTCCCCTCGTC,1,1
CGTTCCCCTGGCC,0,1
CGTTCCCGCCCTC,0,1
CGTTCCCGGCGGC,0,1
CGTTCCCTCCCTC,0,1
CGTTCCCTCGGGC,0,1
CGTTCCCTGCTGC,0,1
CGTTCCCTGCTTC,1,1
CGTTCCCTTGCCC,0,1
CGTTCCCTTGGGC,0,4
CGTTCCCTTGTCC,0,1
CGTTCCGCCCGGC,0,3
CGTTCCGCCCTGC,1,2
CGTTCCGCCGGCC,0,1
CGTTCCGCGTGTC,0,1
CGTTCCGGCTGCC,1,1
CGTTCCGGTTCTC,0,1
CGTTCCGGTTGTC,0,1
CGTTCCGTGCTTC,0,1
CGTTCCTCTGTCC,1,1
CGTTCCTCTGTGC,0,1
CGTTCCTGGCTTC,0,1
CGTTCCTGTTCTC,0,1
CGTTCGCCGCTCC,0,1
CGTTCGCCTCGTC,0,1
CGTTCGCTCTTTC,0,1
CGTTCGCTGCTCC,0,1
CGTTCGCTGTTTC,1,1
CGTTCGGCTCGGC,0,1
CGTTCGGGTTTCC,0,3
CGTTCGTCGCGCC,0,2
CGTTCTCGCCGCC,0,1
CGTTCTCGGTCCC,0,1
CGTTCTCGTCCTC,0,1
CGTTCTCTTGTCC,1,1
CGTTCTGCCTTGC,0,1
CGTTCTGCTCCTC,1,1
CGTTCTGCTCTTC,0,1
CGTTCTGGTTTTC,0,2
CGTTCTGTGTTTC,0,1
CGTTCTGTTTCCC,0,1
CGTTCTTCTTCTC,0,1
CGTTCTTGTGTCC,0,1
CGTTCTTTCCTGC,0,1
CGTTCTTTTTTTC,0,1
CGTTGCCCCGCGC,0,1
CGTTGCCCGCGGC,0,1
CGTTGCCCTTCGC,1,1
CGTTGCCGCCGCC,0,1
CGTTGCGCTTTTC,0,1
CGTTGCGGCCTCC,0,1
CGTTGCGGCGCCC,0,1
CGTTGCGTGGGTC,0,1
CGTTGCGTTGCGC,0,1
CGTTGCTCCGCCC,0,1
CGTTGCTCGTCCC,0,1
CGTTGCTTCGCTC,0,1
CGTTGCTTTGCTC,0,1
CGTTGCTTTTCTC,0,13
CGTTGGCGCTGCC,0,1
CGTTGGCGGGGGC,0,1
CGTTGGCTCGCCC,0,2
CGTTGGCTGTCCC,0,1
CGTTGGGCTCTCC,0,2
CGTTGGGCTCTGC,0,1
CGTTGGGCTTTCC,0,1
CGTTGGGTCCTGC,0,1
CGTTGGGTGCGGC,0,1
CGTTGGTCCCGGC,0,1
CGTTGGTCCCGTC,0,1
CGTTGTCCGCCCC,0,1
CGTTGTCGCCCCC,0,1
CGTTGTCGTTGGC,0,1
CGTTGTCTGGGTC,0,1
CGTTGTGCTCTTC,0,1
CGTTGTTCCGGCC,0,1
CGTTGTTCCGTTC,0,1
CGTTGTTTTGTTC,0,2
CGTTGTTTTTTTC,0,1
CGTTTCCCTGGCC,0,1
CGTTTCCGCGGTC,0,1
CGTTTCCTTGCCC,0,1
CGTTTCCTTTGCC,0,1
CGTTTCGCCCCGC,0,1
CGTTTCGCGCCGC,0,1
CGTTTCGCTCTTC,0,1
CGTTTCGGGGGGC,0,1
CGTTTCGGTTTTC,1,1
CGTTTCGTTCTTC,0,1
CGTTTCGTTGTTC,0,1
CGTTTCTCGGCTC,0,1
CGTTTCTCTGTGC,0,1
CGTTTCTCTTGTC,0,1
CGTTTCTGCCGTC,1,1
CGTTTCTGTGGCC,0,1
CGTTTCTTCGGCC,0,1
CGTTTCTTCTCGC,0,1
CGTTTGCTCTCCC,0,1
CGTTTGCTGCTTC,0,1
CGTTTGGCTCTTC,0,1
CGTTTGGTCTTTC,1,1
CGTTTGGTTTTTC,0,1
CGTTTGTCTTCTC,0,1
CGTTTGTGTGCTC,0,1
CGTTTGTTTCCCC,0,1
CGTTTTCCTCTCC,0,1
CGTTTTCGTCGTC,0,1
CGTTTTCGTTCCC,0,1
CGTTTTCTCTCTC,0,1
CGTTTTGTCGCCC,0,1
CGTTTTGTCTGTC,0,1
CGTTTTGTTGCTC,1,1
CGTTTTTCCCTTC,0,2
CGTTTTTCGCTGC,0,1
CGTTTTTCTCTCC,0,1
CGTTTTTCTTTTC,0,1
CGTTTTTTCCGTC,0,1
CGTTTTTTTGTTC,0,1
CGTTTTTTTTCCC,0,1
CTCCCCCCCTGTC,0,1
CTCCCCCCTCCCC,0,1
CTCCCCCCTCTCC,0,1
CTCCCCCCTCTTC,0,1
CTCCCCCGCCCCC,0,1
CTCCCCCGCTCCC,0,1
CTCCCCCGCTGCC,0,2
CTCCCCCGGCCGC,1,1
CTCCCCCTCCCCC,1,1
CTCCCCCTCCGGC,0,1
CTCCCCCTCCTCC,0,1
CTCCCCCTCTCCC,0,2
CTCCCCCTCTCTC,0,1
CTCCCCCTTCCCC,0,1
CTCCCCCTTGCTC,0,1
CTCCCCGCCCCCC,0,1
CTCCCCGCCCCGC,1,1
CTCCCCGCCCGCC,0,2
CTCCCCGCCGCTC,0,1
CTCCCCGCCGTGC,0,1
CTCCCCGCGCCCC,1,1
CTCCCCGCGGCTC,0,1
CTCCCCGCTCCCC,0,1
CTCCCCGCTCCTC,0,1
CTCCCCGCTGTTC,0,1
CTCCCCGGCCTCC,0,1
CTCCCCGGCCTGC,0,1
CTCCCCGGCGCCC,0,1
CTCCCCGGGCCCC,1,1
CTCCCCGGGGCGC,1,1
CTCCCCGGGTCCC,1,1
CTCCCCGGTCCTC,0,1
CTCCCCGTCCCCC,0,1
CTCCCCGTCCTGC,0,1
CTCCCCTCCCCCC,0,1
CTCCCCTCCCCTC,1,1
CTCCCCTCCCGCC,1,1
CTCCCCTCCCGGC,0,1
CTCCCCTCCCGTC,0,1
CTCCCCTCCCTCC,0,1
CTCCCCTCCGCTC,0,1
CTCCCCTCCTCCC,0,1
CTCCCCTCTCCTC,0,1
CTCCCCTGCCCTC,1,1
CTCCCCTGCGCTC,1,1
CTCCCCTGCGGCC,0,1
CTCCCCTGGCCGC,0,1
CTCCCCTGGGCTC,0,1
CTCCCCTTCCCCC,0,1
CTCCCCTTCTGCC,0,7
CTCCCCTTCTTCC,0,1
CTCCCCTTTTGTC,1,2
CTCCCGCCCCGGC,0,2
CTCCCGCCCCTCC,0,10
CTCCCGCCCGCCC,0,7
CTCCCGCCCGGCC,0,1
CTCCCGCCCTGCC,0,1
CTCCCGCCGCCCC,0,1
CTCCCGCCGCCGC,0,1
CTCCCGCCGCTCC,0,1
CTCCCGCCTCCCC,0,1
CTCCCGCCTTCCC,1,1
CTCCCGCCTTGGC,0,1
CTCCCGCGCCCGC,0,1
CTCCCGCGCGCTC,0,1
CTCCCGCGGCCGC,0,1
CTCCCGCGGCTTC,0,1
CTCCCGCGGGGGC,0,1
CTCCCGCGTTCTC,0,1
CTCCCGCTCCCCC,0,1
CTCCCGCTCCCGC,1,2
CTCCCGCTCCTCC,0,3
CTCCCGCTCGCGC,0,1
CTCCCGGCCGCGC,0,2
CTCCCGGCGGGTC,0,1
CTCCCGGCTCCTC,0,1
CTCCCGGGCCCCC,0,1
CTCCCGGGGGTCC,0,1
CTCCCGGTCCCTC,0,1
CTCCCGGTGCCCC,0,4
CTCCCGTCCTCCC,0,1
CTCCCGTCGCCCC,0,1
CTCCCGTCTTCCC,0,5
CTCCCGTGCTCCC,0,1
CTCCCGTGGCTGC,0,1
CTCCCGTGGGGTC,0,1
CTCCCGTTGGTTC,0,1
CTCCCTCCCCCTC,0,1
CTCCCTCCCCGTC,0,2
CTCCCTCCCCTCC,1,1
CTCCCTCCCCTGC,0,1
CTCCCTCCCGCCC,1,1
CTCCCTCCCGTCC,1,1
CTCCCTCCCTCCC,1,2
CTCCCTCCGCCGC,1,1
CTCCCTCCGCGCC,1,1
CTCCCTCCGCGGC,0,1
CTCCCTCCGGTCC,5,7
CTCCCTCCGTCCC,4,13
CTCCCTCCGTCTC,0,2
CTCCCTCCGTTCC,1,8
CTCCCTCCGTTTC,0,6
CTCCCTCCTCCCC,1,13
CTCCCTCCTCGGC,0,1
CTCCCTCCTCGTC,1,1
CTCCCTCCTGCCC,0,2
CTCCCTCCTGTCC,0,1
CTCCCTCGGGGTC,2,3
CTCCCTCGGGTCC,0,1
CTCCCTCGGTCCC,0,1
CTCCCTCGTCTGC,0,1
CTCCCTCGTTTTC,1,1
CTCCCTCTCCCGC,0,1
CTCCCTCTCCCTC,0,2
CTCCCTCTCTCTC,0,1
CTCCCTCTCTTGC,0,1
CTCCCTCTCTTTC,0,2
CTCCCTCTGGTCC,0,1
CTCCCTCTGTCCC,0,1
CTCCCTCTTCCCC,0,1
CTCCCTCTTCCTC,0,1
CTCCCTCTTGTCC,1,1
CTCCCTGCCTCCC,1,2
CTCCCTGCCTCTC,0,1
CTCCCTGCCTGGC,0,1
CTCCCTGCGGCGC,1,1
CTCCCTGCTCCCC,0,2
CTCCCTGCTGGCC,0,1
CTCCCTGGCCTTC,0,1
CTCCCTGGCTTCC,0,1
CTCCCTGGGCCTC,0,1
CTCCCTGGGGCTC,1,1
CTCCCTGGGGGGC,0,1
CTCCCTGGGTCCC,4,4
CTCCCTGGGTGGC,0,1
CTCCCTGGGTGTC,0,1
CTCCCTGGGTTCC,0,1
CTCCCTGGTCCTC,0,1
CTCCCTGTCCCTC,0,1
CTCCCTGTCGCCC,0,1
CTCCCTGTGTCCC,1,1
CTCCCTGTGTCTC,0,1
CTCCCTGTTCGGC,0,1
CTCCCTGTTCTCC,0,5
CTCCCTGTTCTGC,0,1
CTCCCTGTTGGGC,0,1
CTCCCTTCCCCTC,0,2
CTCCCTTCCCGGC,0,1
CTCCCTTCCGTCC,1,1
CTCCCTTCCTCTC,0,1
CTCCCTTCCTGTC,0,2
CTCCCTTCGCTCC,0,1
CTCCCTTCGGTCC,1,1
CTCCCTTCGTCCC,0,2
CTCCCTTCGTTTC,1,1
CTCCCTTCTCCCC,0,1
CTCCCTTCTCTTC,3,3
CTCCCTTCTTTCC,3,4
CTCCCTTGCCTGC,0,1
CTCCCTTGCTCCC,0,1
CTCCCTTGGTGTC,0,1
CTCCCTTGTGCTC,0,1
CTCCCTTGTTTTC,1,1
CTCCCTTTCCCCC,0,2
CTCCCTTTCCCTC,0,4
CTCCCTTTCCTCC,1,1
CTCCCTTTCTGCC,0,1
CTCCCTTTGCCTC,0,1
CTCCCTTTGGTCC,0,1
CTCCCTTTGTCTC,0,1
CTCCCTTTTCCTC,0,1
CTCCGCCCCCTTC,0,2
CTCCGCCCCGCGC,0,1
CTCCGCCCCGCTC,0,2
CTCCGCCCGCCGC,0,2
CTCCGCCCGCGTC,0,1
CTCCGCCCGCTCC,0,1
CTCCGCCCGGCTC,0,1
CTCCGCCCGGGCC,0,1
CTCCGCCCGGTGC,0,1
CTCCGCCCGTCGC,0,3
CTCCGCCCGTGCC,0,1
CTCCGCCCTCTTC,0,1
CTCCGCCCTTCCC,1,2
CTCCGCCGCCGCC,2,4
CTCCGCCGCCTCC,1,2
CTCCGCCGCGGCC,0,1
CTCCGCCGCTCTC,0,1
CTCCGCCGGCGTC,0,1
CTCCGCCGGCTCC,0,1
CTCCGCCGGCTTC,0,1
CTCCGCCTGCTCC,0,1
CTCCGCCTTCCGC,1,1
CTCCGCCTTCTCC,0,2
CTCCGCGCCCCCC,0,1
CTCCGCGCCGCGC,1,1
CTCCGCGCCTTTC,0,1
CTCCGCGCGGGTC,0,1
CTCCGCGCTGCCC,0,1
CTCCGCGCTGGCC,0,1
CTCCGCGGCCGCC,0,1
CTCCGCGGCCTGC,0,1
CTCCGCGGCCTTC,0,1
CTCCGCGGCGCCC,0,1
CTCCGCGGGGTGC,1,1
CTCCGCGGTGTCC,0,1
CTCCGCGTGTCTC,0,1
CTCCGCTCCCGCC,1,2
CTCCGCTCCCTGC,0,1
CTCCGCTCCGCGC,1,1
CTCCGCTCCGCTC,1,6
CTCCGCTCCGTGC,0,1
CTCCGCTCCTCCC,0,1
CTCCGCTCCTGTC,0,1
CTCCGCTCGCCGC,0,1
CTCCGCTCTTGGC,0,20
CTCCGCTGCGCTC,0,1
CTCCGCTGTTTTC,0,1
CTCCGCTTCCTCC,0,1
CTCCGCTTCCTGC,0,1
CTCCGCTTCGGTC,1,1
CTCCGCTTCTGCC,0,1
CTCCGCTTTCCCC,0,1
CTCCGGCCCCTCC,0,1
CTCCGGCCGCCCC,0,1
CTCCGGCCGCCGC,0,1
CTCCGGCCGGTGC,0,1
CTCCGGCCTGGGC,0,1
CTCCGGCGCCCCC,0,2
CTCCGGCGCCGCC,0,1
CTCCGGCGCCGGC,0,1
CTCCGGCGCTGCC,0,1
CTCCGGCGGCCGC,0,1
CTCCGGCGGCGCC,0,1
CTCCGGCGTGCCC,0,1
CTCCGGCGTGGGC,0,1
CTCCGGCGTGGTC,0,1
CTCCGGCTCCGCC,0,1
CTCCGGCTCCTGC,1,1
CTCCGGCTCTGTC,0,1
CTCCGGGCCCCGC,0,1
CTCCGGGCCTGGC,1,1
CTCCGGGCTCCGC,0,1
CTCCGGGCTCGTC,0,4
CTCCGGGCTCTCC,0,1
CTCCGGGCTTGTC,0,10
CTCCGGGGCCCCC,0,1
CTCCGGGGGTCCC,0,1
CTCCGGGTCCCCC,0,1
CTCCGGTCCTTTC,0,1
CTCCGGTGGGCTC,0,2
CTCCGGTGGGGCC,0,1
CTCCGGTTCCTGC,0,2
CTCCGGTTTCTCC,0,1
CTCCGGTTTGCGC,1,1
CTCCGGTTTTCTC,0,1
CTCCGTCCCGCCC,1,1
CTCCGTCCCGCGC,0,1
CTCCGTCCCGGCC,0,1
CTCCGTCCCTCTC,0,1
CTCCGTCCTCCTC,2,2
CTCCGTCCTCTTC,0,1
CTCCGTCCTTTCC,0,1
CTCCGTCGCTGTC,0,1
CTCCGTCGGTGCC,0,1
CTCCGTCGTCCTC,0,1
CTCCGTCTCCCGC,0,1
CTCCGTCTCCGCC,0,1
CTCCGTCTTCGGC,0,1
CTCCGTGGCCCTC,0,1
CTCCGTGGCCTTC,0,2
CTCCGTGGGGCGC,1,1
CTCCGTGGGTGTC,0,5
CTCCGTGTCGCCC,0,1
CTCCGTGTGTTCC,0,2
CTCCGTGTTGTGC,0,1
CTCCGTTCCTTGC,0,1
CTCCGTTCGCCCC,1,1
CTCCGTTCGGCTC,0,1
CTCCTCCCCCCTC,0,2
CTCCTCCCCCTTC,0,1
CTCCTCCCCGCCC,0,1
CTCCTCCCCGGCC,0,1
CTCCTCCCCTCCC,0,1
CTCCTCCCCTCGC,0,1
CTCCTCCCCTTCC,0,1
CTCCTCCCGCTCC,1,2
CTCCTCCCGGGGC,0,1
CTCCTCCCGGTGC,0,4
CTCCTCCCGTGGC,0,1
CTCCTCCCTCCCC,0,3
CTCCTCCCTCCGC,1,1
CTCCTCCCTCCTC,0,13
CTCCTCCCTCTCC,0,2
CTCCTCCCTCTGC,0,1
CTCCTCCCTTCCC,0,1
CTCCTCCCTTTCC,0,2
CTCCTCCCTTTGC,0,1
CTCCTCCGCCGCC,0,1
CTCCTCCGCGCGC,0,1
CTCCTCCGCGCTC,0,1
CTCCTCCGCGGCC,0,1
CTCCTCCGCTTGC,0,1
CTCCTCCGGCGCC,1,1
CTCCTCCGGCTCC,1,1
CTCCTCCGGGCGC,0,1
CTCCTCCGTCTTC,0,1
CTCCTCCTCCCTC,1,3
CTCCTCCTCCGCC,0,1
CTCCTCCTCCTCC,0,13
CTCCTCCTCCTGC,0,1
CTCCTCCTCCTTC,0,2
CTCCTCCTCGCCC,0,1
CTCCTCCTCGTCC,1,3
CTCCTCCTCTGTC,0,1
CTCCTCCTCTTCC,0,2
CTCCTCCTCTTGC,0,3
CTCCTCCTGCCCC,0,2
CTCCTCCTGCCGC,0,1
CTCCTCCTGCCTC,1,2
CTCCTCCTGCGCC,0,1
CTCCTCCTGCTCC,0,1
CTCCTCCTGTCCC,1,1
CTCCTCCTTCCTC,0,1
CTCCTCCTTCTGC,0,1
CTCCTCCTTTTCC,0,1
CTCCTCGCCCTCC,0,1
CTCCTCGCCGGTC,0,1
CTCCTCGCGCGTC,0,1
CTCCTCGCTCCGC,0,1
CTCCTCGCTCTCC,0,2
CTCCTCGGCCCTC,0,3
CTCCTCGGGGCTC,0,1
CTCCTCGGGGTTC,0,1
CTCCTCGGGTGTC,0,3
CTCCTCGGTCCTC,0,1
CTCCTCGTCCCCC,0,1
CTCCTCGTCCCTC,1,2
CTCCTCGTCCTCC,3,4
CTCCTCGTCTCTC,0,2
CTCCTCGTCTGTC,0,1
CTCCTCGTGGCTC,0,1
CTCCTCTCCGGCC,0,1
CTCCTCTCCTCCC,0,7
CTCCTCTCCTCGC,1,1
CTCCTCTCCTCTC,0,1
CTCCTCTCCTTCC,0,1
CTCCTCTCTCTCC,1,1
CTCCTCTCTGCTC,0,1
CTCCTCTCTTGGC,0,5
CTCCTCTCTTTTC,0,1
CTCCTCTGGCTGC,0,1
CTCCTCTGGGTTC,0,1
CTCCTCTTCCTCC,0,3
CTCCTCTTCCTGC,0,1
CTCCTCTTCCTTC,0,1
CTCCTCTTCTTCC,1,1
CTCCTCTTCTTTC,0,1
CTCCTCTTTCCGC,0,1
CTCCTCTTTTTTC,0,1
CTCCTGCCCCCCC,3,14
CTCCTGCCCCTTC,0,1
CTCCTGCCCGCGC,0,1
CTCCTGCCCTGGC,1,1
CTCCTGCCGCCCC,0,1
CTCCTGCCGTGTC,0,1
CTCCTGCCTCTGC,1,1
CTCCTGCCTTCCC,1,1
CTCCTGCGCTTGC,0,2
CTCCTGCGTCGGC,0,1
CTCCTGCGTGCCC,1,1
CTCCTGCTCCCCC,0,1
CTCCTGCTGGCGC,0,1
CTCCTGCTGGGCC,0,1
CTCCTGCTTCCTC,1,1
CTCCTGCTTTCCC,1,2
CTCCTGGCCCCGC,1,1
CTCCTGGCTCTCC,0,1
CTCCTGGGGCCTC,0,1
CTCCTGGGGCGCC,0,1
CTCCTGGGGCTCC,0,1
CTCCTGGGTCCCC,0,1
CTCCTGGTGCGCC,0,1
CTCCTGTCCCTGC,0,1
CTCCTGTCCTCCC,1,1
CTCCTGTCTCGCC,0,1
CTCCTGTCTCTGC,1,3
CTCCTGTCTCTTC,1,1
CTCCTGTCTTCTC,0,2
CTCCTGTGCCTGC,0,1
CTCCTGTGGCTTC,0,1
CTCCTGTGGGTTC,0,1
CTCCTGTGGTGTC,0,8
CTCCTGTGTCCTC,0,1
CTCCTGTGTGTCC,0,1
CTCCTGTTCCTGC,0,41
CTCCTGTTCTCCC,0,1
CTCCTGTTCTCTC,0,2
CTCCTGTTCTGGC,0,1
CTCCTGTTCTTGC,0,1
CTCCTGTTTTTTC,0,1
CTCCTTCCCCGCC,0,1
CTCCTTCCCTCCC,0,1
CTCCTTCCGCCCC,1,1
CTCCTTCCGCTCC,0,1
CTCCTTCCTGCCC,0,1
CTCCTTCCTGGGC,0,1
CTCCTTCCTTCCC,0,1
CTCCTTCGCTTTC,0,1
CTCCTTCTCCCTC,0,1
CTCCTTCTCCGCC,0,1
CTCCTTCTCCTTC,0,1
CTCCTTCTGCTCC,4,4
CTCCTTCTGCTTC,0,1
CTCCTTCTTCTTC,0,2
CTCCTTCTTTGTC,0,2
CTCCTTGCTCCCC,0,4
CTCCTTGGCCCTC,1,2
CTCCTTGGGCTCC,0,2
CTCCTTGGGTGTC,0,15
CTCCTTGTCTTGC,0,1
CTCCTTGTGCTCC,0,1
CTCCTTGTTTTTC,0,3
CTCCTTTCCTCCC,0,1
CTCCTTTCTCTTC,0,1
CTCCTTTCTTCCC,0,2
CTCCTTTGCTCTC,0,1
CTCCTTTGGCGGC,0,1
CTCCTTTGGTGTC,0,1
CTCCTTTGGTTCC,0,2
CTCCTTTGTTCTC,0,3
CTCCTTTGTTGCC,0,1
CTCCTTTTCCTCC,0,1
CTCCTTTTCCTTC,1,1
CTCCTTTTCTGTC,0,1
CTCCTTTTCTTGC,0,1
CTCCTTTTTTTTC,0,1
CTCGCCCCCGTGC,0,1
CTCGCCCCCTCTC,0,1
CTCGCCCCTCGGC,0,1
CTCGCCCCTTCCC,0,2
CTCGCCCGCCCTC,0,1
CTCGCCCGCGCGC,1,1
CTCGCCCGTGCGC,1,1
CTCGCCCTCCGTC,0,1
CTCGCCCTTGGTC,1,1
CTCGCCGCCCCGC,0,1
CTCGCCGCCGCCC,1,1
CTCGCCGCCGCGC,0,1
CTCGCCGCCTCCC,0,1
CTCGCCGCGCCGC,0,1
CTCGCCGCTCCTC,0,1
CTCGCCGCTGGCC,0,1
CTCGCCGGCCCCC,0,1
CTCGCCGGCCGCC,0,1
CTCGCCGGCCGGC,0,1
CTCGCCGGCGGCC,0,1
CTCGCCGGCTGCC,0,1
CTCGCCTCTCCTC,0,1
CTCGCCTCTGGGC,0,1
CTCGCCTGCGTGC,0,1
CTCGCCTGTGCCC,0,2
CTCGCCTTCGGTC,2,2
CTCGCCTTGCTTC,1,1
CTCGCGGCCGCGC,0,1
CTCGCGGCGGGGC,1,1
CTCGCGTGCTCTC,0,1
CTCGCGTTCCTTC,0,1
CTCGCGTTCGTCC,0,1
CTCGCGTTTTTCC,0,1
CTCGCTCCCCCTC,0,1
CTCGCTCCCCTCC,1,1
CTCGCTCCCGCTC,0,1
CTCGCTCCCGGGC,0,1
CTCGCTCCTCCCC,0,1
CTCGCTCGCTCCC,1,1
CTCGCTCGGCGTC,0,1
CTCGCTCGGCTGC,4,4
CTCGCTCGTGCTC,0,1
CTCGCTCTCCTTC,0,1
CTCGCTCTCTCTC,0,1
CTCGCTCTCTGCC,19,26
CTCGCTCTCTTCC,1,1
CTCGCTCTGCCCC,0,1
CTCGCTCTGCTGC,0,1
CTCGCTCTTCTGC,0,5
CTCGCTGCCCTTC,0,1
CTCGCTGCGGCTC,0,1
CTCGCTGCGTCTC,0,1
CTCGCTGCTCGTC,0,1
CTCGCTGCTTTCC,0,2
CTCGCTGGCCCCC,0,1
CTCGCTGGTGCTC,0,1
CTCGCTGGTGGGC,1,1
CTCGCTGTCCCGC,0,1
CTCGCTGTGTTTC,0,1
CTCGCTTCTCTTC,0,1
CTCGCTTCTGGTC,0,1
CTCGCTTTCCCCC,0,1
CTCGCTTTCCCTC,0,1
CTCGCTTTCCTTC,0,1
CTCGCTTTGGGCC,0,1
CTCGCTTTGTGCC,0,1
CTCGGCCCCGCCC,0,1
CTCGGCCCCGGCC,2,2
CTCGGCCCGCTTC,0,1
CTCGGCCCTCGCC,0,1
CTCGGCCCTCGTC,0,1
CTCGGCCGCCGCC,0,2
CTCGGCCGCCTCC,0,1
CTCGGCCGGGGCC,0,1
CTCGGCCTCTTGC,0,1
CTCGGCCTGTCTC,1,1
CTCGGCGCGTCCC,0,1
CTCGGCGGTGGTC,0,1
CTCGGCGTCGCGC,0,1
CTCGGCGTTCCGC,0,1
CTCGGCGTTGCGC,0,1
CTCGGCTCCGGCC,1,3
CTCGGCTCCGGGC,0,1
CTCGGCTCCGTTC,0,1
CTCGGCTCCTGGC,0,4
CTCGGCTCGGCTC,0,1
CTCGGCTGCGCTC,0,2
CTCGGCTGTGGCC,0,2
CTCGGCTGTGGTC,0,1
CTCGGCTTCTGCC,0,1
CTCGGCTTTTTTC,0,1
CTCGGGCCCGGGC,0,1
CTCGGGCCCGGTC,0,1
CTCGGGCCGCTCC,0,1
CTCGGGCCTCCTC,0,1
CTCGGGCCTGCGC,0,1
CTCGGGCGCCGGC,0,3
CTCGGGCGGCCGC,0,1
CTCGGGCGGCGGC,1,3
CTCGGGCGGTCCC,0,1
CTCGGGCTCCCGC,0,1
CTCGGGCTCTCCC,0,1
CTCGGGCTGTCCC,0,1
CTCGGGGCGCCGC,0,1
CTCGGGGCTCCCC,0,1
CTCGGGGCTCCGC,0,2
CTCGGGGGGGCGC,0,1
CTCGGGGTCCCTC,0,3
CTCGGGGTGCTCC,0,1
CTCGGGTCGGCCC,0,1
CTCGGGTGGCGGC,3,3
CTCGGGTGGGCCC,0,1
CTCGGGTGTCTTC,0,3
CTCGGGTTGTCTC,0,1
CTCGGGTTGTTGC,0,1
CTCGGTCCCCCGC,0,2
CTCGGTCCGTCTC,0,1
CTCGGTCCTGTGC,0,1
CTCGGTCGGTTTC,0,1
CTCGGTCTCCGGC,0,1
CTCGGTCTTGGCC,0,1
CTCGGTCTTGGGC,0,1
CTCGGTGGCTGGC,0,1
CTCGGTGTTTTTC,0,1
CTCGGTTGGCCGC,0,17
CTCGGTTGGCTGC,0,1
CTCGGTTGTTTCC,0,1
CTCGGTTTTTTCC,0,1
CTCGTCCCCCTGC,0,1
CTCGTCCCCGTCC,0,2
CTCGTCCCCTTCC,1,1
CTCGTCCCGCCCC,0,1
CTCGTCCCGCTCC,0,1
CTCGTCCGGCGTC,0,1
CTCGTCCTCCCGC,0,1
CTCGTCCTTTCCC,0,1
CTCGTCGCCCCCC,0,1
CTCGTCGCCGGCC,0,1
CTCGTCGCGCTGC,0,1
CTCGTCGCGGGGC,0,5
CTCGTCGCTGCCC,0,1
CTCGTCGCTTTGC,0,1
CTCGTCGGCGCCC,0,1
CTCGTCGGTCGTC,0,1
CTCGTCGTCCCTC,0,1
CTCGTCTCCCCCC,0,1
CTCGTCTCCGTCC,0,1
CTCGTCTCGCTCC,0,1
CTCGTCTCTCTCC,0,1
CTCGTCTGCTTTC,1,1
CTCGTCTTCCTTC,0,1
CTCGTGCGGCGCC,0,1
CTCGTGCTCCTCC,0,1
CTCGTGGGGGCCC,0,1
CTCGTGGTGCTTC,0,4
CTCGTGGTGGGGC,0,1
CTCGTGTGTTCTC,0,2
CTCGTGTTTCTCC,0,1
CTCGTTCCCCCGC,1,1
CTCGTTCCCGGCC,1,1
CTCGTTCGTGCTC,0,1
CTCGTTCTCCTTC,0,1
CTCGTTCTCGGTC,0,1
CTCGTTCTCTTTC,0,1
CTCGTTCTTCCTC,0,1
CTCGTTCTTGTTC,0,1
CTCGTTGCTTCGC,0,1
CTCGTTGCTTTGC,0,1
CTCGTTGTCCTTC,1,1
CTCGTTTCGCGCC,0,1
CTCGTTTCGTCTC,0,1
CTCGTTTCTCCGC,0,1
CTCGTTTTCCTGC,0,1
CTCGTTTTGTCGC,1,1
CTCGTTTTTCCTC,1,1
CTCGTTTTTTTTC,0,1
CTCTCCCCCCCTC,1,1
CTCTCCCCCTCCC,1,1
CTCTCCCCCTCTC,1,2
CTCTCCCCCTGCC,1,1
CTCTCCCCGCCCC,0,2
CTCTCCCCGGGGC,0,1
CTCTCCCCGGGTC,1,1
CTCTCCCCTCCCC,0,2
CTCTCCCCTCCGC,0,1
CTCTCCCCTCGGC,0,1
CTCTCCCCTCTCC,0,1
CTCTCCCCTTCGC,0,1
CTCTCCCCTTTGC,0,1
CTCTCCCGCCTTC,1,1
CTCTCCCGCGGCC,0,1
CTCTCCCGGCGGC,0,1
CTCTCCCGGTGCC,0,1
CTCTCCCTCCCTC,0,1
CTCTCCCTCCGTC,0,2
CTCTCCCTCCTCC,0,1
CTCTCCCTCCTGC,0,3
CTCTCCCTCGGTC,0,1
CTCTCCCTCTCCC,0,3
CTCTCCCTCTCTC,0,1
CTCTCCCTCTTGC,1,2
CTCTCCCTGCTCC,0,1
CTCTCCCTGGGTC,4,4
CTCTCCCTTCCCC,0,1
CTCTCCCTTCCGC,0,1
CTCTCCCTTGCCC,0,9
CTCTCCCTTTCCC,0,1
CTCTCCCTTTCTC,0,1
CTCTCCGCGTTTC,0,1
CTCTCCGGGCCCC,0,1
CTCTCCTCCCCGC,0,1
CTCTCCTCCCCTC,0,1
CTCTCCTCCCTCC,1,3
CTCTCCTCCTCGC,0,1
CTCTCCTCGCTCC,0,1
CTCTCCTCTCCCC,0,1
CTCTCCTCTCCTC,0,2
CTCTCCTCTCTCC,0,1
CTCTCCTCTGCCC,0,1
CTCTCCTCTTCCC,0,1
CTCTCCTGCCGCC,0,1
CTCTCCTGCCTGC,1,3
CTCTCCTGCGCTC,0,1
CTCTCCTGCGTGC,1,1
CTCTCCTGCTGCC,0,1
CTCTCCTGGGGCC,1,2
CTCTCCTGGTTTC,1,1
CTCTCCTTCCGTC,0,1
CTCTCCTTCTCCC,1,1
CTCTCCTTGTTGC,0,2
CTCTCGCCCGCCC,0,1
CTCTCGCCCTTTC,0,1
CTCTCGCCGCTTC,0,1
CTCTCGCCGGCGC,0,1
CTCTCGCGCGCGC,0,1
CTCTCGCTCCCGC,0,2
CTCTCGCTCTCTC,0,5
CTCTCGGCCCCCC,0,1
CTCTCGGCCTGTC,1,1
CTCTCGGCTTGGC,0,1
CTCTCGGGCGGTC,0,1
CTCTCGGGGCTGC,0,1
CTCTCGGGTGTTC,0,1
CTCTCGGTCCCCC,0,2
CTCTCGGTGCTGC,0,1
CTCTCGTCCCTCC,0,1
CTCTCGTCGCCCC,0,1
CTCTCGTCGCTGC,0,1
CTCTCGTCGGCTC,0,1
CTCTCGTCTCCTC,0,1
CTCTCGTTCGGTC,0,1
CTCTCGTTCTTCC,0,1
CTCTCGTTGCTTC,1,1
CTCTCGTTTTTCC,0,1
CTCTCTCCCCCCC,1,1
CTCTCTCCCCCTC,2,2
CTCTCTCCCCTGC,1,1
CTCTCTCCCTCTC,0,1
CTCTCTCCCTGGC,0,1
CTCTCTCCCTTCC,0,1
CTCTCTCCCTTTC,0,2
CTCTCTCCGTCCC,0,2
CTCTCTCCGTCGC,0,1
CTCTCTCCGTCTC,0,1
CTCTCTCCGTTCC,1,1
CTCTCTCCTCCTC,1,2
CTCTCTCCTCTCC,0,2
CTCTCTCCTTCTC,0,2
CTCTCTCCTTGTC,2,2
CTCTCTCGCCGCC,0,1
CTCTCTCGCCGGC,1,1
CTCTCTCGCGCGC,0,1
CTCTCTCGCTCCC,0,1
CTCTCTCGGGCGC,1,1
CTCTCTCGTCGTC,4,4
CTCTCTCGTCTCC,0,1
CTCTCTCGTCTGC,0,1
CTCTCTCGTTGTC,23,23
CTCTCTCTCCCCC,0,1
CTCTCTCTCCTGC,0,1
CTCTCTCTCGCGC,0,1
CTCTCTCTCGGGC,0,1
CTCTCTCTCTCCC,0,2
CTCTCTCTCTCGC,0,1
CTCTCTCTCTCTC,0,19
CTCTCTCTCTGCC,0,1
CTCTCTCTCTGGC,0,1
CTCTCTCTCTGTC,1,2
CTCTCTCTCTTCC,0,4
CTCTCTCTCTTTC,1,4
CTCTCTCTGCCCC,0,1
CTCTCTCTGCCTC,0,2
CTCTCTCTGTCGC,0,1
CTCTCTCTTCCTC,0,2
CTCTCTCTTCGTC,0,1
CTCTCTCTTCTCC,0,3
CTCTCTCTTCTGC,0,2
CTCTCTCTTCTTC,0,1
CTCTCTCTTTCTC,0,5
CTCTCTGCCCCCC,0,1
CTCTCTGCCCCTC,20,27
CTCTCTGCCTTTC,0,1
CTCTCTGGCCCGC,0,1
CTCTCTGGCCGTC,0,1
CTCTCTGGCTCCC,0,1
CTCTCTGGCTGTC,0,1
CTCTCTGTCCCTC,0,2
CTCTCTGTCCTCC,1,1
CTCTCTGTCTTCC,0,1
CTCTCTGTGCCCC,0,1
CTCTCTGTGCCTC,0,1
CTCTCTGTGTCCC,0,1
CTCTCTGTGTCTC,0,1
CTCTCTGTTCTTC,0,1
CTCTCTTCCCTTC,0,1
CTCTCTTCCTTCC,0,1
CTCTCTTCTCCCC,0,1
CTCTCTTCTCTTC,0,1
CTCTCTTCTTTTC,0,2
CTCTCTTGCCGTC,0,1
CTCTCTTGTCTCC,0,1
CTCTCTTGTGTTC,0,1
CTCTCTTTCCCTC,0,1
CTCTCTTTCCTTC,0,1
CTCTCTTTCTCTC,0,4
CTCTCTTTCTTCC,0,5
CTCTCTTTCTTGC,0,1
CTCTCTTTCTTTC,0,4
CTCTCTTTGCGGC,0,1
CTCTCTTTTCTTC,0,2
CTCTCTTTTTCTC,1,2
CTCTGCCCCCCGC,0,1
CTCTGCCCCCGGC,0,1
CTCTGCCCCCTGC,0,1
CTCTGCCCGGCCC,0,1
CTCTGCCCGGGTC,0,1
CTCTGCCCGTTTC,1,1
CTCTGCCCTCTGC,0,1
CTCTGCCCTGCTC,0,1
CTCTGCCCTGGGC,0,2
CTCTGCCCTTCCC,1,1
CTCTGCCGGCCCC,0,1
CTCTGCCGTGTCC,0,1
CTCTGCCGTGTGC,0,1
CTCTGCCTCCTCC,0,1
CTCTGCCTCGTCC,1,4
CTCTGCCTCTGTC,0,1
CTCTGCCTCTTCC,1,2
CTCTGCCTGCGTC,0,1
CTCTGCCTGGCGC,0,1
CTCTGCCTGTTCC,7,10
CTCTGCCTTCCTC,0,1
CTCTGCCTTGTGC,0,1
CTCTGCCTTTCTC,0,1
CTCTGCGCCGGGC,0,1
CTCTGCGCCTCCC,1,1
CTCTGCGCTCGTC,0,1
CTCTGCGCTCTCC,0,1
CTCTGCGGCCTCC,0,1
CTCTGCGGTCCTC,0,1
CTCTGCGTCCGCC,0,2
CTCTGCGTCCTTC,0,1
CTCTGCGTCTTCC,0,2
CTCTGCGTGGCTC,0,1
CTCTGCGTGGTGC,0,1
CTCTGCGTTTTGC,0,1
CTCTGCGTTTTTC,0,1
CTCTGCTCCCGTC,0,1
CTCTGCTCCGGCC,0,1
CTCTGCTCCGTCC,0,1
CTCTGCTCCTCCC,0,1
CTCTGCTCCTTCC,0,1
CTCTGCTCCTTGC,0,1
CTCTGCTCGCGCC,1,1
CTCTGCTCTCCCC,0,1
CTCTGCTCTGGCC,1,2
CTCTGCTGCCTGC,0,1
CTCTGCTGCTCCC,1,2
CTCTGCTGGGCCC,0,1
CTCTGCTGTGGGC,0,1
CTCTGCTTCCCTC,1,1
CTCTGCTTCCTTC,0,2
CTCTGCTTGCTGC,0,1
CTCTGCTTGTGCC,0,1
CTCTGCTTGTGTC,1,1
CTCTGCTTGTTCC,2,3
CTCTGCTTTGTGC,0,1
CTCTGGCCCCCTC,0,2
CTCTGGCCCTCGC,0,1
CTCTGGCCGCCCC,0,1
CTCTGGCCGCTCC,0,1
CTCTGGCGCCGCC,0,1
CTCTGGCGCCTCC,0,1
CTCTGGCTCCGGC,0,1
CTCTGGCTCCTTC,0,1
CTCTGGCTCGTCC,1,1
CTCTGGCTCTGTC,0,1
CTCTGGCTCTTCC,0,1
CTCTGGCTGCTCC,0,1
CTCTGGCTGGGGC,0,3
CTCTGGCTTCCGC,0,1
CTCTGGGCCCTCC,0,3
CTCTGGGCCTCCC,0,1
CTCTGGGCTCTCC,0,1
CTCTGGGCTCTGC,0,1
CTCTGGGGCCTTC,0,1
CTCTGGGGCTGCC,0,1
CTCTGGGTCCTTC,0,1
CTCTGGGTTCTTC,0,1
CTCTGGGTTGGTC,0,1
CTCTGGTCCCCGC,0,1
CTCTGGTCCCTGC,0,1
CTCTGGTCCTGGC,0,1
CTCTGGTGGCCTC,0,1
CTCTGGTGGCTTC,0,1
CTCTGGTTCGGCC,0,1
CTCTGGTTCTGGC,0,1
CTCTGGTTTTGCC,0,1
CTCTGGTTTTTGC,0,1
CTCTGTCCCGGCC,1,2
CTCTGTCCCTCCC,0,1
CTCTGTCCCTCTC,1,1
CTCTGTCCCTGGC,0,2
CTCTGTCCCTTCC,0,1
CTCTGTCCTCCTC,1,2
CTCTGTCCTGTGC,1,1
CTCTGTCCTTTGC,0,1
CTCTGTCGCTGCC,0,1
CTCTGTCGTCCCC,1,1
CTCTGTCGTCGGC,0,1
CTCTGTCTCGCTC,0,1
CTCTGTCTCGTCC,1,3
CTCTGTCTCTCTC,0,2
CTCTGTCTGTTCC,0,2
CTCTGTCTTCCCC,0,1
CTCTGTCTTCCTC,0,1
CTCTGTCTTTGCC,1,1
CTCTGTCTTTGTC,0,1
CTCTGTGCCTCCC,0,1
CTCTGTGCCTGGC,1,1
CTCTGTGGTGTCC,0,1
CTCTGTGGTTTTC,0,1
CTCTGTGTCCCTC,0,1
CTCTGTGTCTCCC,0,1
CTCTGTGTGTTCC,0,1
CTCTGTTCTCGGC,0,1
CTCTGTTCTTCCC,1,1
CTCTGTTGGCTGC,0,1
CTCTGTTTCGGCC,3,5
CTCTGTTTCGTGC,0,3
CTCTGTTTCTCTC,0,2
CTCTGTTTTCCTC,1,3
CTCTGTTTTGGCC,0,1
CTCTGTTTTTCCC,0,4
CTCTGTTTTTGTC,0,1
CTCTTCCCCGGGC,0,1
CTCTTCCCCTCTC,0,1
CTCTTCCCCTTCC,0,4
CTCTTCCCCTTTC,0,1
CTCTTCCCTGCTC,0,2
CTCTTCCCTTCCC,1,2
CTCTTCCGCCCGC,0,1
CTCTTCCGCTTCC,0,1
CTCTTCCGGTCTC,0,1
CTCTTCCTCCCTC,0,1
CTCTTCCTCCGTC,0,1
CTCTTCCTCCTCC,0,1
CTCTTCCTCGCTC,0,1
CTCTTCCTCGGTC,0,1
CTCTTCCTCTCTC,0,1
CTCTTCCTCTTCC,1,5
CTCTTCCTGGCTC,0,3
CTCTTCCTTCGTC,0,3
CTCTTCCTTCTCC,1,1
CTCTTCCTTCTTC,0,2
CTCTTCCTTTGGC,1,1
CTCTTCCTTTTCC,1,1
CTCTTCCTTTTTC,0,4
CTCTTCGTGGCTC,0,1
CTCTTCGTTCGTC,0,1
CTCTTCGTTTCTC,0,1
CTCTTCTCCCCCC,0,1
CTCTTCTCCCGTC,3,3
CTCTTCTCCCTTC,1,2
CTCTTCTCCTCTC,0,1
CTCTTCTCCTTCC,0,1
CTCTTCTCGCCTC,0,1
CTCTTCTCGGCTC,0,1
CTCTTCTCGGGCC,0,1
CTCTTCTCTCTCC,0,1
CTCTTCTCTTCTC,0,2
CTCTTCTCTTTCC,0,1
CTCTTCTGCGCCC,0,1
CTCTTCTGCTGCC,0,2
CTCTTCTGCTGGC,1,1
CTCTTCTGCTTTC,0,1
CTCTTCTGTCGCC,0,4
CTCTTCTGTCGGC,0,1
CTCTTCTTCCCTC,0,1
CTCTTCTTCCTGC,0,1
CTCTTCTTCCTTC,0,1
CTCTTCTTCTTCC,0,3
CTCTTCTTGCTGC,1,2
CTCTTCTTGTTTC,0,1
CTCTTCTTTTTCC,1,2
CTCTTGCCCTGCC,1,1
CTCTTGCCGTCGC,0,1
CTCTTGCCTCTGC,1,1
CTCTTGCCTCTTC,0,1
CTCTTGCCTGCGC,0,1
CTCTTGCTCTCCC,0,5
CTCTTGCTGCCTC,1,1
CTCTTGCTGCTCC,1,1
CTCTTGCTGTCTC,0,1
CTCTTGCTTCTTC,0,1
CTCTTGCTTGTTC,0,2
CTCTTGCTTTCCC,0,1
CTCTTGGCCGGTC,0,1
CTCTTGGGCCGGC,0,1
CTCTTGGGCCTTC,0,2
CTCTTGGGTGTTC,0,1
CTCTTGGTTGCTC,0,1
CTCTTGGTTGTTC,0,1
CTCTTGTCCCGCC,1,1
CTCTTGTCCTTCC,0,2
CTCTTGTCCTTTC,0,1
CTCTTGTCTCCCC,1,1
CTCTTGTCTCTCC,0,1
CTCTTTCCCCCCC,0,1
CTCTTTCCCTCCC,0,1
CTCTTTCCCTGCC,0,1
CTCTTTCCTCCCC,0,1
CTCTTTCCTCTCC,0,1
CTCTTTCCTTCCC,0,1
CTCTTTCGCCGGC,3,4
CTCTTTCTCCCTC,0,2
CTCTTTCTCCTGC,0,1
CTCTTTCTCCTTC,0,1
CTCTTTCTCTCCC,0,4
CTCTTTCTCTCTC,0,2
CTCTTTCTCTTTC,0,1
CTCTTTCTGGGGC,0,3
CTCTTTCTTCCTC,0,7
CTCTTTCTTTCTC,0,4
CTCTTTGCGCCGC,0,1
CTCTTTGCGCTCC,0,1
CTCTTTGCGGCTC,0,1
CTCTTTGCTTGGC,0,1
CTCTTTGGTCCCC,1,1
CTCTTTGGTGGTC,0,1
CTCTTTGGTTTCC,0,1
CTCTTTGTTTTCC,0,1
CTCTTTTCCCCTC,0,1
CTCTTTTCTTTGC,0,3
CTCTTTTGGCCTC,0,1
CTCTTTTGGTCCC,3,3
CTCTTTTGGTCTC,0,1
CTCTTTTGTCTTC,0,2
CTCTTTTTCTCTC,1,1
CTCTTTTTCTGTC,0,1
CTCTTTTTTCCTC,0,1
CTCTTTTTTCTCC,0,1
CTCTTTTTTCTTC,0,1
CTCTTTTTTGGGC,0,1
CTCTTTTTTTCTC,0,2
CTCTTTTTTTTCC,0,1
CTCTTTTTTTTTC,0,2
CTGCCCCCCCTTC,0,1
CTGCCCCCCTGCC,0,2
CTGCCCCCCTGGC,0,1
CTGCCCCCGCCCC,0,1
CTGCCCCCGCCGC,0,1
CTGCCCCCGCCTC,0,2
CTGCCCCCGGCGC,0,1
CTGCCCCCTCTCC,1,1
CTGCCCCCTGCCC,0,1
CTGCCCCGCCCCC,0,1
CTGCCCCGCCGGC,0,1
CTGCCCCGCCTGC,0,1
CTGCCCCGGCCCC,0,1
CTGCCCCTCCGCC,0,1
CTGCCCCTGCCCC,1,2
CTGCCCCTGTGTC,0,1
CTGCCCCTTCCCC,0,2
CTGCCCCTTCCTC,0,1
CTGCCCCTTCTTC,0,1
CTGCCCCTTGTCC,0,1
CTGCCCCTTTCTC,0,1
CTGCCCCTTTGCC,0,1
CTGCCCCTTTTTC,0,1
CTGCCCGCCCCCC,0,1
CTGCCCGCCCGGC,0,1
CTGCCCGCCGGCC,0,1
CTGCCCGCGCTCC,0,1
CTGCCCGCGCTGC,0,1
CTGCCCGCGCTTC,1,1
CTGCCCGCTTCCC,0,2
CTGCCCGCTTGCC,0,1
CTGCCCGGGCGGC,0,1
CTGCCCGGGGCTC,0,1
CTGCCCGGGTCCC,0,1
CTGCCCGGGTGGC,0,1
CTGCCCGTCGGCC,0,1
CTGCCCGTGCGGC,0,1
CTGCCCGTGGGTC,0,1
CTGCCCGTTGGCC,0,2
CTGCCCTCCCTGC,0,3
CTGCCCTCCGTCC,0,1
CTGCCCTCGGTTC,1,1
CTGCCCTGCCCTC,0,2
CTGCCCTGCGCTC,3,11
CTGCCCTGCTCGC,0,1
CTGCCCTGCTCTC,1,4
CTGCCCTGCTTTC,0,1
CTGCCCTGGCCCC,0,1
CTGCCCTGGCCTC,0,1
CTGCCCTGGCTGC,0,1
CTGCCCTGGGCTC,0,1
CTGCCCTGGGGCC,0,1
CTGCCCTGTGCTC,1,1
CTGCCCTTCCCCC,0,1
CTGCCCTTCCTTC,0,1
CTGCCCTTCTCTC,0,1
CTGCCCTTCTGTC,1,1
CTGCCCTTGGCGC,0,1
CTGCCCTTTCTGC,1,1
CTGCCGCCCCGCC,0,1
CTGCCGCCCGCGC,0,5
CTGCCGCCCTCCC,0,1
CTGCCGCCCTGTC,0,1
CTGCCGCCGCCGC,0,2
CTGCCGCCGCTGC,0,1
CTGCCGCCGTTGC,0,1
CTGCCGCCTGCGC,0,1
CTGCCGCCTGGCC,0,1
CTGCCGCCTGTCC,0,1
CTGCCGCCTTCCC,1,1
CTGCCGCGCCCCC,0,1
CTGCCGCGCCCGC,0,3
CTGCCGCGGCCCC,0,1
CTGCCGCTCCCTC,0,1
CTGCCGCTCCTGC,0,1
CTGCCGCTCTCCC,0,1
CTGCCGCTCTCTC,0,2
CTGCCGCTCTTCC,0,1
CTGCCGCTGCCGC,0,2
CTGCCGCTGTTCC,0,1
CTGCCGCTTTTGC,0,1
CTGCCGGCCGGGC,0,1
CTGCCGGGCCGCC,0,1
CTGCCGGGCCGGC,0,1
CTGCCGGGCCTGC,0,2
CTGCCGGGGCTTC,0,1
CTGCCGGGTGGGC,0,1
CTGCCGGTCGGGC,0,1
CTGCCGGTTCCTC,0,1
CTGCCGGTTTTGC,0,1
CTGCCGTGCGCGC,0,1
CTGCCGTTGTCGC,0,1
CTGCCGTTGTTGC,0,1
CTGCCGTTTCTGC,0,2
CTGCCTCCCCCTC,0,1
CTGCCTCCCGTGC,0,1
CTGCCTCCCTCTC,0,1
CTGCCTCCCTGCC,1,1
CTGCCTCCGCGCC,0,1
CTGCCTCCTCCTC,1,1
CTGCCTCCTCTGC,1,1
CTGCCTCCTGGCC,0,2
CTGCCTCCTGTCC,1,1
CTGCCTCGCCCGC,1,1
CTGCCTCGCCCTC,0,1
CTGCCTCGCTCCC,0,1
CTGCCTCGCTCTC,0,1
CTGCCTCGTCCCC,0,1
CTGCCTCTCCCTC,0,2
CTGCCTCTCCTCC,0,1
CTGCCTCTCGCCC,0,1
CTGCCTCTCGTTC,0,1
CTGCCTCTCTCTC,0,4
CTGCCTCTCTGCC,0,1
CTGCCTCTCTTTC,0,1
CTGCCTCTGCCTC,1,1
CTGCCTCTGTCCC,0,1
CTGCCTCTGTCTC,0,1
CTGCCTCTTTGCC,0,1
CTGCCTGCCCTGC,0,1
CTGCCTGCCTCTC,0,1
CTGCCTGCCTGCC,0,1
CTGCCTGCCTTGC,1,1
CTGCCTGCTCTGC,0,1
CTGCCTGCTGGGC,0,1
CTGCCTGCTGTCC,0,1
CTGCCTGGCCCTC,0,1
CTGCCTGGCGGTC,0,1
CTGCCTGGGCTCC,0,1
CTGCCTGGTCCTC,0,1
CTGCCTGGTGTTC,0,1
CTGCCTGTCCTGC,1,1
CTGCCTGTCTTGC,1,1
CTGCCTGTGCCTC,0,1
CTGCCTGTGCTCC,0,1
CTGCCTGTGTGTC,0,1
CTGCCTGTGTTGC,0,1
CTGCCTGTTCCCC,4,5
CTGCCTGTTCCTC,1,1
CTGCCTGTTGTTC,2,2
CTGCCTTCCTCTC,0,2
CTGCCTTCCTTCC,0,4
CTGCCTTCCTTGC,0,2
CTGCCTTCGCCTC,0,1
CTGCCTTCGTGTC,0,1
CTGCCTTCTCTCC,0,1
CTGCCTTCTTGCC,0,1
CTGCCTTGCTGTC,0,1
CTGCCTTGGTTGC,0,2
CTGCCTTGTGCCC,0,1
CTGCCTTGTGCTC,0,1
CTGCCTTTCCTGC,0,1
CTGCCTTTCTCTC,19,21
CTGCCTTTGCCCC,1,1
CTGCCTTTGGCTC,0,1
CTGCCTTTGGTTC,0,1
CTGCCTTTTCCCC,0,1
CTGCGCCCCCTCC,0,1
CTGCGCCCCCTGC,0,1
CTGCGCCCCCTTC,0,1
CTGCGCCCCGTCC,0,1
CTGCGCCCGGCTC,0,1
CTGCGCCCTGGGC,0,1
CTGCGCCGCGGGC,0,1
CTGCGCCGGCGGC,1,1
CTGCGCCGGCTCC,0,6
CTGCGCCGGGCCC,0,1
CTGCGCCTGCCCC,0,1
CTGCGCCTGCCTC,0,1
CTGCGCGCTTTGC,0,1
CTGCGCGGCGCGC,0,1
CTGCGCGGGTCCC,0,1
CTGCGCTCCCTTC,0,9
CTGCGCTCGCCCC,0,1
CTGCGCTCGCTGC,1,2
CTGCGCTCGGGCC,0,1
CTGCGCTCGTCGC,0,1
CTGCGCTCTCGTC,0,1
CTGCGCTCTTTCC,0,1
CTGCGCTGCCCTC,0,1
CTGCGGCCCCCGC,0,1
CTGCGGCCCCCTC,0,1
CTGCGGCCCGTTC,0,1
CTGCGGCCCTGTC,0,1
CTGCGGCCGGTTC,0,1
CTGCGGCCTCCTC,0,1
CTGCGGCCTCGCC,0,1
CTGCGGCCTTCTC,0,1
CTGCGGCGGCTGC,0,1
CTGCGGCGGGGCC,0,2
CTGCGGCTCCGTC,0,1
CTGCGGGCCCCGC,0,1
CTGCGGGCTGCGC,0,1
CTGCGGGCTTCGC,0,1
CTGCGGGGTCGGC,0,1
CTGCGGGGTGGTC,1,1
CTGCGGGTCGGCC,0,1
CTGCGGTCCTCTC,0,1
CTGCGGTCGCCTC,0,4
CTGCGGTGCCTTC,0,1
CTGCGGTGCTCTC,0,1
CTGCGGTGTGGTC,0,1
CTGCGGTTGCGGC,0,1
CTGCGGTTTTGGC,0,1
CTGCGTCCCCCCC,1,1
CTGCGTCCGCCCC,0,2
CTGCGTCCGTTGC,0,1
CTGCGTCCTCCTC,1,1
CTGCGTCCTTCCC,1,1
CTGCGTCGTCCTC,0,1
CTGCGTCGTCGTC,1,1
CTGCGTCGTTCCC,0,1
CTGCGTCTCTGGC,0,1
CTGCGTCTGCCCC,0,1
CTGCGTCTTCTGC,0,1
CTGCGTCTTCTTC,0,1
CTGCGTCTTTCTC,0,1
CTGCGTGCCCTTC,0,1
CTGCGTGGCTCCC,0,1
CTGCGTGGGCGCC,0,1
CTGCGTGGGTGGC,0,1
CTGCGTGTTGCTC,0,1
CTGCGTTCCTCTC,0,1
CTGCGTTCGCCGC,0,1
CTGCGTTCTCTCC,1,1
CTGCGTTGGGGTC,0,1
CTGCGTTGTTTGC,0,1
CTGCGTTTCTTTC,0,1
CTGCGTTTGGGGC,0,1
CTGCGTTTTGCTC,0,2
CTGCGTTTTGTTC,0,1
CTGCGTTTTTCGC,0,1
CTGCTCCCCCCGC,0,1
CTGCTCCCCCCTC,0,1
CTGCTCCCCCTCC,0,1
CTGCTCCCCCTGC,1,1
CTGCTCCCCTGCC,0,1
CTGCTCCCCTTTC,1,2
CTGCTCCCGCCCC,0,1
CTGCTCCCGCTGC,0,1
CTGCTCCCGGTCC,0,1
CTGCTCCCTCCTC,1,1
CTGCTCCCTCGTC,0,1
CTGCTCCCTGCTC,1,2
CTGCTCCCTGGCC,1,2
CTGCTCCCTTTCC,0,1
CTGCTCCGCCTCC,0,1
CTGCTCCGCGCGC,0,1
CTGCTCCGGCTGC,0,1
CTGCTCCTCCCCC,0,1
CTGCTCCTCCCTC,0,2
CTGCTCCTCGGCC,0,1
CTGCTCCTGCCCC,0,1
CTGCTCCTGCTCC,0,1
CTGCTCCTGCTGC,0,1
CTGCTCCTGGTGC,0,1
CTGCTCCTTGGCC,0,1
CTGCTCGCGCCGC,1,1
CTGCTCGCTCTGC,0,1
CTGCTCGGGCTCC,0,1
CTGCTCGGTTTCC,0,1
CTGCTCGTCGGCC,0,18
CTGCTCGTGCCGC,0,1
CTGCTCTCCCTTC,0,3
CTGCTCTCCTGCC,0,1
CTGCTCTCGCTCC,0,1
CTGCTCTCTCCCC,1,1
CTGCTCTGCTCCC,1,1
CTGCTCTGCTGCC,0,1
CTGCTCTGCTGTC,0,1
CTGCTCTGGCCCC,1,2
CTGCTCTGGCCGC,0,1
CTGCTCTGGCGCC,0,1
CTGCTCTGGGCCC,0,1
CTGCTCTGGTTGC,0,1
CTGCTCTGTCTTC,0,1
CTGCTCTGTGGGC,0,1
CTGCTCTTCCGCC,1,1
CTGCTCTTCCTTC,0,2
CTGCTCTTCTGCC,0,1
CTGCTCTTCTGTC,0,1
CTGCTCTTGGGGC,0,1
CTGCTCTTGTCCC,0,1
CTGCTCTTGTTTC,0,1
CTGCTCTTTCGGC,0,1
CTGCTCTTTTTCC,0,1
CTGCTGCCCCTCC,0,1
CTGCTGCCCCTTC,0,2
CTGCTGCCGCCGC,0,1
CTGCTGCCGCGTC,0,1
CTGCTGCCGGGTC,0,1
CTGCTGCCTGCCC,0,1
CTGCTGCCTGCGC,0,1
CTGCTGCCTGGTC,0,1
CTGCTGCCTTTCC,0,1
CTGCTGCGGCCCC,0,1
CTGCTGCGTCCCC,1,1
CTGCTGCGTCGTC,1,1
CTGCTGCTCCCTC,0,1
CTGCTGCTCCGGC,0,1
CTGCTGCTCCTCC,0,10
CTGCTGCTCCTGC,0,1
CTGCTGCTCTTTC,0,1
CTGCTGCTGCCGC,0,1
CTGCTGCTGCGCC,0,2
CTGCTGCTGCGTC,0,1
CTGCTGCTGCTCC,0,1
CTGCTGCTGCTGC,1,5
CTGCTGCTGTCTC,0,1
CTGCTGCTGTTGC,1,1
CTGCTGCTTCGTC,0,1
CTGCTGCTTCTCC,0,4
CTGCTGCTTCTGC,0,1
CTGCTGCTTTCCC,0,1
CTGCTGCTTTTCC,0,1
CTGCTGGCCTGCC,1,1
CTGCTGGCGCCCC,0,1
CTGCTGGCGTCCC,0,1
CTGCTGGGGCTCC,0,1
CTGCTGGGGCTGC,0,3
CTGCTGGGGCTTC,0,1
CTGCTGGGGGCTC,0,1
CTGCTGGTCCTCC,0,1
CTGCTGGTCTGGC,0,1
CTGCTGGTCTTCC,0,1
CTGCTGGTGCTCC,0,2
CTGCTGGTGGTCC,0,1
CTGCTGGTGGTGC,0,1
CTGCTGGTTCCCC,0,1
CTGCTGTCCTTCC,0,1
CTGCTGTCTCTCC,0,3
CTGCTGTCTGGGC,0,1
CTGCTGTCTGTCC,0,1
CTGCTGTGGCTGC,0,1
CTGCTGTGGGGTC,0,1
CTGCTGTGGTTGC,0,1
CTGCTGTGTCTGC,0,1
CTGCTGTTGCTGC,0,1
CTGCTGTTGGTTC,0,1
CTGCTGTTTCTTC,1,1
CTGCTTCCCGTCC,0,1
CTGCTTCCTCCCC,0,1
CTGCTTCCTCTCC,0,2
CTGCTTCCTTCTC,0,1
CTGCTTCCTTGTC,1,1
CTGCTTCGGCTCC,0,1
CTGCTTCTCCCTC,1,2
CTGCTTCTCCGCC,0,1
CTGCTTCTCTCTC,0,1
CTGCTTCTCTTCC,0,3
CTGCTTCTGCCTC,1,2
CTGCTTCTTGTGC,0,2
CTGCTTGCCTCCC,0,2
CTGCTTGCTCCTC,0,1
CTGCTTGGCCTCC,0,1
CTGCTTGGCCTGC,0,1
CTGCTTGGCTCCC,0,1
CTGCTTGGCTCTC,0,1
CTGCTTGGCTGCC,0,1
CTGCTTGGGTCCC,0,1
CTGCTTGTCGGCC,0,2
CTGCTTGTGCCCC,0,1
CTGCTTGTGGTTC,0,1
CTGCTTGTGTCCC,1,1
CTGCTTTCCCCCC,0,1
CTGCTTTCCTCTC,0,1
CTGCTTTCCTTCC,0,1
CTGCTTTCGTTCC,0,1
CTGCTTTCTCCTC,0,1
CTGCTTTCTCTGC,0,1
CTGCTTTCTGCTC,1,1
CTGCTTTGTTCGC,0,1
CTGCTTTTCCCCC,0,2
CTGCTTTTCTCCC,0,1
CTGCTTTTCTCTC,0,1
CTGCTTTTGCCTC,0,1
CTGCTTTTGTTGC,0,1
CTGCTTTTTGCGC,0,1
CTGCTTTTTGGCC,1,2
CTGCTTTTTGTGC,0,5
CTGCTTTTTTGCC,0,1
CTGGCCCCCGCCC,0,2
CTGGCCCCCTCCC,0,1
CTGGCCCCGCCTC,1,1
CTGGCCCCGGGGC,0,1
CTGGCCCCTGTTC,0,1
CTGGCCCGCTGCC,0,1
CTGGCCCTCCCTC,0,1
CTGGCCCTCCTGC,0,1
CTGGCCCTCGCCC,0,1
CTGGCCCTGCCTC,0,1
CTGGCCCTGCGCC,0,1
CTGGCCCTGGGGC,0,1
CTGGCCCTGGTCC,0,1
CTGGCCCTTGCCC,0,3
CTGGCCCTTTGCC,0,1
CTGGCCGCCCCTC,0,1
CTGGCCGCCGCGC,0,1
CTGGCCGCCGTCC,0,1
CTGGCCGGCTTTC,0,1
CTGGCCGTTTGCC,0,1
CTGGCCGTTTGGC,0,4
CTGGCCTCCCCCC,0,1
CTGGCCTCCGTCC,0,2
CTGGCCTCCTCCC,0,1
CTGGCCTCGGGCC,0,1
CTGGCCTCGGTCC,0,6
CTGGCCTCTCCTC,0,1
CTGGCCTCTTTTC,0,4
CTGGCCTGCCCCC,1,1
CTGGCCTGCTCTC,0,1
CTGGCCTGTCCCC,1,1
CTGGCCTGTGTCC,0,1
CTGGCCTGTTCTC,0,1
CTGGCCTTCTGTC,0,1
CTGGCCTTGCCTC,0,1
CTGGCCTTGGCCC,0,1
CTGGCCTTGGTCC,0,1
CTGGCCTTTGGGC,0,1
CTGGCGCCCCTGC,0,1
CTGGCGCCGTGCC,0,1
CTGGCGCCTCCTC,0,1
CTGGCGCGCGCCC,0,1
CTGGCGCTGCCGC,1,1
CTGGCGCTTGGGC,1,1
CTGGCGCTTTGTC,0,1
CTGGCGGCCGCCC,0,1
CTGGCGGCGTCGC,1,1
CTGGCGGGCGGGC,0,3
CTGGCGGGCTTTC,1,1
CTGGCGGGTCGCC,0,1
CTGGCGGTGTGCC,0,1
CTGGCGTCCCGCC,0,1
CTGGCGTGCGTGC,0,1
CTGGCGTTTCTTC,0,1
CTGGCTCCCTTTC,0,1
CTGGCTCCTTCGC,0,1
CTGGCTCGGTCGC,0,1
CTGGCTCGTCCCC,1,1
CTGGCTCTCTCTC,0,1
CTGGCTCTCTGTC,0,1
CTGGCTCTCTTTC,1,1
CTGGCTCTGGGGC,0,2
CTGGCTCTTCTTC,0,1
CTGGCTGCCCTGC,0,1
CTGGCTGCCGTCC,0,1
CTGGCTGCTCCTC,0,1
CTGGCTGGCCCTC,0,1
CTGGCTGGCTGGC,0,1
CTGGCTGGCTGTC,0,1
CTGGCTGGGCGGC,0,1
CTGGCTGGGTTTC,0,1
CTGGCTGTCTCCC,0,1
CTGGCTGTGCCGC,0,1
CTGGCTGTGCTCC,0,1
CTGGCTGTGGCCC,0,1
CTGGCTGTGTGGC,2,2
CTGGCTGTTGGCC,0,1
CTGGCTGTTTTCC,0,1
CTGGCTTCCCTCC,0,1
CTGGCTTCCGCCC,0,1
CTGGCTTCTCCCC,0,1
CTGGCTTCTCTGC,0,2
CTGGCTTGGCTCC,0,1
CTGGCTTGGCTTC,0,1
CTGGCTTTGCTGC,0,1
CTGGCTTTGCTTC,0,1
CTGGGCCCCCTGC,0,1
CTGGGCCCCTCTC,0,1
CTGGGCCCCTGTC,0,1
CTGGGCCCGTCTC,0,1
CTGGGCCCTCCCC,0,3
CTGGGCCCTCGCC,0,1
CTGGGCCCTCGGC,0,1
CTGGGCCCTGCTC,0,1
CTGGGCCCTTTCC,0,1
CTGGGCCGTGGGC,0,1
CTGGGCCTCCTCC,0,1
CTGGGCCTCCTGC,0,1
CTGGGCCTGCCCC,0,2
CTGGGCCTTCTGC,0,1
CTGGGCCTTGGCC,0,2
CTGGGCCTTTCTC,0,1
CTGGGCGCCTCTC,0,1
CTGGGCGCGCCCC,0,1
CTGGGCGGCTCCC,0,1
CTGGGCTCCGTCC,0,1
CTGGGCTCCTGCC,0,1
CTGGGCTCCTGTC,0,1
CTGGGCTCGCGGC,0,1
CTGGGCTCTTGGC,0,2
CTGGGCTGGGTCC,0,1
CTGGGCTGTGGGC,0,1
CTGGGCTTCGTGC,0,1
CTGGGCTTGGGCC,0,3
CTGGGGCCCCTCC,0,7
CTGGGGCCGCTGC,0,1
CTGGGGCCGGGCC,0,3
CTGGGGCCTTCCC,0,1
CTGGGGCGGGCGC,0,2
CTGGGGCGGGGGC,0,1
CTGGGGCTCCCGC,1,1
CTGGGGCTCCGGC,0,1
CTGGGGCTCGGGC,0,1
CTGGGGCTCTCCC,0,1
CTGGGGCTCTTTC,0,1
CTGGGGCTGCTGC,0,1
CTGGGGCTGGGTC,0,1
CTGGGGCTTCTCC,0,1
CTGGGGGGCCTCC,0,1
CTGGGGGGTCTCC,0,2
CTGGGGGGTTTTC,0,1
CTGGGGGTCGGTC,1,1
CTGGGGGTTCTCC,0,1
CTGGGGTCCCTCC,0,1
CTGGGGTCTCGCC,0,1
CTGGGGTCTGTGC,0,1
CTGGGGTGTGGGC,0,1
CTGGGTCCCGGGC,0,7
CTGGGTCCTCTGC,1,2
CTGGGTCCTGGCC,0,1
CTGGGTCGCCCCC,1,1
CTGGGTCGGGCTC,0,1
CTGGGTCTCCTCC,0,1
CTGGGTCTCCTTC,0,1
CTGGGTGCCTGTC,0,1
CTGGGTGCCTTGC,0,1
CTGGGTGGCGTTC,0,1
CTGGGTGGCTGGC,0,1
CTGGGTGGGGTCC,0,2
CTGGGTGTCGTCC,0,1
CTGGGTGTGGGGC,0,1
CTGGGTGTGTTTC,0,3
CTGGGTTCCCTTC,0,1
CTGGGTTCCTGTC,0,1
CTGGGTTCTGGGC,0,1
CTGGGTTGGGCGC,0,1
CTGGGTTGTGCTC,0,4
CTGGGTTTGGGTC,0,1
CTGGGTTTTCTCC,0,1
CTGGGTTTTTTCC,0,1
CTGGTCCCCGCGC,0,1
CTGGTCCGCTTGC,0,1
CTGGTCCTCCCGC,0,1
CTGGTCCTGCCGC,0,1
CTGGTCCTGGTGC,0,1
CTGGTCCTTGTCC,0,1
CTGGTCGCCGTTC,0,1
CTGGTCGCTCGTC,0,1
CTGGTCGTGTCGC,0,1
CTGGTCGTTGTCC,0,1
CTGGTCTCCGGGC,0,1
CTGGTCTGCTCCC,1,1
CTGGTCTGGCCGC,0,1
CTGGTCTGTGCCC,0,1
CTGGTCTGTGTCC,0,1
CTGGTCTTCTGGC,0,1
CTGGTCTTTGGCC,0,1
CTGGTGCCTTTCC,1,1
CTGGTGCGGCGGC,0,1
CTGGTGCTCTTTC,0,1
CTGGTGCTTTGGC,0,1
CTGGTGGCGGTCC,0,2
CTGGTGGCGTTCC,0,1
CTGGTGGCTGGCC,1,1
CTGGTGGGGCCTC,0,1
CTGGTGGGTTTCC,0,1
CTGGTGGTCTTCC,0,1
CTGGTGGTGCTGC,0,1
CTGGTGGTGGGCC,0,2
CTGGTGGTGGGGC,0,1
CTGGTGGTGGTCC,0,1
CTGGTGTCCGGCC,0,1
CTGGTGTGTGTGC,0,7
CTGGTGTTGGTGC,0,1
CTGGTGTTGTTTC,0,1
CTGGTTCCCCTCC,0,2
CTGGTTCCGGGGC,0,1
CTGGTTCCTTCGC,0,1
CTGGTTCCTTTCC,0,1
CTGGTTCGGTCCC,1,1
CTGGTTCTCCGCC,0,1
CTGGTTCTGTCCC,1,1
CTGGTTCTTCCGC,0,1
CTGGTTCTTGTTC,0,1
CTGGTTGCCTGGC,0,1
CTGGTTGGTGTTC,1,1
CTGGTTGTGCCGC,0,1
CTGGTTGTGGCCC,0,3
CTGGTTTCCTCTC,0,1
CTGGTTTCTGCCC,0,1
CTGGTTTTGGTCC,0,1
CTGGTTTTTGCTC,0,1
CTGGTTTTTTGGC,0,2
CTGTCCCCGCCTC,0,1
CTGTCCCCGGCCC,0,1
CTGTCCCCTCCTC,0,3
CTGTCCCCTGTCC,1,1
CTGTCCCGCTCGC,0,1
CTGTCCCGGCCCC,1,1
CTGTCCCGGGCCC,0,5
CTGTCCCGTTGGC,0,1
CTGTCCCTCGGCC,0,1
CTGTCCCTCTTGC,0,1
CTGTCCCTGCCCC,0,7
CTGTCCCTGCCTC,0,6
CTGTCCCTGCTCC,0,2
CTGTCCCTGCTGC,1,1
CTGTCCCTGGTGC,1,2
CTGTCCCTGTGTC,0,1
CTGTCCGCCCGTC,0,2
CTGTCCGCCTGGC,0,1
CTGTCCGCTGTCC,0,1
CTGTCCGGCTCCC,0,2
CTGTCCGGTTGGC,1,1
CTGTCCGTCTGCC,1,1
CTGTCCGTGGTTC,0,19
CTGTCCTCCCTGC,0,1
CTGTCCTCCTTTC,0,1
CTGTCCTCTCCCC,1,1
CTGTCCTGGCTGC,0,4
CTGTCCTGGGCCC,0,1
CTGTCCTGGGTCC,1,1
CTGTCCTGTCCTC,1,1
CTGTCCTTCCTCC,1,1
CTGTCCTTCCTTC,0,1
CTGTCCTTGCCCC,0,2
CTGTCCTTGCCTC,0,1
CTGTCCTTGCTGC,1,1
CTGTCCTTGGCCC,0,1
CTGTCCTTGGTGC,2,9
CTGTCGCCCTGCC,0,1
CTGTCGCCGCGCC,0,2
CTGTCGCCGTGCC,0,2
CTGTCGCGGCGGC,0,1
CTGTCGCGGCTCC,0,1
CTGTCGCTGCCTC,0,1
CTGTCGCTGTCGC,0,1
CTGTCGGCCCTCC,1,1
CTGTCGGCGCGTC,0,1
CTGTCGTTCGGCC,0,1
CTGTCGTTGTTGC,0,2
CTGTCGTTTTGTC,0,1
CTGTCTCCTCCCC,0,3
CTGTCTCCTCTCC,0,1
CTGTCTCCTCTGC,0,1
CTGTCTCCTGCCC,1,1
CTGTCTCGCTCTC,0,1
CTGTCTCGTCCCC,1,3
CTGTCTCTCTCTC,0,3
CTGTCTCTTCCTC,0,1
CTGTCTGCCTGTC,0,4
CTGTCTGCTCCCC,0,1
CTGTCTGGCTCCC,0,2
CTGTCTGGGTTTC,0,1
CTGTCTGTCCGCC,1,1
CTGTCTGTCCGTC,1,2
CTGTCTGTCTGTC,0,3
CTGTCTGTTCCCC,0,1
CTGTCTTCCCTCC,1,1
CTGTCTTCGTCTC,0,1
CTGTCTTCTCCCC,0,1
CTGTCTTCTCTGC,0,1
CTGTCTTGGCTGC,0,1
CTGTCTTTCCCTC,0,1
CTGTCTTTGCTGC,1,1
CTGTCTTTGGCCC,0,1
CTGTGCCCCTTTC,0,1
CTGTGCCCGCGGC,0,1
CTGTGCCCGCTCC,0,1
CTGTGCCCGCTGC,0,1
CTGTGCCCTCTGC,1,1
CTGTGCCGGGCGC,1,1
CTGTGCCTCGCGC,0,1
CTGTGCCTCGTCC,1,2
CTGTGCCTCTGTC,1,1
CTGTGCCTGCTGC,0,1
CTGTGCCTGGCCC,1,1
CTGTGCCTGGGGC,0,1
CTGTGCCTTCTGC,0,1
CTGTGCGCCGGCC,0,1
CTGTGCGCTGTGC,0,1
CTGTGCGGGGTTC,0,1
CTGTGCGTCCGCC,0,1
CTGTGCGTGCCGC,0,2
CTGTGCGTGTGCC,0,2
CTGTGCTCGTTGC,1,1
CTGTGCTCTCCGC,1,1
CTGTGCTCTCTCC,0,2
CTGTGCTCTGTCC,1,1
CTGTGCTGCTTCC,0,3
CTGTGCTGGGCGC,0,1
CTGTGCTGTGCCC,0,1
CTGTGCTGTGCGC,0,1
CTGTGCTGTTGGC,0,1
CTGTGCTGTTGTC,0,1
CTGTGCTTGGTTC,0,2
CTGTGCTTTGCTC,0,3
CTGTGGCCCTGGC,0,1
CTGTGGCCTCTGC,0,1
CTGTGGCCTGGCC,0,6
CTGTGGCGCCCCC,0,1
CTGTGGCTCCTGC,0,1
CTGTGGCTGCCGC,0,1
CTGTGGCTGCTCC,0,1
CTGTGGCTGTTTC,0,3
CTGTGGGCGTTCC,0,1
CTGTGGGCTTCCC,0,2
CTGTGGGGCCTCC,0,1
CTGTGGGGCTGCC,0,1
CTGTGGGTCGGCC,0,1
CTGTGGGTTGTGC,0,1
CTGTGGTCCGTGC,0,1
CTGTGGTCTGCGC,1,1
CTGTGGTCTTCGC,0,1
CTGTGGTCTTGCC,0,1
CTGTGGTGCTCTC,0,4
CTGTGGTGGTGGC,0,2
CTGTGGTGTCCTC,0,1
CTGTGGTTCTGTC,0,1
CTGTGGTTCTTTC,0,2
CTGTGGTTGTCGC,0,1
CTGTGGTTTTGGC,0,1
CTGTGGTTTTTGC,0,2
CTGTGTCCCCTGC,0,2
CTGTGTCCTCTCC,0,1
CTGTGTCGTGTCC,0,1
CTGTGTCTCTCTC,0,1
CTGTGTCTCTTCC,0,1
CTGTGTCTGGCCC,0,1
CTGTGTCTTCCTC,0,1
CTGTGTCTTGTCC,0,1
CTGTGTGGGCGCC,0,1
CTGTGTGGTGCTC,1,1
CTGTGTTCGGTTC,0,1
CTGTGTTGGCTCC,0,1
CTGTGTTTGCGGC,0,1
CTGTGTTTGGTTC,1,1
CTGTTCCCCCTGC,0,1
CTGTTCCCCGCCC,1,1
CTGTTCCCGCTGC,15,17
CTGTTCCCTCTCC,0,1
CTGTTCCGGTCGC,0,1
CTGTTCCTGCTTC,0,1
CTGTTCCTGGTGC,0,1
CTGTTCCTTTTCC,0,1
CTGTTCGCTCGCC,1,1
CTGTTCGGCGGCC,0,1
CTGTTCGTGCCTC,0,2
CTGTTCTCCTCGC,1,1
CTGTTCTCCTGGC,0,1
CTGTTCTCTCCCC,1,1
CTGTTCTCTCGCC,1,1
CTGTTCTCTCTCC,0,1
CTGTTCTCTGTCC,0,3
CTGTTCTGTTGCC,1,1
CTGTTCTGTTTGC,0,1
CTGTTCTTCTTTC,0,1
CTGTTCTTGCTTC,0,1
CTGTTCTTGGTTC,0,1
CTGTTCTTTCCTC,0,2
CTGTTCTTTTCTC,0,2
CTGTTGCCCCCTC,0,1
CTGTTGCCGCCGC,0,1
CTGTTGCCTCGTC,0,1
CTGTTGCGCGGTC,0,1
CTGTTGCGGTGTC,0,1
CTGTTGCGTTTTC,0,1
CTGTTGCTGCCGC,0,1
CTGTTGCTGCTGC,0,1
CTGTTGCTGGCGC,1,1
CTGTTGCTTCTGC,0,1
CTGTTGCTTGTTC,0,1
CTGTTGGCGGCCC,0,1
CTGTTGGGCTCCC,0,1
CTGTTGGTGTGGC,0,1
CTGTTGTGGCTGC,0,1
CTGTTGTGTGTGC,0,1
CTGTTGTTCTGGC,0,1
CTGTTGTTGTTGC,0,1
CTGTTGTTTGGCC,0,2
CTGTTGTTTTGGC,0,2
CTGTTTCCCCTCC,0,1
CTGTTTCCGCTTC,0,1
CTGTTTCCGTTCC,0,1
CTGTTTCCTGGCC,0,1
CTGTTTCCTGTCC,0,1
CTGTTTCGTGCGC,0,3
CTGTTTCTCCGCC,0,1
CTGTTTCTCTCTC,0,1
CTGTTTCTGGCCC,0,1
CTGTTTCTGTGTC,0,2
CTGTTTCTTTGCC,0,1
CTGTTTGTCTTCC,0,1
CTGTTTGTGTTGC,1,1
CTGTTTGTTGTTC,0,1
CTGTTTGTTTTCC,0,1
CTGTTTTCCTCTC,0,1
CTGTTTTCGCTGC,0,1
CTGTTTTGGCCCC,0,1
CTGTTTTGGCTTC,0,1
CTGTTTTGTTTGC,0,1
CTGTTTTTGTCTC,0,1
CTGTTTTTGTTTC,0,1
CTGTTTTTTCTTC,0,1
CTGTTTTTTTTTC,0,2
CTTCCCCCCTCTC,1,1
CTTCCCCCGCTCC,0,1
CTTCCCCCTCCCC,0,1
CTTCCCCCTCCTC,0,1
CTTCCCCCTCTCC,0,1
CTTCCCCGCTGTC,1,1
CTTCCCCGGCCCC,0,1
CTTCCCCGGCCTC,0,1
CTTCCCCGGGGGC,0,1
CTTCCCCTCCCGC,0,1
CTTCCCCTCTCTC,0,1
CTTCCCCTGCCCC,1,1
CTTCCCCTTCCGC,0,1
CTTCCCCTTCTTC,0,1
CTTCCCGCCCTCC,0,2
CTTCCCGCCCTTC,0,1
CTTCCCGCTGTGC,0,1
CTTCCCGGCCGGC,0,1
CTTCCCGGGCCTC,0,1
CTTCCCGTCCTGC,0,3
CTTCCCGTCCTTC,1,1
CTTCCCGTCTCTC,1,1
CTTCCCGTTCTGC,0,6
CTTCCCTCCCCTC,0,2
CTTCCCTCCCTCC,0,1
CTTCCCTCCCTTC,0,1
CTTCCCTCCGCCC,0,4
CTTCCCTCCTGCC,1,1
CTTCCCTCCTGGC,0,1
CTTCCCTCTCCTC,2,2
CTTCCCTCTCTCC,0,1
CTTCCCTCTCTTC,0,1
CTTCCCTCTGGGC,1,1
CTTCCCTCTTCCC,1,1
CTTCCCTCTTTCC,0,1
CTTCCCTCTTTGC,1,1
CTTCCCTGCGGCC,0,1
CTTCCCTGCTCTC,0,1
CTTCCCTGGCCCC,1,1
CTTCCCTGGCCTC,0,1
CTTCCCTGGCTCC,1,1
CTTCCCTGGTCTC,0,1
CTTCCCTGGTTGC,0,1
CTTCCCTTCCCCC,0,1
CTTCCCTTCTGCC,0,1
CTTCCCTTCTGGC,0,1
CTTCCCTTCTTCC,0,1
CTTCCCTTGCTGC,0,1
CTTCCCTTTCTGC,0,1
CTTCCGCCCCTCC,0,1
CTTCCGCGGCGCC,0,1
CTTCCGCGTGTGC,0,1
CTTCCGCTTCCTC,0,1
CTTCCGGCGGTGC,0,1
CTTCCGGCTCCGC,0,1
CTTCCGGCTGCGC,0,1
CTTCCGGCTGTCC,1,1
CTTCCGGTTCTTC,0,1
CTTCCGTCTTCTC,0,1
CTTCCGTGGCTTC,0,1
CTTCCGTTTTTTC,0,1
CTTCCTCCCGCTC,1,1
CTTCCTCCCGGTC,0,1
CTTCCTCCCTCCC,0,2
CTTCCTCCCTCGC,0,1
CTTCCTCCGGTTC,0,1
CTTCCTCCGTCCC,0,2
CTTCCTCCTCCCC,1,2
CTTCCTCCTCCTC,0,4
CTTCCTCCTCTGC,1,1
CTTCCTCCTCTTC,0,16
CTTCCTCCTGCCC,0,1
CTTCCTCCTGTTC,0,1
CTTCCTCGGTTTC,0,1
CTTCCTCGTCCTC,0,1
CTTCCTCGTTCCC,1,1
CTTCCTCTCCTGC,0,1
CTTCCTCTCTGTC,1,1
CTTCCTCTGCTTC,0,1
CTTCCTCTTCCTC,2,3
CTTCCTCTTCTTC,1,3
CTTCCTCTTTTTC,0,1
CTTCCTGCCCCCC,0,1
CTTCCTGCCCTGC,0,2
CTTCCTGCCGCGC,0,1
CTTCCTGCGTCCC,0,1
CTTCCTGCTCTCC,1,1
CTTCCTGGCCTGC,0,9
CTTCCTGGCTCCC,9,20
CTTCCTGGCTTGC,0,1
CTTCCTGGGCTGC,1,1
CTTCCTGGGGCCC,0,2
CTTCCTGGGTGCC,0,1
CTTCCTGGTTCCC,0,1
CTTCCTGTCCGTC,0,1
CTTCCTGTGTGTC,0,1
CTTCCTGTTCTGC,0,5
CTTCCTTCCCCTC,0,1
CTTCCTTCCCTGC,0,1
CTTCCTTCCTCTC,0,1
CTTCCTTCCTTCC,0,1
CTTCCTTCGCTCC,0,1
CTTCCTTCTCCGC,0,1
CTTCCTTCTCCTC,4,5
CTTCCTTCTTCCC,1,1
CTTCCTTCTTCTC,0,1
CTTCCTTCTTGGC,0,1
CTTCCTTCTTTGC,0,1
CTTCCTTGCTGCC,0,1
CTTCCTTGGCTGC,0,1
CTTCCTTTCCCGC,1,1
CTTCCTTTCTTCC,0,1
CTTCCTTTCTTTC,0,1
CTTCCTTTGCCTC,0,1
CTTCCTTTGGCTC,0,1
CTTCCTTTTGGTC,1,1
CTTCCTTTTTCGC,0,4
CTTCGCCCCCGCC,0,1
CTTCGCCCTTGTC,0,1
CTTCGCCGCCGCC,0,1
CTTCGCCTGCCTC,0,1
CTTCGCCTGCTTC,0,1
CTTCGCCTGTGGC,0,2
CTTCGCCTTCCTC,0,1
CTTCGCCTTCGCC,0,1
CTTCGCCTTCTCC,0,1
CTTCGCCTTCTTC,0,1
CTTCGCTGCCTTC,0,2
CTTCGCTGTGGCC,0,1
CTTCGCTTGCTGC,0,1
CTTCGCTTGTCGC,1,1
CTTCGCTTTCTTC,0,2
CTTCGGCCCCGCC,1,2
CTTCGGCCCTTCC,0,1
CTTCGGCTTCTGC,0,1
CTTCGGGTCCGGC,0,1
CTTCGGGTCTCGC,1,1
CTTCGGGTTTTCC,0,3
CTTCGGGTTTTTC,0,2
CTTCGGTCTCTGC,0,1
CTTCGGTGCCTGC,0,1
CTTCGGTTTGTGC,1,1
CTTCGGTTTGTTC,0,1
CTTCGGTTTTGCC,0,2
CTTCGTCGCCGCC,0,1
CTTCGTCGCTGTC,1,1
CTTCGTCGTCGTC,0,1
CTTCGTCGTCTTC,0,1
CTTCGTCTCTCTC,0,1
CTTCGTCTGTGGC,0,5
CTTCGTTCGTCGC,0,1
CTTCGTTGTCTGC,1,1
CTTCGTTTGCTTC,0,1
CTTCGTTTTGGTC,0,2
CTTCTCCCCCCTC,0,1
CTTCTCCCCGGCC,0,3
CTTCTCCCCGGGC,0,3
CTTCTCCCTTCCC,0,4
CTTCTCCCTTTCC,0,2
CTTCTCCTCCCCC,0,1
CTTCTCCTCCTCC,0,1
CTTCTCCTGTGTC,0,2
CTTCTCCTTCCGC,0,1
CTTCTCCTTCTCC,0,2
CTTCTCCTTTTTC,0,1
CTTCTCGCCCCTC,0,1
CTTCTCGCTGTCC,1,1
CTTCTCGGCCGGC,0,1
CTTCTCGGGGGCC,0,1
CTTCTCGGGTGCC,0,3
CTTCTCGGTGTCC,0,1
CTTCTCGGTTGGC,0,1
CTTCTCGTCTTCC,0,1
CTTCTCGTGGTGC,4,4
CTTCTCGTTGTCC,1,1
CTTCTCTCCTCCC,1,1
CTTCTCTCCTCTC,0,1
CTTCTCTCTCCCC,2,2
CTTCTCTCTCTCC,0,1
CTTCTCTCTTCTC,0,1
CTTCTCTCTTGGC,0,4
CTTCTCTCTTTCC,1,1
CTTCTCTGCCCTC,0,1
CTTCTCTGCCTCC,0,1
CTTCTCTGCGGGC,0,1
CTTCTCTGCTCGC,1,1
CTTCTCTGCTGTC,1,1
CTTCTCTGCTTCC,0,1
CTTCTCTGGCGCC,0,1
CTTCTCTGGTTCC,0,1
CTTCTCTGTGCTC,0,1
CTTCTCTTCCCTC,0,1
CTTCTCTTCCTCC,0,1
CTTCTCTTCTCCC,3,4
CTTCTCTTTGCGC,0,1
CTTCTCTTTGGCC,1,1
CTTCTGCCGGCGC,0,1
CTTCTGCCTGTCC,1,1
CTTCTGCGTGCTC,0,1
CTTCTGCTCCTGC,0,2
CTTCTGCTCTGTC,0,1
CTTCTGCTGCTGC,0,1
CTTCTGCTGTCTC,1,1
CTTCTGCTTCCTC,0,1
CTTCTGCTTCTCC,1,2
CTTCTGCTTCTTC,1,1
CTTCTGCTTGCCC,0,1
CTTCTGGGCTTGC,0,1
CTTCTGGTGGGGC,0,1
CTTCTGGTGTCTC,0,1
CTTCTGTCCTCCC,1,1
CTTCTGTCGGCTC,0,1
CTTCTGTGCCCCC,1,1
CTTCTGTGCCGGC,0,1
CTTCTGTGCTCTC,0,1
CTTCTGTGGTGGC,0,1
CTTCTGTGTGCTC,0,1
CTTCTGTTCCTGC,0,1
CTTCTTCCCCTCC,0,1
CTTCTTCCCTTGC,0,1
CTTCTTCCCTTTC,0,1
CTTCTTCCGCGGC,0,1
CTTCTTCCGGTTC,0,1
CTTCTTCCGTCCC,0,1
CTTCTTCCTCTTC,2,2
CTTCTTCCTGCCC,1,2
CTTCTTCCTGGCC,0,1
CTTCTTCCTTCCC,0,1
CTTCTTCCTTTCC,1,6
CTTCTTCGCTTTC,0,1
CTTCTTCGTCCTC,0,1
CTTCTTCGTCGTC,0,1
CTTCTTCTCCTTC,0,1
CTTCTTCTCGTCC,0,1
CTTCTTCTCTGCC,0,1
CTTCTTCTGGGTC,1,1
CTTCTTCTGTGCC,0,1
CTTCTTCTTCCTC,0,1
CTTCTTCTTCGTC,0,1
CTTCTTCTTCTCC,0,1
CTTCTTCTTCTTC,1,7
CTTCTTCTTGTCC,0,1
CTTCTTCTTGTGC,0,1
CTTCTTCTTTCCC,0,1
CTTCTTCTTTTTC,0,1
CTTCTTGCCTCTC,0,1
CTTCTTGCCTTCC,0,2
CTTCTTGCTCTTC,0,1
CTTCTTGCTGCGC,1,1
CTTCTTGCTGCTC,0,1
CTTCTTGCTTTTC,0,2
CTTCTTGGCCTCC,0,1
CTTCTTGGCTGTC,0,2
CTTCTTGGGTGCC,0,10
CTTCTTGGGTGTC,0,1
CTTCTTGTGCTGC,1,1
CTTCTTGTGTGCC,0,1
CTTCTTGTTCTTC,0,1
CTTCTTGTTGTCC,0,1
CTTCTTTCCCCTC,0,1
CTTCTTTCCTCCC,2,3
CTTCTTTCCTTGC,1,1
CTTCTTTCGTTTC,0,1
CTTCTTTCTCCTC,0,1
CTTCTTTCTGTTC,0,1
CTTCTTTCTTCTC,0,1
CTTCTTTCTTGGC,0,1
CTTCTTTGCCCTC,0,1
CTTCTTTGCGGTC,0,1
CTTCTTTGCTCGC,4,5
CTTCTTTGCTGCC,0,1
CTTCTTTGGCTGC,2,3
CTTCTTTGTTTCC,0,1
CTTCTTTTCCCCC,0,2
CTTCTTTTCTCTC,0,1
CTTCTTTTCTTGC,0,1
CTTCTTTTTCCCC,1,1
CTTCTTTTTCTTC,0,1
CTTCTTTTTGCTC,0,2
CTTCTTTTTTCTC,0,1
CTTCTTTTTTTTC,0,4
CTTGCCCCGTCCC,0,1
CTTGCCCCTGTGC,1,2
CTTGCCCGCCGCC,0,1
CTTGCCCGGGTGC,7,7
CTTGCCCGTCCTC,0,1
CTTGCCCTCCTGC,0,2
CTTGCCCTCTCCC,0,1
CTTGCCCTGGCTC,0,1
CTTGCCCTGTCCC,0,1
CTTGCCCTGTTCC,1,1
CTTGCCCTTCCTC,0,1
CTTGCCCTTCTCC,0,1
CTTGCCCTTGTGC,0,1
CTTGCCGCCGCGC,0,1
CTTGCCGCCGTCC,0,1
CTTGCCGCGCGGC,0,1
CTTGCCGGCCGGC,0,3
CTTGCCGGCCGTC,0,1
CTTGCCGGCGCTC,0,1
CTTGCCGGCGGGC,0,1
CTTGCCGGGGTGC,0,1
CTTGCCGGTGCGC,0,1
CTTGCCGTCGGCC,0,1
CTTGCCGTCTGGC,0,1
CTTGCCTCCCCTC,0,3
CTTGCCTCCGCTC,0,1
CTTGCCTCCTCTC,0,21
CTTGCCTCGTCGC,0,1
CTTGCCTCTTCTC,1,1
CTTGCCTCTTGTC,1,1
CTTGCCTGCCGCC,0,1
CTTGCCTGCGCTC,0,1
CTTGCCTGGGTGC,3,4
CTTGCCTGGTCCC,0,1
CTTGCCTGGTTTC,0,1
CTTGCCTGTGTCC,0,1
CTTGCCTTCCTTC,0,1
CTTGCCTTCGCGC,0,1
CTTGCCTTCTCTC,0,1
CTTGCCTTGGTGC,0,1
CTTGCCTTGTCCC,0,1
CTTGCCTTTTCTC,0,2
CTTGCCTTTTGCC,0,1
CTTGCGCCTTCCC,0,2
CTTGCGGCCCGCC,0,1
CTTGCGGCTTTCC,0,1
CTTGCGGGGCGGC,0,1
CTTGCGGGTTGGC,0,1
CTTGCGTCCCTCC,0,1
CTTGCGTCGTCTC,0,1
CTTGCGTCTTCCC,0,1
CTTGCTCCCCCCC,0,1
CTTGCTCCCCTGC,0,1
CTTGCTCCCTTTC,1,1
CTTGCTCCTCGGC,0,1
CTTGCTCCTGCTC,0,1
CTTGCTCCTGTGC,1,1
CTTGCTCTCCCGC,0,5
CTTGCTCTCCTGC,0,2
CTTGCTCTCTCGC,0,1
CTTGCTCTCTTCC,0,1
CTTGCTCTCTTTC,0,1
CTTGCTCTGCTCC,1,2
CTTGCTCTGGGGC,0,1
CTTGCTCTTCTTC,0,1
CTTGCTGCCGCTC,0,1
CTTGCTGCCTCTC,1,1
CTTGCTGCCTGGC,0,2
CTTGCTGCGCTCC,1,1
CTTGCTGCTCCCC,0,1
CTTGCTGGTTTCC,1,1
CTTGCTGTCCGTC,0,1
CTTGCTGTCTGGC,1,1
CTTGCTGTTTTGC,0,1
CTTGCTTCCTGCC,0,1
CTTGCTTCTTCTC,0,1
CTTGCTTCTTGCC,0,1
CTTGCTTGGCTTC,0,1
CTTGCTTGGTTTC,0,1
CTTGCTTTGCTGC,0,1
CTTGCTTTTTCTC,0,1
CTTGGCCCCTCTC,1,2
CTTGGCCCCTTGC,1,2
CTTGGCCCGCGGC,0,1
CTTGGCCGGTCCC,0,1
CTTGGCCTCCCTC,0,1
CTTGGCCTCCTGC,0,1
CTTGGCCTGCCTC,1,1
CTTGGCCTTCTTC,0,1
CTTGGCCTTGGCC,0,1
CTTGGCCTTGTCC,1,1
CTTGGCGTCGTTC,0,1
CTTGGCTCCCTCC,0,1
CTTGGCTCCCTTC,0,1
CTTGGCTCCGTGC,2,2
CTTGGCTCCTCGC,2,18
CTTGGCTCCTTGC,7,8
CTTGGCTCGCCGC,1,1
CTTGGCTCGGCTC,0,1
CTTGGCTCTCTTC,0,1
CTTGGCTCTGTCC,0,1
CTTGGCTGCCTCC,0,1
CTTGGCTGCGCGC,0,1
CTTGGCTGCTCCC,2,3
CTTGGCTGTCCGC,0,2
CTTGGCTGTGGCC,0,2
CTTGGCTTCCTGC,0,1
CTTGGCTTCTCTC,0,1
CTTGGCTTTGTTC,0,1
CTTGGGCCCCTCC,0,2
CTTGGGCCGGCTC,0,1
CTTGGGCCGGGCC,0,1
CTTGGGCCGTCGC,0,1
CTTGGGCGCCGGC,0,1
CTTGGGCTCTCCC,0,1
CTTGGGCTGGTGC,0,1
CTTGGGGCCTGCC,0,1
CTTGGGGTCTTTC,0,1
CTTGGGTCCCTGC,0,1
CTTGGGTCCCTTC,0,1
CTTGGGTCCTGTC,0,1
CTTGGGTCGTCTC,0,1
CTTGGGTCTTTCC,0,1
CTTGGGTGCCTTC,0,1
CTTGGGTGCTCGC,0,1
CTTGGGTGGGTTC,0,1
CTTGGGTGTCCTC,0,12
CTTGGGTGTCTTC,0,1
CTTGGGTTTTTCC,0,1
CTTGGGTTTTTTC,0,1
CTTGGTCCCTGGC,0,1
CTTGGTCTGTCTC,0,1
CTTGGTCTTTTGC,0,1
CTTGGTGCCCCTC,0,1
CTTGGTGCCTTCC,0,1
CTTGGTGCGGCCC,0,1
CTTGGTGGGCGTC,0,1
CTTGGTGTCGGTC,0,1
CTTGGTGTCTTGC,0,1
CTTGGTGTCTTTC,1,1
CTTGGTGTGCCCC,0,1
CTTGGTGTTTCCC,0,1
CTTGGTTCCGGCC,0,1
CTTGGTTCGCGGC,0,1
CTTGGTTCGTGCC,0,1
CTTGGTTGCCTGC,0,1
CTTGGTTGGCTGC,0,1
CTTGGTTGGGCTC,0,1
CTTGGTTGTTTTC,1,2
CTTGGTTTCCTCC,0,1
CTTGGTTTTGTGC,0,1
CTTGTCCCCTCGC,0,1
CTTGTCCCGGCGC,0,1
CTTGTCCCGTGTC,0,1
CTTGTCCGCGGCC,0,1
CTTGTCCGTCCGC,0,1
CTTGTCCTCCCCC,0,1
CTTGTCCTCGGGC,0,1
CTTGTCCTTGTTC,0,1
CTTGTCGCTCTGC,0,1
CTTGTCGTCGGCC,0,2
CTTGTCGTTTGGC,0,1
CTTGTCTCCCCTC,1,1
CTTGTCTCCCTGC,0,1
CTTGTCTCCCTTC,0,1
CTTGTCTGGGTCC,0,1
CTTGTCTTCCTTC,0,1
CTTGTCTTCTTTC,0,1
CTTGTCTTGGTGC,0,1
CTTGTCTTTGCGC,1,1
CTTGTCTTTGGCC,0,1
CTTGTGCCTGCGC,0,1
CTTGTGCGCCTTC,2,4
CTTGTGCGGCTTC,0,2
CTTGTGCTCCCCC,0,1
CTTGTGCTGTGTC,0,1
CTTGTGCTTTGGC,0,1
CTTGTGGGTTCTC,1,1
CTTGTGGTCTCTC,0,1
CTTGTGGTCTTTC,0,1
CTTGTGGTTGTTC,0,1
CTTGTGTGCTCTC,1,1
CTTGTGTGTCTGC,1,6
CTTGTGTTGTGTC,0,1
CTTGTGTTTTGGC,0,1
CTTGTTCCCTGTC,0,3
CTTGTTCCGTCTC,0,1
CTTGTTCCTCCTC,0,1
CTTGTTCCTCTGC,1,1
CTTGTTCCTCTTC,1,2
CTTGTTCCTGCTC,0,2
CTTGTTCCTGGGC,0,1
CTTGTTCCTTTCC,0,1
CTTGTTCTGGTTC,0,1
CTTGTTCTTTCTC,1,1
CTTGTTGCCCTTC,0,1
CTTGTTGCTGTTC,0,1
CTTGTTGCTTTCC,0,1
CTTGTTGGCCGTC,0,1
CTTGTTGGCGGGC,0,1
CTTGTTGGTGGCC,0,1
CTTGTTGGTTCTC,0,1
CTTGTTGTCGGCC,0,2
CTTGTTGTCTTTC,0,1
CTTGTTGTTCCTC,0,1
CTTGTTGTTCTTC,0,1
CTTGTTGTTGGGC,0,2
CTTGTTGTTGTCC,0,1
CTTGTTTCGCTTC,1,1
CTTGTTTGTGTGC,0,2
CTTGTTTGTGTTC,0,1
CTTGTTTTCCTTC,1,1
CTTGTTTTCTGGC,0,2
CTTGTTTTCTGTC,0,1
CTTGTTTTGTTCC,0,1
CTTGTTTTGTTGC,0,1
CTTGTTTTTCTCC,0,3
CTTGTTTTTGGGC,0,1
CTTGTTTTTGTTC,0,1
CTTGTTTTTTGTC,0,1
CTTTCCCCCCCCC,1,1
CTTTCCCCCCTGC,0,1
CTTTCCCCTCTTC,0,1
CTTTCCCCTTTTC,0,1
CTTTCCCGCTCTC,0,1
CTTTCCCGGCCGC,0,1
CTTTCCCGTCGTC,0,1
CTTTCCCTCTCTC,0,1
CTTTCCCTCTTCC,0,1
CTTTCCCTGCTTC,0,1
CTTTCCCTTCCTC,0,2
CTTTCCCTTGCCC,0,3
CTTTCCCTTTCTC,0,1
CTTTCCGCCTGCC,0,1
CTTTCCGCGGTGC,0,14
CTTTCCGCGGTTC,0,1
CTTTCCGCTCTTC,0,1
CTTTCCGTCCCGC,0,1
CTTTCCGTCGCCC,1,1
CTTTCCGTGCGGC,0,2
CTTTCCGTTCTTC,0,1
CTTTCCGTTTCTC,0,1
CTTTCCTCCCGTC,2,4
CTTTCCTCCGCTC,0,1
CTTTCCTCCTCGC,0,1
CTTTCCTCCTTCC,0,1
CTTTCCTCTCCCC,0,1
CTTTCCTCTGGTC,0,1
CTTTCCTCTTGTC,0,2
CTTTCCTCTTTTC,0,1
CTTTCCTGCCCTC,0,1
CTTTCCTGTCCGC,1,1
CTTTCCTGTCGTC,0,1
CTTTCCTGTCTCC,0,1
CTTTCCTTTCTTC,0,1
CTTTCCTTTTTTC,0,1
CTTTCGCGTGGGC,0,1
CTTTCGCTGGGCC,0,2
CTTTCGCTTGCCC,0,1
CTTTCGGTGCCTC,0,1
CTTTCGTCTTTTC,1,1
CTTTCGTGTGTGC,0,2
CTTTCTCCCCCCC,0,1
CTTTCTCCCTCTC,0,2
CTTTCTCCCTTTC,0,2
CTTTCTCCGTCTC,0,1
CTTTCTCCTCTGC,0,1
CTTTCTCCTGCTC,0,1
CTTTCTCCTTTTC,0,2
CTTTCTCGCGTTC,0,1
CTTTCTCGCTCTC,0,1
CTTTCTCGCTTCC,0,1
CTTTCTCGCTTTC,0,1
CTTTCTCGTTTCC,0,1
CTTTCTCTCCCTC,0,3
CTTTCTCTCCTCC,0,1
CTTTCTCTCCTTC,0,1
CTTTCTCTCTCCC,0,2
CTTTCTCTCTTCC,0,6
CTTTCTCTCTTTC,0,2
CTTTCTCTGCTCC,0,1
CTTTCTCTGCTGC,0,1
CTTTCTCTTCCCC,0,4
CTTTCTCTTGCCC,0,1
CTTTCTCTTGGGC,0,1
CTTTCTCTTTCCC,1,1
CTTTCTCTTTCTC,0,1
CTTTCTGCCTCGC,0,1
CTTTCTGCTCTGC,0,1
CTTTCTGCTTCTC,0,1
CTTTCTGGGGCTC,0,3
CTTTCTGTCTGTC,0,1
CTTTCTGTGCTTC,0,1
CTTTCTGTGTCGC,0,1
CTTTCTGTTCTTC,0,1
CTTTCTTCCCGCC,0,2
CTTTCTTCCCTCC,1,3
CTTTCTTCCCTTC,0,1
CTTTCTTCCTCTC,0,1
CTTTCTTCCTGGC,0,1
CTTTCTTCCTTCC,0,1
CTTTCTTCCTTTC,0,1
CTTTCTTCGTTCC,0,1
CTTTCTTCTCCTC,0,1
CTTTCTTCTGGTC,0,1
CTTTCTTCTTTTC,0,1
CTTTCTTGCTGCC,0,1
CTTTCTTGTGGTC,0,2
CTTTCTTGTTTGC,0,1
CTTTCTTTCCGGC,0,2
CTTTCTTTCCGTC,0,1
CTTTCTTTCTCGC,0,1
CTTTCTTTCTTGC,0,1
CTTTCTTTGTCCC,0,1
CTTTCTTTGTTTC,0,1
CTTTCTTTTTTTC,1,1
CTTTGCCCCTTGC,0,1
CTTTGCCCGTGTC,0,3
CTTTGCCCTCTGC,1,1
CTTTGCCCTTGGC,0,1
CTTTGCCGCTGTC,0,1
CTTTGCCTCTTCC,0,1
CTTTGCCTGTGGC,0,1
CTTTGCCTGTTTC,0,1
CTTTGCCTTCGCC,1,1
CTTTGCCTTTTTC,0,1
CTTTGCGCCGGCC,0,1
CTTTGCGCTTTTC,0,1
CTTTGCGTGTTGC,1,1
CTTTGCGTTTCTC,0,2
CTTTGCTCCTGCC,0,1
CTTTGCTCCTGGC,0,1
CTTTGCTCGCGTC,0,1
CTTTGCTCGGTTC,0,1
CTTTGCTGCCTGC,0,1
CTTTGCTGCCTTC,0,1
CTTTGCTGTCTTC,0,1
CTTTGCTGTGGCC,0,1
CTTTGCTTGGCCC,0,1
CTTTGCTTGTGGC,0,1
CTTTGGCCCCCTC,0,1
CTTTGGCCCTGCC,0,1
CTTTGGCCCTGTC,0,1
CTTTGGCCGGGTC,1,1
CTTTGGCGGCGGC,0,1
CTTTGGCGTGGGC,0,1
CTTTGGCTGGGCC,0,1
CTTTGGCTTCGTC,0,1
CTTTGGGCCCTCC,0,1
CTTTGGGCTCTCC,0,1
CTTTGGGCTGGTC,0,1
CTTTGGGCTTTGC,0,1
CTTTGGGTTTTTC,0,1
CTTTGGTCTCCGC,0,1
CTTTGGTCTGCGC,0,1
CTTTGGTGTCTTC,0,1
CTTTGGTTTTCTC,0,1
CTTTGTCCCCTCC,1,2
CTTTGTCCGCTTC,0,1
CTTTGTCCGTCTC,0,1
CTTTGTCGGCTCC,0,1
CTTTGTCGGTTCC,0,1
CTTTGTCGTCTGC,0,1
CTTTGTCTCGTGC,0,1
CTTTGTCTGTGGC,0,1
CTTTGTCTGTTTC,0,1
CTTTGTCTTTGCC,1,1
CTTTGTGCCTGTC,1,1
CTTTGTGCTGTCC,0,1
CTTTGTGCTTCTC,1,1
CTTTGTGGCTTGC,0,1
CTTTGTGGGTCCC,0,1
CTTTGTGTCGGCC,0,1
CTTTGTGTTCTTC,0,3
CTTTGTTCCTCCC,0,1
CTTTGTTCCTTCC,1,1
CTTTGTTCTCTGC,1,1
CTTTGTTCTGCTC,0,1
CTTTGTTCTGTTC,0,1
CTTTGTTCTTGGC,0,1
CTTTGTTCTTTTC,0,1
CTTTGTTGCCTCC,0,1
CTTTGTTGCTTGC,0,1
CTTTGTTGGCTCC,0,5
CTTTGTTGTCTTC,0,1
CTTTGTTTCTGTC,0,1
CTTTGTTTCTTTC,0,2
CTTTGTTTTTGTC,0,1
CTTTTCCCCTCTC,0,1
CTTTTCCCGCGCC,0,1
CTTTTCCCTGTCC,0,1
CTTTTCCGCCTTC,0,1
CTTTTCCGGCGGC,0,1
CTTTTCCGTTTCC,0,1
CTTTTCCTCCTTC,0,1
CTTTTCCTCTCCC,0,1
CTTTTCCTGGTCC,0,1
CTTTTCCTTCCTC,0,1
CTTTTCGCTCGTC,1,1
CTTTTCGCTTTGC,1,1
CTTTTCGGCTTCC,0,1
CTTTTCGTTGTTC,0,1
CTTTTCTCCCTGC,0,1
CTTTTCTCCCTTC,0,1
CTTTTCTCTCTCC,1,1
CTTTTCTCTGTTC,0,1
CTTTTCTCTTCCC,0,1
CTTTTCTGCCGTC,1,1
CTTTTCTTCCCCC,1,1
CTTTTCTTCCTGC,0,1
CTTTTCTTCTGGC,0,1
CTTTTCTTGCTTC,0,1
CTTTTCTTGTCGC,0,1
CTTTTCTTGTGTC,0,1
CTTTTCTTTCCTC,0,1
CTTTTCTTTTCTC,0,1
CTTTTCTTTTTCC,0,1
CTTTTCTTTTTTC,0,3
CTTTTGCCCTCTC,0,5
CTTTTGCCGTCGC,0,1
CTTTTGCCTCTTC,0,1
CTTTTGCGGCTTC,0,1
CTTTTGCTGCCCC,0,1
CTTTTGCTTCTTC,0,1
CTTTTGGCTCCGC,0,1
CTTTTGGCTCGGC,0,1
CTTTTGGTCCCTC,9,10
CTTTTGGTCCGGC,0,1
CTTTTGGTCCTCC,0,1
CTTTTGGTCGCTC,0,1
CTTTTGGTCTGTC,0,1
CTTTTGGTCTTCC,0,1
CTTTTGGTGGGTC,0,1
CTTTTGTCCCTGC,0,1
CTTTTGTCTTTTC,0,1
CTTTTGTGCTCTC,0,1
CTTTTGTGGTGGC,0,1
CTTTTGTGTGCTC,0,3
CTTTTGTTTCCTC,0,2
CTTTTTCCCCCTC,0,3
CTTTTTCCCTTCC,0,1
CTTTTTCCCTTGC,0,1
CTTTTTCCCTTTC,2,11
CTTTTTCCTGCCC,1,1
CTTTTTCCTGTCC,0,1
CTTTTTCCTTTGC,0,1
CTTTTTCGCCCTC,0,12
CTTTTTCGGGCTC,0,1
CTTTTTCTCCTGC,0,1
CTTTTTCTGCCTC,0,1
CTTTTTCTGTTTC,0,1
CTTTTTCTTCTTC,0,3
CTTTTTCTTTCTC,0,1
CTTTTTGCCCCTC,0,1
CTTTTTGCTCGTC,19,22
CTTTTTGCTTCCC,0,1
CTTTTTGTCCTTC,0,1
CTTTTTGTCGGCC,0,2
CTTTTTGTCTCTC,0,1
CTTTTTGTTCCTC,0,1
CTTTTTGTTCGTC,5,6
CTTTTTGTTCTTC,0,1
CTTTTTGTTTCCC,0,1
CTTTTTTCCTCTC,0,1
CTTTTTTGCTCTC,0,1
CTTTTTTGGTGTC,0,1
CTTTTTTGTGTTC,0,1
CTTTTTTTCGTCC,0,1
CTTTTTTTCTCTC,0,1
CTTTTTTTCTTTC,0,1
CTTTTTTTGGGTC,0,1
CTTTTTTTGTTGC,0,1
CTTTTTTTTCCCC,0,1
CTTTTTTTTCCTC,0,1
CTTTTTTTTCTCC,0,1
CTTTTTTTTTCGC,0,1
CTTTTTTTTTCTC,0,3
CTTTTTTTTTGCC,0,3
CTTTTTTTTTTCC,1,1
CTTTTTTTTTTTC,0,3
GAAAAAAAAAAAA,0,5
GAAAAAAAAAAAC,0,4
GAAAAAAAAAACC,0,2
GAAAAAAAAAAGA,0,1
GAAAAAAAAAAGC,0,1
GAAAAAAAAACCA,0,1
GAAAAAAAAACCC,0,1
GAAAAAAAAAGAA,0,8
GAAAAAAAAAGGA,0,2
GAAAAAAAACAAA,0,1
GAAAAAAAACAAC,0,1
GAAAAAAAACCAC,0,3
GAAAAAAAACCCC,0,1
GAAAAAAAAGAAA,0,2
GAAAAAAAAGAGA,0,1
GAAAAAAAAGCAA,0,1
GAAAAAAACAAGA,1,1
GAAAAAAACCAAA,0,1
GAAAAAAACGGAA,0,1
GAAAAAAAGAAAA,0,1
GAAAAAAAGAAAC,0,1
GAAAAAAAGAACA,0,2
GAAAAAAAGAGCA,0,1
GAAAAAAAGAGGC,0,1
GAAAAAAAGGCGA,0,1
GAAAAAACAAACC,0,2
GAAAAAACAACGC,0,1
GAAAAAACAAGGA,0,1
GAAAAAACACAGA,0,1
GAAAAAACCAAAA,0,1
GAAAAAACCACCA,0,1
GAAAAAACCCAGA,0,2
GAAAAAACCCCAA,0,1
GAAAAAACCCGAA,0,2
GAAAAAACCGAGA,0,1
GAAAAAACCGGCA,0,2
GAAAAAACGAGAC,0,2
GAAAAAAGAAAAA,0,2
GAAAAAAGAAGGA,0,1
GAAAAAAGAGGAA,0,1
GAAAAAAGCCCCC,0,1
GAAAAAAGCGGAC,0,1
GAAAAACAAAAAA,0,1
GAAAAACAAAAAC,0,1
GAAAAACAAAACA,0,1
GAAAAACAAAACC,0,1
GAAAAACAACGGA,1,1
GAAAAACAAGAAA,0,1
GAAAAACAAGCAA,0,1
GAAAAACACGAAC,0,1
GAAAAACAGAAAA,0,1
GAAAAACAGAGAA,0,6
GAAAAACAGCAAA,0,1
GAAAAACAGGAAA,0,1
GAAAAACAGGACA,0,5
GAAAAACCAAAAA,0,1
GAAAAACCAGAAC,0,4
GAAAAACCAGAGA,0,1
GAAAAACCAGGCA,0,1
GAAAAACCCAAAC,0,4
GAAAAACCCAGAC,0,2
GAAAAACCCGAAC,1,3
GAAAAACCGGAAC,0,1
GAAAAACCGGCCC,0,1
GAAAAACGAAAGA,0,1
GAAAAACGAACCA,0,1
GAAAAACGCCCAC,0,1
GAAAAACGGCCCA,0,1
GAAAAACGGCGAC,0,1
GAAAAAGAAAAAA,0,2
GAAAAAGAAAAAC,0,1
GAAAAAGAAAACA,0,1
GAAAAAGAAAAGA,0,2
GAAAAAGAAAGAC,0,1
GAAAAAGAAAGGC,0,1
GAAAAAGAACAAA,0,1
GAAAAAGAAGAAA,0,1
GAAAAAGAAGAGA,0,1
GAAAAAGACAACA,0,1
GAAAAAGACCACC,0,2
GAAAAAGACGACA,0,1
GAAAAAGAGAAGA,0,2
GAAAAAGAGAGCC,0,1
GAAAAAGAGCGCA,0,1
GAAAAAGAGGAGA,1,1
GAAAAAGAGGGGA,0,1
GAAAAAGCAAAAC,0,1
GAAAAAGCAAGGA,0,1
GAAAAAGCCCAGA,0,2
GAAAAAGCGCCGC,0,1
GAAAAAGGAAAAA,0,1
GAAAAAGGAAACA,0,1
GAAAAAGGACAAA,0,1
GAAAAAGGCAACA,1,1
GAAAAAGGCACGC,0,1
GAAAAAGGCGGGA,1,3
GAAAACAAACAAA,0,1
GAAAACAAACAGA,0,1
GAAAACAAACGGA,0,1
GAAAACAAAGCCC,0,1
GAAAACAAAGCGC,0,8
GAAAACAACAAAA,0,1
GAAAACAACAACA,0,1
GAAAACAACAAGA,0,1
GAAAACAACCACA,0,1
GAAAACAAGAAGA,0,1
GAAAACAAGAGGC,0,1
GAAAACACAGCCC,0,1
GAAAACACAGGAA,0,1
GAAAACACCAAAC,1,1
GAAAACACCCAAA,0,1
GAAAACACGAAAA,0,1
GAAAACACGAACA,0,2
GAAAACACGACCC,0,1
GAAAACACGGAAA,0,3
GAAAACAGAGGGA,1,2
GAAAACAGCCAGA,0,1
GAAAACAGGCCCA,0,1
GAAAACAGGGGGC,0,3
GAAAACCAGAAAC,0,1
GAAAACCCAAACA,0,3
GAAAACCCACAAA,0,1
GAAAACCCCACGC,1,1
GAAAACCCGAACA,0,1
GAAAACCCGACGC,0,1
GAAAACCCGGCAC,0,1
GAAAACCCGGGGA,0,1
GAAAACCGAGAGA,0,1
GAAAACCGAGGAA,0,1
GAAAACGAAAAAC,0,1
GAAAACGAAACGA,0,2
GAAAACGAAGCGA,0,1
GAAAACGACGACA,1,1
GAAAACGACGCCA,0,1
GAAAACGAGAGAA,0,1
GAAAACGCACAAA,0,1
GAAAACGGAGAAC,0,1
GAAAACGGCACAA,0,1
GAAAACGGCGACC,0,1
GAAAACGGGAGCA,0,1
GAAAACGGGCAGC,0,2
GAAAACGGGCCGA,0,1
GAAAACGGGGCCC,0,1
GAAAAGAAAAAAA,0,1
GAAAAGAAAAAAC,0,2
GAAAAGAAAAAGC,0,1
GAAAAGAAAACAC,0,1
GAAAAGAAAACCA,0,1
GAAAAGAAAACCC,0,1
GAAAAGAAAAGAA,0,4
GAAAAGAAAAGCA,0,1
GAAAAGAAAAGGA,0,1
GAAAAGAAACCCA,0,1
GAAAAGAAAGAAA,0,2
GAAAAGAAAGCGC,0,14
GAAAAGAAAGGCC,0,1
GAAAAGAACACAA,0,1
GAAAAGAACAGAA,0,2
GAAAAGAACAGAC,0,1
GAAAAGAACGACA,0,1
GAAAAGAACGCAC,0,9
GAAAAGAACGCGC,0,4
GAAAAGAAGAAAA,0,1
GAAAAGAAGAACA,0,1
GAAAAGAAGAAGA,0,1
GAAAAGAAGAGAA,0,1
GAAAAGAAGAGGA,0,1
GAAAAGAAGGCGC,0,4
GAAAAGACAAACC,0,1
GAAAAGACAAGAA,0,1
GAAAAGACACAAA,0,1
GAAAAGACCCAGA,0,1
GAAAAGACGAAAA,0,1
GAAAAGAGAACGA,1,1
GAAAAGAGAAGGA,0,1
GAAAAGAGACAGA,1,1
GAAAAGAGAGAAC,0,1
GAAAAGAGCACCA,0,1
GAAAAGAGGAAAA,0,1
GAAAAGAGGGCCA,0,1
GAAAAGCACACAA,0,1
GAAAAGCACACAC,0,1
GAAAAGCACGCGC,0,1
GAAAAGCAGAAAA,0,1
GAAAAGCAGAGAC,0,1
GAAAAGCAGCCAA,0,1
GAAAAGCCAAAAC,0,1
GAAAAGCCAAGGC,0,1
GAAAAGCCACCGA,0,2
GAAAAGCCACGAC,0,1
GAAAAGCCCCGCC,0,1
GAAAAGCGAACAA,0,1
GAAAAGCGACAAC,0,1
GAAAAGCGACGGA,3,3
GAAAAGCGGCACC,0,1
GAAAAGCGGGGCC,1,1
GAAAAGGAAACGA,0,1
GAAAAGGAACCAC,0,2
GAAAAGGAAGAAC,0,1
GAAAAGGAAGAGA,1,1
GAAAAGGAAGGAA,0,1
GAAAAGGACCCCA,1,1
GAAAAGGACGGCA,1,1
GAAAAGGAGAAGA,0,1
GAAAAGGAGAGAA,0,1
GAAAAGGAGAGAC,0,1
GAAAAGGAGCAGC,0,1
GAAAAGGCAAAAC,0,1
GAAAAGGCACACC,1,1
GAAAAGGCAGCAA,0,1
GAAAAGGCCAAAC,1,1
GAAAAGGCGGGAA,0,1
GAAAAGGGAAAAA,0,1
GAAAAGGGACAGC,1,1
GAAAAGGGAGAGA,0,1
GAAAAGGGCCAAA,1,1
GAAAAGGGCCAAC,0,1
GAAAAGGGGCCGA,0,2
GAAAAGGGGGCGA,0,1
GAAACAAAAAGCA,0,1
GAAACAAAACGCA,1,1
GAAACAAAAGAAA,0,1
GAAACAAACACCA,0,1
GAAACAAAGAAAA,0,1
GAAACAAAGAAAC,0,2
GAAACAAAGAACA,0,1
GAAACAAAGAAGA,0,1
GAAACAAAGACAA,0,1
GAAACAAAGACGC,0,1
GAAACAAAGCACA,1,1
GAAACAACAAAAA,0,1
GAAACAACAACCA,0,2
GAAACAACCCAAC,0,2
GAAACAAGAGGGC,0,1
GAAACAAGCAGAA,0,1
GAAACAAGGAGCA,0,1
GAAACAAGGAGGA,0,1
GAAACACAAAAAC,0,1
GAAACACAAAGCA,2,2
GAAACACAACAAA,0,1
GAAACACAAGACC,0,1
GAAACACAAGCAA,0,1
GAAACACACAGAA,0,1
GAAACACACCGCC,0,1
GAAACACACGCCA,0,1
GAAACACCAAAAC,0,1
GAAACACCCCAGA,1,1
GAAACACGCAACA,0,1
GAAACAGAAAGAA,0,1
GAAACAGAACAGA,0,1
GAAACAGAACCAC,0,1
GAAACAGAAGAGA,1,1
GAAACAGAAGCCA,0,1
GAAACAGAGAAGC,1,1
GAAACAGAGACCC,0,1
GAAACAGCACCAC,0,1
GAAACAGCAGAGC,1,1
GAAACAGCCAACA,0,2
GAAACAGCCACAA,0,1
GAAACAGCCACCC,0,1
GAAACAGGAAAAA,0,2
GAAACAGGACAGA,0,1
GAAACAGGAGGGA,0,1
GAAACAGGCAACA,0,1
GAAACAGGCAGGC,1,1
GAAACAGGCGAGA,0,1
GAAACAGGGACCC,1,1
GAAACCAAACACA,0,1
GAAACCAAAGAGA,0,1
GAAACCAAAGCGC,0,3
GAAACCAACAGCA,0,1
GAAACCAAGAAAC,0,1
GAAACCAAGCACC,0,1
GAAACCACACAAC,0,1
GAAACCACACACA,0,5
GAAACCACGCACA,0,6
GAAACCAGCCGAC,0,1
GAAACCAGGGAGA,0,1
GAAACCAGGGGAA,0,1
GAAACCCAAAACC,0,1
GAAACCCAACCGA,0,1
GAAACCCACCAGA,0,1
GAAACCCAGACGA,0,2
GAAACCCAGAGCA,0,1
GAAACCCAGGACA,0,1
GAAACCCAGGACC,1,1
GAAACCCCAAGAA,0,1
GAAACCCCCAAAA,0,1
GAAACCCCGGCAA,0,1
GAAACCCGAACGA,0,3
GAAACCCGGCACA,0,1
GAAACCGAGCAGC,0,1
GAAACCGCCAGCA,0,1
GAAACCGCGCCAA,0,1
GAAACCGGCCAAA,0,1
GAAACCGGCGAAA,0,1
GAAACCGGGGCGA,0,1
GAAACGAACAAAA,0,1
GAAACGAACAAGA,0,1
GAAACGAAGCAAA,0,1
GAAACGAAGCAAC,0,1
GAAACGACCCGCC,0,1
GAAACGAGACAGA,0,1
GAAACGAGAGCCC,0,1
GAAACGAGCAAAA,0,1
GAAACGAGGAGGA,0,1
GAAACGCAAAGAA,0,3
GAAACGCAACGCA,0,1
GAAACGCAAGCCC,0,1
GAAACGCACCCAC,0,1
GAAACGCACGAGC,0,1
GAAACGCCAGACA,0,1
GAAACGCCCCAGA,0,1
GAAACGCCGAGCA,0,1
GAAACGCCGCAAA,0,1
GAAACGCCGCACA,0,1
GAAACGCGACCCA,0,1
GAAACGGAAAAGA,0,1
GAAACGGAAAGAA,0,1
GAAACGGAACAAA,0,1
GAAACGGACGAAC,0,1
GAAACGGAGCCAC,0,1
GAAACGGCAGAAA,0,2
GAAACGGCGGCAA,0,1
GAAACGGGAGAAC,0,1
GAAACGGGGAAAA,0,1
GAAAGAAAAAAAA,0,4
GAAAGAAAAAAGA,0,1
GAAAGAAAACAAA,0,12
GAAAGAAAACCCA,0,1
GAAAGAAAAGAAA,0,44
GAAAGAAAAGAAC,0,8
GAAAGAAAAGACA,0,1
GAAAGAAAAGCAA,0,4
GAAAGAAACAACC,0,1
GAAAGAAACCAAA,0,3
GAAAGAAACGAGC,0,1
GAAAGAAAGAACA,0,1
GAAAGAAAGAAGC,0,1
GAAAGAAAGACAA,0,1
GAAAGAAAGACGA,0,1
GAAAGAAAGAGCC,0,1
GAAAGAAAGCAAA,0,1
GAAAGAAAGGAAA,0,8
GAAAGAACAAAGA,0,5
GAAAGAACAACAA,0,1
GAAAGAACCAAGA,0,6
GAAAGAACCACAA,0,1
GAAAGAACGAACA,0,1
GAAAGAAGAAGAA,1,1
GAAAGAAGAAGCA,0,1
GAAAGAAGACAAA,0,1
GAAAGAAGACACA,0,1
GAAAGAAGAGAAA,0,7
GAAAGAAGCAAGC,0,1
GAAAGAAGGAAAC,0,1
GAAAGAAGGAGAA,0,1
GAAAGAAGGAGGA,0,1
GAAAGAAGGGAGC,1,1
GAAAGAAGGGGGC,0,1
GAAAGACAAACAA,1,1
GAAAGACAAAGGA,0,1
GAAAGACAAGGAA,0,1
GAAAGACACACGC,0,1
GAAAGACAGAAAC,0,1
GAAAGACAGAGGA,0,1
GAAAGACAGCGAC,1,1
GAAAGACAGGAAA,0,1
GAAAGACCCAAAA,0,1
GAAAGACCCACCC,0,1
GAAAGACCCGCGA,0,1
GAAAGACCGCAAA,0,1
GAAAGACCGCAGA,0,1
GAAAGACCGCGAC,0,1
GAAAGACGCAGAC,0,1
GAAAGACGCCAAA,1,1
GAAAGACGGCCAA,0,1
GAAAGAGAAAAAA,0,2
GAAAGAGAAAAGA,0,1
GAAAGAGAAACCC,0,1
GAAAGAGAAAGAA,1,2
GAAAGAGAACGAC,0,1
GAAAGAGAAGAGA,1,1
GAAAGAGAAGAGC,0,1
GAAAGAGACAGAC,0,2
GAAAGAGACGGAC,0,1
GAAAGAGAGACGC,0,1
GAAAGAGAGAGAA,0,5
GAAAGAGAGAGCC,0,1
GAAAGAGAGCACA,0,7
GAAAGAGAGGAAA,0,1
GAAAGAGCAACAA,0,1
GAAAGAGCACAGC,0,1
GAAAGAGCAGAGA,0,1
GAAAGAGCAGCCA,0,1
GAAAGAGCAGGGA,0,2
GAAAGAGCCAAGA,0,1
GAAAGAGCCAGAA,0,1
GAAAGAGCGACAC,0,1
GAAAGAGCGACCC,0,1
GAAAGAGCGAGAC,1,1
GAAAGAGGAAAAA,1,1
GAAAGAGGAAACA,0,1
GAAAGAGGAGAAA,0,1
GAAAGAGGAGAGA,0,4
GAAAGAGGAGCAC,0,1
GAAAGAGGAGGGA,0,1
GAAAGAGGCAAAA,0,1
GAAAGAGGCACCA,1,1
GAAAGAGGCAGAA,1,1
GAAAGAGGCCCAC,0,1
GAAAGAGGGAAGA,0,1
GAAAGAGGGCGGC,0,1
GAAAGAGGGGGCA,0,1
GAAAGAGGGGGGA,0,1
GAAAGCAAAAAAA,0,1
GAAAGCAAAGAAA,0,1
GAAAGCAAAGCGC,0,1
GAAAGCAAAGGGC,0,1
GAAAGCAACAAGA,0,1
GAAAGCAACACAA,0,1
GAAAGCAACAGGA,0,1
GAAAGCAAGACCC,0,1
GAAAGCAAGAGGC,0,1
GAAAGCAAGCAGA,0,1
GAAAGCAAGGCCA,0,1
GAAAGCAAGGGAC,0,1
GAAAGCACAAAGA,0,1
GAAAGCACAGGGA,0,1
GAAAGCACCGCGC,0,1
GAAAGCAGAAGAA,0,2
GAAAGCAGCGAGC,0,2
GAAAGCAGGAGCC,0,1
GAAAGCAGGCCAA,0,1
GAAAGCCAAAACA,0,1
GAAAGCCAAACCA,0,1
GAAAGCCAAGGCA,0,1
GAAAGCCAGAACA,0,1
GAAAGCCAGAGGC,0,1
GAAAGCCCAGGGC,0,2
GAAAGCCCGAGAA,0,2
GAAAGCCGAAAGC,0,1
GAAAGCCGAACGA,0,2
GAAAGCCGAGACC,0,1
GAAAGCCGAGGGA,0,1
GAAAGCCGCAAAC,0,1
GAAAGCCGGCCAA,0,2
GAAAGCGAACGGC,0,1
GAAAGCGAAGAAA,0,1
GAAAGCGCAGACA,0,1
GAAAGCGCCCGGA,0,1
GAAAGCGCGCCAA,0,1
GAAAGCGCGGGAA,0,1
GAAAGCGGAGGGC,0,1
GAAAGCGGCGAAA,0,1
GAAAGGAAAAAAA,0,1
GAAAGGAAAAACA,0,1
GAAAGGAAAAAGA,0,1
GAAAGGAAAAAGC,0,1
GAAAGGAAAACAA,0,1
GAAAGGAAAACAC,0,1
GAAAGGAAAAGGC,0,1
GAAAGGAAACACA,0,1
GAAAGGAAAGAAA,0,4
GAAAGGAAAGGAA,0,3
GAAAGGAAAGGGA,0,1
GAAAGGAACCAAA,0,2
GAAAGGAACCAGA,0,1
GAAAGGAAGAAAC,1,1
GAAAGGAAGAAGC,1,6
GAAAGGAAGGAAA,0,3
GAAAGGAAGGCGA,1,1
GAAAGGACACAGC,0,1
GAAAGGACAGCGC,0,1
GAAAGGACCAAAC,0,6
GAAAGGACCGAGC,0,1
GAAAGGACGAGAC,0,1
GAAAGGAGAAGAA,0,1
GAAAGGAGACAAA,0,2
GAAAGGAGACGAA,0,1
GAAAGGAGAGAAA,0,1
GAAAGGAGAGAGA,0,1
GAAAGGAGGCAAC,0,1
GAAAGGAGGCAGC,0,1
GAAAGGAGGCGCC,1,1
GAAAGGCACAAAA,0,1
GAAAGGCACCAGC,0,1
GAAAGGCCAAGGC,0,1
GAAAGGCGACCCA,0,1
GAAAGGCGAGAGA,0,1
GAAAGGCGCAAAA,0,1
GAAAGGCGCGCGA,0,1
GAAAGGCGCGCGC,0,1
GAAAGGGAAACGC,0,1
GAAAGGGAAAGAA,0,1
GAAAGGGAACAAC,1,1
GAAAGGGAACCCA,0,2
GAAAGGGAAGACC,0,1
GAAAGGGAAGAGC,0,1
GAAAGGGACGCGC,0,1
GAAAGGGAGAAGA,0,1
GAAAGGGAGAAGC,0,1
GAAAGGGAGCACA,0,2
GAAAGGGAGCCCC,0,1
GAAAGGGAGGGAA,0,1
GAAAGGGCCAGGA,0,1
GAAAGGGCCCACA,2,2
GAAAGGGCCCAGC,0,1
GAAAGGGCGAGAA,0,1
GAAAGGGCGCACC,0,1
GAAAGGGCGCCGA,0,1
GAAAGGGGAAGCA,0,1
GAAAGGGGAAGGA,0,1
GAAAGGGGACGAC,0,1
GAACAAAAAAAAA,1,8
GAACAAAAACCAA,0,2
GAACAAAAAGAGA,0,1
GAACAAAACAACA,0,1
GAACAAAACCAGA,0,1
GAACAAACAAAAA,0,1
GAACAAACAACCC,0,2
GAACAAACACAAA,0,1
GAACAAACACCGC,0,1
GAACAAACCCACA,0,1
GAACAAAGAAGAA,0,1
GAACAAAGACGCA,0,1
GAACAAAGCACAA,0,1
GAACAAAGCAGCA,0,2
GAACAAAGCCAAA,0,1
GAACAAAGGAGGA,0,3
GAACAACAACACC,0,1
GAACAACACCACA,0,1
GAACAACACGAAC,0,1
GAACAACCAAACA,0,1
GAACAACCGCCAA,1,1
GAACAAGAAAAAA,0,1
GAACAAGAAACGC,1,1
GAACAAGAACAGC,0,1
GAACAAGAGCAAC,0,8
GAACAAGAGCAGC,0,2
GAACAAGAGGAAC,0,1
GAACAAGCAGAGC,2,3
GAACAAGCCGGAA,0,1
GAACAAGGAAGAC,0,1
GAACAAGGACAGA,1,1
GAACAAGGAGGCA,1,1
GAACAAGGAGGGA,0,1
GAACAAGGCAAAA,0,1
GAACAAGGCAGCA,0,5
GAACACAAAAAAA,0,1
GAACACAAACACA,0,2
GAACACAAAGCAA,0,3
GAACACAAAGCCA,0,1
GAACACAACAACA,0,10
GAACACAACCAGA,0,1
GAACACAACGACA,0,9
GAACACAAGCAGC,0,1
GAACACACACAAA,0,1
GAACACACAGAGA,0,1
GAACACACCCGGC,0,1
GAACACACGAAGA,0,2
GAACACACGAGCA,0,1
GAACACAGCACCC,0,1
GAACACAGGCAGC,0,1
GAACACCAAAAGA,0,1
GAACACCAACAGA,0,1
GAACACCACGCAC,0,1
GAACACCAGGAGA,0,2
GAACACCCACAAA,0,4
GAACACGAAGAAA,0,1
GAACACGACAGAC,0,1
GAACACGAGCAAC,0,1
GAACACGAGGAGA,0,1
GAACACGGACACC,0,1
GAACACGGAGGAA,0,1
GAACAGAAAACGC,1,1
GAACAGAAACAAA,1,1
GAACAGAAACACA,0,1
GAACAGAAAGAAC,1,1
GAACAGAACAACA,0,1
GAACAGAACCAAA,0,1
GAACAGAACCACA,0,1
GAACAGAAGCAGA,1,1
GAACAGAAGCCAA,0,1
GAACAGAAGGAAC,0,1
GAACAGAAGGGGC,0,1
GAACAGACAGAGC,0,2
GAACAGACAGCAC,0,1
GAACAGACAGCGA,0,1
GAACAGACCCGGA,0,1
GAACAGAGAAAAA,0,1
GAACAGAGAAAGA,0,1
GAACAGAGCAGAA,0,1
GAACAGAGGAGGC,0,1
GAACAGAGGCCCA,1,1
GAACAGCAAGCCC,0,1
GAACAGCACAGCC,0,1
GAACAGCAGAGGA,0,4
GAACAGCAGCAAC,0,2
GAACAGCAGGAAC,0,1
GAACAGCCAAAGC,0,1
GAACAGCCACACC,0,19
GAACAGCCACAGC,0,1
GAACAGCGGAACA,0,1
GAACAGCGGAGGA,0,1
GAACAGCGGCAGC,0,1
GAACAGGAACAGA,0,1
GAACAGGAACGAA,0,1
GAACAGGAGAAGC,1,1
GAACAGGAGGAGC,0,1
GAACAGGAGGCCA,0,1
GAACAGGCAGAGC,7,10
GAACAGGCAGGCA,0,1
GAACAGGCAGGGC,1,1
GAACAGGCCACCC,0,1
GAACAGGCCAGCC,0,1
GAACAGGCCGACC,0,2
GAACAGGGAAGCC,0,1
GAACAGGGAGACA,0,1
GAACAGGGAGCCA,0,5
GAACAGGGCCAAA,0,2
GAACAGGGGACAC,0,1
GAACAGGGGGAGA,0,1
GAACCAAAAAAAA,0,1
GAACCAAACAACA,0,1
GAACCAAAGCCCC,0,3
GAACCAAAGGAGC,0,2
GAACCAACACAAA,0,1
GAACCAAGCGGAC,1,1
GAACCAAGCGGCA,0,3
GAACCAAGGAAGA,0,1
GAACCAAGGCGGA,0,1
GAACCACAAAGGA,0,1
GAACCACAAGAGC,0,1
GAACCACCAAGCC,0,1
GAACCACCACAGC,0,1
GAACCACCGACAC,0,1
GAACCAGAAGACA,0,1
GAACCAGAAGAGA,0,8
GAACCAGAGAAGA,0,1
GAACCAGAGACAC,0,1
GAACCAGAGAGAA,0,1
GAACCAGAGAGGA,0,1
GAACCAGAGCCCA,0,1
GAACCAGAGGGGC,0,1
GAACCAGCAGCGA,0,1
GAACCAGCCGACA,0,1
GAACCAGCCGACC,0,1
GAACCAGGGCACC,0,1
GAACCAGGGCCAC,1,1
GAACCAGGGCCCC,0,1
GAACCCAAAACCC,0,1
GAACCCAAACCAA,0,1
GAACCCAAAGACA,1,1
GAACCCAACCCGC,0,2
GAACCCAAGAAAA,0,4
GAACCCAAGGAAA,0,2
GAACCCACAAACA,0,1
GAACCCACAAGCA,1,1
GAACCCACAGCCC,0,1
GAACCCACGACCC,0,1
GAACCCAGCCGGC,0,1
GAACCCAGGGAGC,0,1
GAACCCCAAAACC,0,1
GAACCCCAACCAC,0,1
GAACCCCAGCCCC,0,1
GAACCCCAGGCCA,0,1
GAACCCCCAACAC,0,1
GAACCCCCAGCGA,0,1
GAACCCCCAGGGC,0,1
GAACCCCCGACGA,0,1
GAACCCCCGCCAC,0,1
GAACCCGAGAACA,0,1
GAACCCGAGCACA,0,1
GAACCCGAGGCGA,0,1
GAACCCGCAAAAA,0,1
GAACCGAACAACA,0,2
GAACCGAACCGAA,2,3
GAACCGAAGACAC,0,1
GAACCGACAACAA,0,2
GAACCGACGCGAA,0,1
GAACCGAGACGAC,0,1
GAACCGAGAGAAC,0,1
GAACCGAGCAACA,0,1
GAACCGAGCAGCA,1,1
GAACCGAGCCAAC,1,1
GAACCGAGCGAAA,1,1
GAACCGCACCGCA,0,1
GAACCGCAGGACC,0,1
GAACCGCCACAAA,0,4
GAACCGCCCAAAC,0,1
GAACCGCGCGGAA,0,1
GAACCGCGGCCGC,0,1
GAACCGGAACGAA,1,1
GAACCGGACACGA,1,1
GAACCGGGCACGC,1,1
GAACCGGGGAGGA,0,1
GAACGAAAAACAC,0,1
GAACGAAAACAGA,0,1
GAACGAAACGACC,0,1
GAACGAAACGGAA,0,1
GAACGAAAGAGAA,0,1
GAACGAACAAAGA,0,1
GAACGAACAAGAC,1,1
GAACGAAGAGCGA,0,1
GAACGAAGCACGC,1,1
GAACGAAGGCGCC,0,1
GAACGACAGCGAC,0,1
GAACGACCCAAGA,0,1
GAACGAGACCGCC,1,1
GAACGAGACGACA,0,1
GAACGAGAGACAA,0,1
GAACGAGAGCAAC,1,1
GAACGAGCAACAA,1,1
GAACGAGCCACAC,0,1
GAACGAGGAAGAC,0,1
GAACGAGGAGAAC,0,1
GAACGAGGCGACA,0,1
GAACGCAACCCAA,0,1
GAACGCAGACGAC,0,1
GAACGCAGCACCA,0,1
GAACGCAGCGGGC,1,1
GAACGCCAACAGA,0,1
GAACGCCACCAGC,0,1
GAACGCCCACAGA,0,1
GAACGCCCCCACC,0,1
GAACGCCCCCGCC,0,1
GAACGCGCGCGCA,0,1
GAACGCGCGCGGC,0,1
GAACGCGGCACGA,1,1
GAACGCGGGAGAA,0,1
GAACGCGGGCACA,1,2
GAACGCGGGGCGA,0,1
GAACGGAAAGGGA,0,1
GAACGGAACACGA,0,3
GAACGGAGCAAAA,1,1
GAACGGAGCCGAA,0,1
GAACGGAGCGAAA,1,1
GAACGGAGGAAAA,0,1
GAACGGAGGAGAA,0,1
GAACGGAGGGAGA,0,1
GAACGGAGGGGGC,0,1
GAACGGCAAAAAC,0,1
GAACGGCAAGCAA,1,1
GAACGGCACCGGC,0,4
GAACGGCAGCGCC,0,1
GAACGGCCCGGCA,0,1
GAACGGCCGCCGC,0,1
GAACGGCGACGAA,0,1
GAACGGCGGCGGC,0,1
GAACGGGAAACAA,2,2
GAACGGGAAAGCA,0,1
GAACGGGAACGGA,0,1
GAACGGGAAGCGC,0,1
GAACGGGAGGAGA,0,1
GAACGGGCAAAAC,0,1
GAACGGGGAACAC,1,1
GAACGGGGACCGA,0,1
GAACGGGGAGAGA,0,1
GAACGGGGCCGCC,0,1
GAACGGGGGCCAA,0,1
GAAGAAAAAAAAC,0,1
GAAGAAAAAACAA,0,1
GAAGAAAAAACCC,0,1
GAAGAAAAACAAA,0,1
GAAGAAAAAGAGA,0,1
GAAGAAAACACAA,0,1
GAAGAAAACACCC,0,1
GAAGAAAACACGA,0,1
GAAGAAAACGGCA,0,1
GAAGAAAAGAAAA,0,2
GAAGAAAAGAACA,0,2
GAAGAAAAGAAGA,0,1
GAAGAAAAGAGAA,1,1
GAAGAAAAGAGGA,0,1
GAAGAAAAGCAGC,0,1
GAAGAAAAGCGAA,0,1
GAAGAAAAGGCAA,1,1
GAAGAAACAAAAA,0,1
GAAGAAACAACAA,0,3
GAAGAAACACAGA,0,1
GAAGAAACACGCA,1,1
GAAGAAACCACAC,0,1
GAAGAAACCAGAC,1,1
GAAGAAACCCAGA,0,2
GAAGAAACGCGGA,0,1
GAAGAAAGAAAAA,0,1
GAAGAAAGAAACA,0,1
GAAGAAAGAAGAA,1,2
GAAGAAAGAAGGA,0,1
GAAGAAAGAGAAA,0,1
GAAGAAAGAGACA,0,1
GAAGAAAGAGAGA,0,1
GAAGAAAGAGAGC,8,9
GAAGAAAGAGCAA,0,2
GAAGAAAGAGGAA,1,2
GAAGAAAGAGGGA,0,2
GAAGAAAGAGGGC,1,1
GAAGAAAGCAAGA,0,1
GAAGAAAGCACAC,0,2
GAAGAAAGCAGCA,0,1
GAAGAAAGGAAAA,0,1
GAAGAAAGGGAGC,2,2
GAAGAACAAGAAC,0,1
GAAGAACAAGGAC,1,1
GAAGAACAAGGCC,1,1
GAAGAACACCCAA,0,1
GAAGAACAGAGAA,0,1
GAAGAACAGAGCC,1,1
GAAGAACCAAACA,0,1
GAAGAACCAACAA,0,1
GAAGAACCAGGAA,0,1
GAAGAACCCAGAC,0,1
GAAGAACCCCAAC,0,1
GAAGAACCGGCGA,0,1
GAAGAACGAAAGA,0,1
GAAGAACGAACAA,1,1
GAAGAAGAAAAAA,0,1
GAAGAAGAAAACA,0,1
GAAGAAGAAAAGA,0,2
GAAGAAGAAAGCA,0,1
GAAGAAGAACACA,0,1
GAAGAAGAACAGA,0,1
GAAGAAGAAGAAA,1,2
GAAGAAGAAGAGA,0,3
GAAGAAGAAGAGC,0,2
GAAGAAGAAGGGC,0,2
GAAGAAGACGACA,0,2
GAAGAAGACGAGC,0,1
GAAGAAGACGCAA,0,1
GAAGAAGACGGCC,0,1
GAAGAAGAGCACA,1,3
GAAGAAGAGCAGA,0,1
GAAGAAGAGGAAC,0,3
GAAGAAGAGGACA,0,1
GAAGAAGAGGGGA,1,1
GAAGAAGAGGGGC,0,1
GAAGAAGCAGAAA,0,1
GAAGAAGCAGACA,0,1
GAAGAAGCAGCGA,0,1
GAAGAAGCAGGAC,0,1
GAAGAAGCGGAGC,0,1
GAAGAAGCGGCAC,0,1
GAAGAAGGAAAGA,0,1
GAAGAAGGAAGAA,0,1
GAAGAAGGCGAGC,0,1
GAAGAAGGGAAAC,1,1
GAAGAAGGGAAGC,0,1
GAAGAAGGGAGAA,0,1
GAAGAAGGGAGGA,0,1
GAAGAAGGGCACA,1,2
GAAGAAGGGGAAA,0,1
GAAGACAAACGAA,0,1
GAAGACAAGCAAC,0,1
GAAGACACAGGAA,0,1
GAAGACACCAAAA,0,1
GAAGACAGAAAAA,0,1
GAAGACAGAGACA,0,1
GAAGACAGAGCGC,0,1
GAAGACAGCGGCA,0,1
GAAGACAGGAAGA,0,1
GAAGACAGGAGAA,0,1
GAAGACAGGCGGC,0,1
GAAGACAGGGAGC,1,1
GAAGACCAAAAAA,0,1
GAAGACCAAAACA,0,1
GAAGACCAAAAGA,0,1
GAAGACCAACACA,0,1
GAAGACCACCAGC,0,1
GAAGACCAGAAGA,1,1
GAAGACCAGACCC,0,1
GAAGACCAGCAGC,0,1
GAAGACCCAGAGA,0,1
GAAGACCCCAGAA,0,1
GAAGACCGAAGGA,1,1
GAAGACGACGAGC,0,1
GAAGACGACGGAC,0,1
GAAGACGAGAAAA,0,1
GAAGACGAGCCGA,0,3
GAAGACGCAAAGA,0,1
GAAGACGGAAGCC,0,2
GAAGACGGAGAGA,0,1
GAAGACGGCAACA,0,1
GAAGACGGGAGAA,0,2
GAAGACGGGAGGA,0,3
GAAGACGGGGAAC,0,1
GAAGAGAAAAACA,0,1
GAAGAGAAAAGAA,0,1
GAAGAGAAAGAAA,0,2
GAAGAGAAAGCGC,0,7
GAAGAGAAGAAGA,1,1
GAAGAGAAGAGAA,0,1
GAAGAGAAGAGGC,0,3
GAAGAGAAGCAGC,0,3
GAAGAGAAGGAAC,0,1
GAAGAGACAGCGA,0,2
GAAGAGACCAAAC,0,1
GAAGAGACCAACA,0,1
GAAGAGACCAAGC,0,1
GAAGAGACCACCA,0,1
GAAGAGACCGAGA,0,1
GAAGAGACGACCC,1,1
GAAGAGAGAAAAA,0,2
GAAGAGAGAAAGA,0,1
GAAGAGAGAAGAA,0,1
GAAGAGAGAAGCC,0,1
GAAGAGAGAGAAA,0,4
GAAGAGAGAGAGA,0,4
GAAGAGAGAGAGC,45,45
GAAGAGAGAGGAA,0,1
GAAGAGAGAGGCA,0,1
GAAGAGAGAGGGA,0,1
GAAGAGAGCACAA,0,1
GAAGAGAGCACCA,0,1
GAAGAGAGCGAGC,3,3
GAAGAGAGCGGCA,0,1
GAAGAGAGGAGAA,0,1
GAAGAGAGGCAGA,1,1
GAAGAGAGGCGGA,0,1
GAAGAGAGGGAGC,7,7
GAAGAGCAAAGAA,1,1
GAAGAGCAACCCA,0,1
GAAGAGCAAGCCA,0,1
GAAGAGCACGGGA,0,1
GAAGAGCAGAAGC,0,2
GAAGAGCAGGAAC,0,2
GAAGAGCAGGGAA,0,1
GAAGAGCAGGGCA,0,1
GAAGAGCCACCGC,0,1
GAAGAGCCAGAGA,0,1
GAAGAGCCAGAGC,0,1
GAAGAGCCAGCAC,0,1
GAAGAGCGAAAAC,0,1
GAAGAGCGACGGC,0,1
GAAGAGCGCCACA,0,2
GAAGAGCGCGCCA,0,1
GAAGAGGAACAAC,0,1
GAAGAGGAACCCA,0,2
GAAGAGGAAGAAA,0,17
GAAGAGGAAGAAC,0,1
GAAGAGGAAGACA,0,1
GAAGAGGAAGAGA,0,6
GAAGAGGAAGAGC,2,3
GAAGAGGAAGCCA,0,1
GAAGAGGAAGGGA,0,1
GAAGAGGACAAAA,0,3
GAAGAGGACAAAC,0,1
GAAGAGGACAAGA,0,2
GAAGAGGACGCAC,0,5
GAAGAGGAGAAGC,0,1
GAAGAGGAGAGGA,0,2
GAAGAGGAGCAGA,1,1
GAAGAGGAGGAAA,0,1
GAAGAGGAGGAAC,0,1
GAAGAGGAGGAGA,0,1
GAAGAGGAGGCAC,0,2
GAAGAGGCAAGAA,0,1
GAAGAGGCAGAGA,0,2
GAAGAGGCAGAGC,1,2
GAAGAGGCCCGGC,1,1
GAAGAGGCGCAAA,0,1
GAAGAGGCGGGAA,0,1
GAAGAGGGAAGAA,0,1
GAAGAGGGAAGGA,1,1
GAAGAGGGACACA,0,1
GAAGAGGGAGAGA,0,2
GAAGAGGGAGCCC,0,1
GAAGAGGGAGGGA,0,1
GAAGAGGGCAGCC,0,1
GAAGAGGGCCAGC,0,1
GAAGAGGGCGACA,0,1
GAAGAGGGCGAGC,0,1
GAAGAGGGGGAGA,0,1
GAAGCAAAAAGAA,0,1
GAAGCAAAACAAA,0,1
GAAGCAAAACGAC,0,1
GAAGCAAAAGAAA,0,1
GAAGCAAAAGACA,0,1
GAAGCAAAAGACC,0,1
GAAGCAAACACAA,0,1
GAAGCAAAGAAAA,0,1
GAAGCAAAGAACA,0,1
GAAGCAAAGGAAA,0,1
GAAGCAACAAGGC,0,1
GAAGCAACAGCAA,0,1
GAAGCAAGAAACA,0,1
GAAGCAAGACAAA,1,1
GAAGCAAGAGAAC,1,1
GAAGCAAGAGACA,0,1
GAAGCAAGCCAGC,0,1
GAAGCAAGGCGGC,0,1
GAAGCACAAAGGA,1,1
GAAGCACAAGAGA,0,5
GAAGCACACACAA,0,1
GAAGCACACCACC,0,1
GAAGCACACGAAC,0,1
GAAGCACACGCAC,0,1
GAAGCACAGCGCA,0,2
GAAGCACCAGAGA,0,1
GAAGCACCCAAAA,0,1
GAAGCACGACAAC,0,1
GAAGCACGAGAAA,0,2
GAAGCACGCCCCC,0,1
GAAGCAGAAACCA,0,1
GAAGCAGAAGAGA,1,1
GAAGCAGAAGAGC,0,1
GAAGCAGAAGCCA,0,2
GAAGCAGAAGGCA,0,1
GAAGCAGAAGGGC,0,3
GAAGCAGAGACAA,0,1
GAAGCAGAGAGAA,0,1
GAAGCAGAGCAGC,0,1
GAAGCAGAGCGGA,1,1
GAAGCAGCAAAGA,0,1
GAAGCAGCACAGA,0,2
GAAGCAGCAGAGA,0,5
GAAGCAGCAGGCA,0,1
GAAGCAGCGAGCC,0,1
GAAGCAGGAAACA,0,1
GAAGCAGGCCAAC,0,1
GAAGCAGGCCCCA,0,1
GAAGCAGGGCACA,11,13
GAAGCAGGGCGGA,1,1
GAAGCAGGGGACA,0,1
GAAGCCAAAACCA,0,1
GAAGCCAAAAGAA,0,1
GAAGCCAACACCA,0,1
GAAGCCAAGCCAA,0,1
GAAGCCAAGCCCA,0,1
GAAGCCACCCGGC,0,1
GAAGCCAGCACCA,0,37
GAAGCCAGGAGAA,0,1
GAAGCCAGGGAGA,0,1
GAAGCCAGGGCAC,0,1
GAAGCCCAAAAAA,0,1
GAAGCCCAAAACA,0,4
GAAGCCCAAAGCA,0,1
GAAGCCCAAGCGC,1,1
GAAGCCCACCGAA,0,1
GAAGCCCCAGAGC,0,1
GAAGCCCCAGGCA,0,1
GAAGCCCCAGGGA,0,1
GAAGCCCGCAGAA,0,1
GAAGCCCGCCACC,0,1
GAAGCCCGGACGA,0,1
GAAGCCGAAAAGC,0,1
GAAGCCGACCCAA,0,2
GAAGCCGAGAGGA,0,1
GAAGCCGAGGGCA,0,1
GAAGCCGCAGCAC,0,1
GAAGCCGCGCCGC,0,1
GAAGCCGGCAGGA,1,1
GAAGCCGGGCCAA,0,1
GAAGCGAAAAACC,0,1
GAAGCGAAAAGGA,0,1
GAAGCGAAACAGC,0,1
GAAGCGAAAGAAC,0,1
GAAGCGAAAGGCC,0,1
GAAGCGAAAGGGA,0,1
GAAGCGAACAACA,0,2
GAAGCGAAGGAAC,0,1
GAAGCGAGCACCC,0,1
GAAGCGAGGAGGC,0,1
GAAGCGAGGCCGC,0,1
GAAGCGCAGCGAA,0,1
GAAGCGCGCAAGC,0,1
GAAGCGCGCGCGC,0,1
GAAGCGCGGCGAC,0,3
GAAGCGGAAGAGA,0,1
GAAGCGGAGGAAC,0,1
GAAGCGGAGGAGC,0,1
GAAGCGGCAAAGA,0,1
GAAGCGGCAAGAA,0,2
GAAGCGGCAAGCA,0,1
GAAGCGGCGCCCC,0,1
GAAGCGGCGCCGC,0,1
GAAGCGGGAAAAA,0,1
GAAGCGGGAGACA,0,4
GAAGCGGGCAGGC,0,1
GAAGCGGGCGCGA,0,1
GAAGCGGGGGGGC,1,1
GAAGGAAAAGAAA,0,1
GAAGGAAACAGGA,0,1
GAAGGAAAGAAAC,0,1
GAAGGAAAGACAA,0,1
GAAGGAAAGCAGC,0,1
GAAGGAAAGCCAA,0,2
GAAGGAAAGCGCC,0,1
GAAGGAAAGGAGA,0,1
GAAGGAACAAAGC,1,1
GAAGGAACAGGCC,0,1
GAAGGAACCAAGC,0,1
GAAGGAACCAGAA,0,2
GAAGGAACCGCGA,0,1
GAAGGAACGGGAA,0,1
GAAGGAAGAAAGA,0,2
GAAGGAAGAAGAA,0,1
GAAGGAAGAGAGA,0,2
GAAGGAAGAGAGC,0,1
GAAGGAAGAGCAC,0,1
GAAGGAAGAGGCC,0,1
GAAGGAAGCAAGA,0,2
GAAGGAAGCAGCA,0,3
GAAGGAAGGGAAA,0,1
GAAGGACAAAACC,0,1
GAAGGACACCAGA,0,1
GAAGGACACCCAA,0,1
GAAGGACACCCGC,0,1
GAAGGACAGCCAA,0,1
GAAGGACAGGCCA,1,1
GAAGGACCAAAAC,0,1
GAAGGACCAAACA,0,1
GAAGGACCACCCC,0,1
GAAGGACCAGGAC,0,1
GAAGGACGAGGGC,0,1
GAAGGACGCAGGA,1,1
GAAGGAGAAAAAC,0,1
GAAGGAGAACCCA,1,5
GAAGGAGAAGACA,0,1
GAAGGAGAAGCAA,0,1
GAAGGAGAAGCCC,0,1
GAAGGAGAAGCGA,0,1
GAAGGAGAAGGGA,0,3
GAAGGAGAAGGGC,0,1
GAAGGAGACAACA,0,1
GAAGGAGACAGGC,1,1
GAAGGAGACGACA,0,1
GAAGGAGAGAACC,0,3
GAAGGAGAGCCCA,0,2
GAAGGAGCAGAGA,0,1
GAAGGAGCAGCCC,0,1
GAAGGAGCCCCCA,0,1
GAAGGAGCGGAAA,0,1
GAAGGAGGAAACA,1,1
GAAGGAGGAGCAC,0,1
GAAGGAGGAGCCA,0,1
GAAGGAGGAGGAA,0,1
GAAGGAGGAGGCC,0,1
GAAGGAGGCAAAC,0,1
GAAGGAGGCCGGC,0,1
GAAGGAGGGCAAA,0,1
GAAGGCAAACGAC,0,1
GAAGGCAAAGGCA,0,1
GAAGGCAAAGGGA,17,38
GAAGGCAAGGAAA,0,1
GAAGGCAAGGAGA,0,1
GAAGGCAAGGCAA,0,1
GAAGGCACACAGC,1,1
GAAGGCACAGAGC,0,1
GAAGGCACCAAGC,0,1
GAAGGCAGACGAC,0,1
GAAGGCAGCACCA,0,1
GAAGGCAGCAGGA,0,1
GAAGGCAGGAGAA,1,1
GAAGGCAGGAGCC,1,1
GAAGGCAGGCAGA,0,1
GAAGGCAGGGCCC,0,4
GAAGGCAGGGGAA,0,1
GAAGGCCACAAGC,0,1
GAAGGCCCACGAC,1,1
GAAGGCCCACGGC,1,1
GAAGGCCCAGCAC,0,1
GAAGGCCCCAGGC,0,1
GAAGGCCCCCGCC,0,1
GAAGGCCCGCAAC,0,1
GAAGGCCGAGACC,0,1
GAAGGCGAAGAAA,0,1
GAAGGCGACAGAA,0,2
GAAGGCGAGAAGC,1,1
GAAGGCGAGCGAC,0,1
GAAGGCGAGGGGA,1,1
GAAGGCGAGGGGC,0,1
GAAGGCGCGCGAC,0,1
GAAGGGAAACCAA,0,1
GAAGGGAAAGAAA,0,1
GAAGGGAAAGCAC,0,1
GAAGGGAAAGGAC,0,1
GAAGGGAAAGGCA,1,1
GAAGGGAAGAAGC,0,1
GAAGGGAAGCCCA,0,3
GAAGGGAAGCGGA,0,1
GAAGGGACAGAGA,0,1
GAAGGGACCAAAC,0,4
GAAGGGACGGGCA,1,1
GAAGGGAGAAAAA,0,1
GAAGGGAGAGAGA,0,1
GAAGGGAGCAGGA,0,1
GAAGGGAGCCCCA,0,1
GAAGGGAGCGCCC,2,2
GAAGGGAGGAGGA,0,1
GAAGGGAGGCCAC,0,1
GAAGGGAGGCCCA,0,2
GAAGGGAGGGCAA,0,1
GAAGGGAGGGCCA,0,1
GAAGGGCAAAACC,0,1
GAAGGGCAAACCC,0,3
GAAGGGCAACAAA,0,2
GAAGGGCAACACC,0,1
GAAGGGCAACGAA,0,1
GAAGGGCAGACCC,0,1
GAAGGGCAGGGCC,0,1
GAAGGGCCAAGGC,0,1
GAAGGGCGGAGAA,0,1
GAAGGGCGGCCAC,0,1
GAAGGGCGGCGAC,0,1
GAAGGGCGGGAAA,0,1
GAAGGGGAAAAGA,0,1
GAAGGGGAAGAGA,0,4
GAAGGGGAAGCGC,0,1
GAAGGGGACACCA,0,1
GAAGGGGACCAAA,0,2
GAAGGGGACGGAC,0,1
GAAGGGGAGGAGC,0,1
GAAGGGGAGGCCA,0,1
GAAGGGGCAGCAA,0,1
GAAGGGGCAGGGA,0,1
GAAGGGGCCCAGA,0,1
GAAGGGGCGGGGC,0,1
GAAGGGGGAAAAA,0,1
GAAGGGGGAAACC,1,1
GAAGGGGGAAGGA,0,2
GAAGGGGGAGAGA,0,1
GAAGGGGGCACGA,0,1
GAAGGGGGCACGC,0,1
GAAGGGGGCGGGA,0,1
GAAGGGGGGCACC,0,1
GAAGGGGGGCCGA,0,12
GACAAAAAAAAAC,0,1
GACAAAAAAAAGA,0,1
GACAAAAAAAGCC,0,1
GACAAAAAACCGC,0,1
GACAAAAAAGACC,0,2
GACAAAAACAGAC,0,2
GACAAAAACCACA,0,1
GACAAAAACCCAA,0,1
GACAAAAACCGCA,0,1
GACAAAAAGAAGC,1,1
GACAAAAAGCAGC,0,1
GACAAAAAGCGCA,0,1
GACAAAACAAAAC,0,1
GACAAAACCAGGA,0,1
GACAAAACCCAGA,0,1
GACAAAACCGGCA,0,1
GACAAAACGAAAA,0,1
GACAAAACGAGAC,1,1
GACAAAAGAAACA,1,1
GACAAAAGCAGGA,0,1
GACAAAAGCGACC,0,1
GACAAACAAACCC,0,1
GACAAACAAGGGA,0,1
GACAAACACACGC,0,1
GACAAACACCAGC,0,1
GACAAACAGACAA,0,2
GACAAACCACCAC,0,1
GACAAACCACCGA,0,1
GACAAACGAAAAA,0,1
GACAAACGAACCC,0,1
GACAAACGGCAAC,0,1
GACAAAGAAAAGA,0,1
GACAAAGAAAGAC,0,1
GACAAAGAAAGCA,0,3
GACAAAGACAGAA,1,1
GACAAAGACAGAC,0,1
GACAAAGAGACAA,0,1
GACAAAGAGAGCC,0,1
GACAAAGCAAAAC,0,1
GACAAAGCAAGCA,0,1
GACAAAGCAGAAA,0,1
GACAAAGGAGAAA,0,1
GACAAAGGCAACA,0,1
GACAAAGGCACGA,0,1
GACAAAGGGAAGC,1,1
GACAAAGGGACAA,0,1
GACAAAGGGAGGC,0,1
GACAACAAAACAC,0,1
GACAACAAAAGAA,0,1
GACAACAAACCAA,0,2
GACAACAAAGAAA,0,1
GACAACAAAGCAC,1,1
GACAACAAAGGGA,1,1
GACAACAACAAAA,0,1
GACAACAACAACA,1,1
GACAACAACAAGC,0,1
GACAACAACAGCC,0,1
GACAACAACAGGC,0,2
GACAACAAGAAAC,0,6
GACAACAAGAAGC,0,2
GACAACAAGCGCA,0,1
GACAACAAGGAGA,0,1
GACAACACCGACC,1,1
GACAACAGAGGGC,1,1
GACAACAGCCAGC,0,1
GACAACCAAAAAA,0,1
GACAACCAGACAA,0,1
GACAACCCACGCA,0,1
GACAACCCACGGC,0,1
GACAACCCGGAGC,0,1
GACAACCGACGAA,0,1
GACAACGAAGACA,0,1
GACAACGACCAGC,0,1
GACAACGAGAAGA,1,1
GACAACGAGGAGC,0,1
GACAACGCGGGAA,0,1
GACAACGGCACGA,0,1
GACAACGGCAGCC,0,1
GACAACGGGGAAC,0,1
GACAAGAAAAGAA,0,1
GACAAGAAAAGCC,0,1
GACAAGAAGAAGA,0,2
GACAAGAAGGAAA,0,1
GACAAGAAGGGGA,0,1
GACAAGACAACAA,0,1
GACAAGACAGAAA,0,1
GACAAGACAGACA,0,1
GACAAGACGCGAC,0,1
GACAAGACGCGGC,0,1
GACAAGAGAGCGA,0,1
GACAAGAGCAGGA,0,1
GACAAGAGCGAGA,0,1
GACAAGAGGAGGA,0,1
GACAAGAGGCGCC,0,1
GACAAGAGGGGAC,0,1
GACAAGCAACAAA,0,1
GACAAGCAACAGA,0,1
GACAAGCAACCCA,0,1
GACAAGCAAGCGC,1,1
GACAAGCACAGCC,0,5
GACAAGCAGAGAC,0,1
GACAAGCAGAGGA,0,1
GACAAGCGAAGGA,1,1
GACAAGCGGCCGC,0,1
GACAAGCGGGCAC,0,1
GACAAGGAAGAAA,0,1
GACAAGGAAGCAA,0,1
GACAAGGAGACAC,0,1
GACAAGGCACCCC,0,1
GACAAGGCCAAGA,1,1
GACAAGGCGCAGC,0,1
GACAAGGGAAGCC,1,1
GACACAAAAAAAA,0,1
GACACAAAACAAC,0,1
GACACAAAACCGA,1,1
GACACAAAAGAGA,0,1
GACACAAACACCA,0,6
GACACAACAACAC,0,1
GACACAAGGGAAC,0,1
GACACACAAAGGA,0,1
GACACACAAGCCA,1,6
GACACACGGACAA,0,1
GACACAGAACACA,0,1
GACACAGAAGAAC,1,1
GACACAGACAAAA,1,1
GACACAGACACGC,0,1
GACACAGAGACAA,0,1
GACACAGAGACAC,0,1
GACACAGAGAGAC,0,1
GACACAGAGCCAC,0,1
GACACAGAGGAGC,0,1
GACACAGCAAGCC,0,1
GACACAGCCAAGC,0,2
GACACAGGAACAA,0,1
GACACAGGCCAGA,0,1
GACACAGGCCCGC,0,1
GACACAGGGAGAC,0,1
GACACAGGGAGGC,1,1
GACACCAAAAAGA,0,1
GACACCAAAGCGA,1,1
GACACCAAGAAAA,0,1
GACACCAAGGGCA,0,4
GACACCACACACC,0,4
GACACCACAGAAA,0,1
GACACCACAGAGA,0,1
GACACCAGAAAGC,0,1
GACACCAGAAGGC,0,1
GACACCAGAGAAC,1,1
GACACCAGAGGAC,0,1
GACACCAGGGGGC,1,1
GACACCCCACCGA,0,1
GACACCCCCAACA,0,1
GACACCCCGGAGC,0,1
GACACCCCGGGGC,0,1
GACACCCGGCGGC,0,1
GACACCCGGGCAC,0,1
GACACCGAAGAAC,0,1
GACACCGACGCCA,0,1
GACACCGCACGAC,0,1
GACACCGCGCGCC,0,2
GACACCGGAAGGA,0,1
GACACCGGACAAC,0,1
GACACCGGCACCC,0,1
GACACCGGCCGGA,0,1
GACACCGGCGAAA,0,1
GACACGAAAAAAA,0,2
GACACGAAACAGA,0,1
GACACGAACAAAA,0,1
GACACGAAGAAGA,0,1
GACACGACACAGA,0,1
GACACGACCAGAA,0,1
GACACGAGACGAC,0,2
GACACGCAAGCGA,0,1
GACACGCAGGCGA,0,3
GACACGCCAGCAA,0,1
GACACGCCCGCGC,0,1
GACACGCCCGGCC,0,1
GACACGCCGAAAA,0,1
GACACGCCGACAC,0,1
GACACGCCGGAGC,0,1
GACACGCGCGCCC,0,1
GACACGGAAAGCA,0,1
GACACGGCAACCA,0,1
GACACGGCAGAGC,0,1
GACACGGCCGGGC,0,1
GACACGGGACGAA,0,1
GACACGGGCCACA,1,1
GACACGGGCGACA,2,2
GACAGAAAAAAGC,0,1
GACAGAAAAGAAC,0,1
GACAGAAAAGACA,0,1
GACAGAAAAGCCC,0,2
GACAGAAACCCCC,0,1
GACAGAAACGGCC,0,1
GACAGAAAGGCGA,0,1
GACAGAAAGGGGA,0,1
GACAGAACAGCCA,0,1
GACAGAACCAGGA,1,1
GACAGAACCCCAC,1,1
GACAGAACGAACC,0,1
GACAGAAGAAAGA,7,8
GACAGAAGACGCA,0,1
GACAGAAGAGAGA,26,29
GACAGAAGAGAGC,2,2
GACAGAAGCAAAA,1,1
GACAGAAGCAGCA,0,1
GACAGAAGGAAAA,1,1
GACAGAAGGACCC,0,1
GACAGAAGGGCAC,0,1
GACAGAAGGGGCA,0,1
GACAGACAAAACC,0,1
GACAGACACACAA,0,1
GACAGACACAGCA,0,1
GACAGACAGACCC,0,1
GACAGACAGCAGA,0,1
GACAGACCAAGAC,0,1
GACAGACCAAGGC,0,1
GACAGACCAGCCC,0,1
GACAGACCCAACC,0,1
GACAGACCGCAAC,1,1
GACAGACCGCGGA,0,5
GACAGACGAAACA,0,1
GACAGACGAGGAC,0,1
GACAGAGAAAAGA,0,1
GACAGAGAAGAGA,0,1
GACAGAGAAGCCA,0,5
GACAGAGACCAGA,0,1
GACAGAGAGAAAC,0,1
GACAGAGAGACCA,0,1
GACAGAGAGCCAA,0,1
GACAGAGAGGAGC,0,1
GACAGAGAGGCCA,0,2
GACAGAGAGGGAC,0,1
GACAGAGCAAAGA,0,1
GACAGAGCCAAGC,0,1
GACAGAGCCACCC,0,2
GACAGAGCCCAAA,0,1
GACAGAGCCCGAA,0,1
GACAGAGGAGAGC,0,1
GACAGAGGAGCCC,0,1
GACAGAGGCAAAA,0,1
GACAGAGGCACGA,0,1
GACAGAGGCAGCA,0,1
GACAGAGGGACGA,1,1
GACAGCAAAACAC,1,1
GACAGCAAACAGA,0,1
GACAGCAAACCAC,0,1
GACAGCAAACCGA,0,1
GACAGCAAAGAGA,0,1
GACAGCAAAGGGA,5,22
GACAGCAAAGGGC,0,1
GACAGCAACAGCA,0,1
GACAGCAAGAAAA,0,10
GACAGCAAGAACC,0,1
GACAGCAAGCACC,0,1
GACAGCACACAAC,0,2
GACAGCACAGCCA,0,1
GACAGCACCAGCC,0,1
GACAGCACGAAAC,0,1
GACAGCACGACAC,10,24
GACAGCAGAAAAA,0,1
GACAGCAGAAAAC,1,1
GACAGCAGACGCC,0,1
GACAGCAGCAGAA,0,1
GACAGCAGCAGGA,0,1
GACAGCAGCCAAA,0,1
GACAGCAGCCCAC,0,1
GACAGCAGCGCCA,0,1
GACAGCAGGCAAC,0,1
GACAGCAGGCAGA,0,1
GACAGCAGGGACA,0,1
GACAGCAGGGCAC,0,1
GACAGCAGGGCCC,0,1
GACAGCCAACGAA,0,1
GACAGCCACACAA,0,1
GACAGCCACACGC,0,1
GACAGCCAGCCCC,0,1
GACAGCCCGAGCC,0,1
GACAGCCGAGAAA,0,1
GACAGCCGCCGCC,0,1
GACAGCCGGCCCC,0,1
GACAGCGAAAGAA,0,1
GACAGCGACAGCC,0,1
GACAGCGAGACAA,0,1
GACAGCGAGGGAC,0,1
GACAGCGCCAGCC,0,1
GACAGCGGCGACA,0,1
GACAGCGGGCAAC,0,15
GACAGCGGGCGAA,0,1
GACAGCGGGCGAC,0,1
GACAGCGGGGAGA,0,1
GACAGGAAAAAGC,0,1
GACAGGAAAGAGC,0,1
GACAGGAAAGGGA,0,11
GACAGGAACAACA,0,1
GACAGGAACACGA,0,1
GACAGGAACAGCC,0,1
GACAGGAAGAAAA,0,1
GACAGGAAGCCAC,0,1
GACAGGACAAAAA,0,1
GACAGGACAAAGA,0,1
GACAGGACAAAGC,0,1
GACAGGACAACAA,0,1
GACAGGACACAGC,0,1
GACAGGACAGGAC,0,2
GACAGGACAGGCC,1,1
GACAGGACCCAGA,0,1
GACAGGAGAAAGC,0,3
GACAGGAGAAGGC,0,1
GACAGGAGAGGAA,0,1
GACAGGAGAGGCA,0,1
GACAGGAGAGGGA,0,1
GACAGGAGAGGGC,0,1
GACAGGAGCCGGC,0,1
GACAGGAGCGGCC,0,1
GACAGGAGGAGGA,1,1
GACAGGAGGCCAC,0,1
GACAGGAGGCGGC,0,1
GACAGGAGGGCCC,1,1
GACAGGCAACCAC,1,1
GACAGGCACCGAC,0,1
GACAGGCAGACAC,0,6
GACAGGCAGAGAC,0,2
GACAGGCCAAGCC,1,1
GACAGGCCACCCA,0,1
GACAGGCCAGCCC,0,1
GACAGGCCAGGGC,1,1
GACAGGCCGAACC,0,1
GACAGGCCGAGCC,0,1
GACAGGCGGAGAC,0,3
GACAGGGAAAAGC,0,1
GACAGGGACCGGC,0,1
GACAGGGAGAGAA,1,1
GACAGGGAGCACC,0,1
GACAGGGAGCCAA,0,1
GACAGGGAGGGAC,0,2
GACAGGGCCACCA,0,1
GACAGGGCGACCC,0,1
GACAGGGCGACGC,0,1
GACAGGGGACAGA,1,1
GACAGGGGCAACA,1,2
GACAGGGGCACCA,0,1
GACAGGGGCAGGC,0,1
GACAGGGGGGGCC,1,1
GACCAAAAAAAGA,0,1
GACCAAAAAACAA,0,1
GACCAAAAAAGAA,0,1
GACCAAAAAAGAC,0,1
GACCAAAAAAGCA,0,1
GACCAAAAACAAA,0,1
GACCAAAAACCAA,0,1
GACCAAAAAGAAA,0,1
GACCAAAACAAAA,0,4
GACCAAAACAGAC,0,1
GACCAAAACCAAA,0,16
GACCAAAACCAGC,0,1
GACCAAAACCCAA,0,1
GACCAAAACGAAA,0,25
GACCAAAACGAAC,0,1
GACCAAAAGACAA,0,2
GACCAAAAGAGCA,0,1
GACCAAACAAAGA,0,1
GACCAAACAAGCC,0,1
GACCAAACCGACA,0,1
GACCAAACGAGAA,1,1
GACCAAAGAACGA,0,1
GACCAAAGAGCAA,0,1
GACCAAAGCCCAC,0,1
GACCAAAGCCCGA,0,1
GACCAAAGCGCAC,0,1
GACCAACAAAGAA,0,1
GACCAACAAGAGA,0,1
GACCAACAGGAAC,0,1
GACCAAGAACAAA,0,1
GACCAAGAACGAC,0,1
GACCAAGACCCAC,1,1
GACCAAGGACAAC,0,1
GACCAAGGAGAAC,0,1
GACCAAGGCCAAA,0,1
GACCAAGGCCAGA,0,1
GACCACAAAGAAC,1,1
GACCACAAGGCCA,0,1
GACCACACGGGGA,0,1
GACCACAGCACAA,0,1
GACCACCAAAAGA,0,1
GACCACCAAACCC,0,1
GACCACCACCGGC,1,1
GACCACCAGCGAA,0,1
GACCACCAGGGAA,0,1
GACCACCAGGGGC,0,1
GACCACCCACCCC,3,3
GACCACCCCCGAC,0,1
GACCACCCCCGGC,0,1
GACCACCGAAACA,0,1
GACCACCGAACCC,0,1
GACCACCGCCACC,0,1
GACCACGAAAGAA,0,1
GACCACGAAGCCC,0,1
GACCACGACACAA,1,2
GACCACGAGGAAC,0,1
GACCACGCCAAGC,0,1
GACCACGCCGGCC,0,1
GACCACGGGGACC,0,1
GACCAGAAAACCC,0,1
GACCAGAAACCGA,0,1
GACCAGAAGAGCA,1,1
GACCAGACAGGGA,0,1
GACCAGACCCACC,0,3
GACCAGACCCCAA,0,1
GACCAGACGAAAC,0,1
GACCAGACGCAGA,1,1
GACCAGAGACAAA,0,1
GACCAGAGAGCAC,9,17
GACCAGAGGACAA,0,1
GACCAGAGGAGAC,0,1
GACCAGAGGCAGC,0,1
GACCAGAGGGGAA,0,1
GACCAGAGGGGCA,0,12
GACCAGAGGGGGA,0,1
GACCAGCACCAGC,0,1
GACCAGCACCCAA,0,1
GACCAGCAGAGAA,0,1
GACCAGCAGCCCA,0,1
GACCAGCCCCGCC,0,1
GACCAGCCGCGGC,0,1
GACCAGCCGGGGC,0,1
GACCAGCGAGGCC,0,1
GACCAGGAAAACA,0,1
GACCAGGAAGGCC,0,1
GACCAGGAGGGCA,0,1
GACCAGGCAGCCC,0,1
GACCAGGCCCCCC,0,1
GACCAGGCCGCCC,0,1
GACCAGGCGCGCC,0,1
GACCAGGCGGCGC,0,1
GACCAGGGAAGCC,0,1
GACCAGGGAGCCC,0,1
GACCAGGGCCAGC,0,1
GACCAGGGCCCAC,0,1
GACCAGGGCGACA,0,1
GACCAGGGGAAGA,1,1
GACCAGGGGACAC,0,1
GACCCAAACGGCC,0,1
GACCCAAAGGAAA,0,3
GACCCAAAGGACC,0,1
GACCCAACAGCCA,0,1
GACCCAACCCCCA,0,2
GACCCAACGGGCC,0,1
GACCCAAGAACCC,0,1
GACCCAAGAGACA,0,1
GACCCAAGAGAGC,0,1
GACCCAAGCAGGC,0,1
GACCCAAGGCGGC,0,1
GACCCACAGAGGA,0,1
GACCCACAGCGGC,0,1
GACCCACAGGCAC,0,1
GACCCACCCAGCC,1,1
GACCCACCCGGCC,2,4
GACCCAGAACCCA,1,1
GACCCAGACAAGC,0,1
GACCCAGACCACC,0,1
GACCCAGAGAGAA,0,1
GACCCAGAGAGGA,0,1
GACCCAGAGGGCC,0,1
GACCCAGCACCCC,0,1
GACCCAGCCACCA,0,1
GACCCAGCCAGCC,0,1
GACCCAGCGGGGC,0,1
GACCCAGGACGGC,1,1
GACCCAGGAGACC,0,1
GACCCAGGAGCCC,0,1
GACCCAGGGCAGC,0,1
GACCCAGGGGCAC,0,1
GACCCAGGGGGAC,1,1
GACCCCAAAGCGC,0,1
GACCCCAACCCCA,0,7
GACCCCAAGCCCC,0,1
GACCCCAAGGCCC,0,1
GACCCCACACCAC,0,1
GACCCCACCCACC,0,1
GACCCCACCCGGC,0,1
GACCCCAGAAGGA,0,1
GACCCCAGCAGGA,0,2
GACCCCAGCCGGC,0,1
GACCCCAGCGCCC,1,1
GACCCCCAACCGA,0,1
GACCCCCCAGCAC,0,2
GACCCCCCCCCCC,0,1
GACCCCCGAGGCA,0,1
GACCCCCGCCGCC,0,1
GACCCCCGGGAGA,1,1
GACCCCGACAGGC,1,1
GACCCCGACCACC,1,1
GACCCCGACCCCA,0,1
GACCCCGCAGAGA,0,1
GACCCCGCCCCGC,0,1
GACCCCGCGGGAC,0,1
GACCCCGGCCCGA,0,1
GACCCCGGCGCGC,0,1
GACCCCGGGAGCA,0,1
GACCCGAAGAGGC,0,1
GACCCGACGCGAC,1,1
GACCCGAGACCAC,0,1
GACCCGAGCGGAC,1,1
GACCCGCCGCCGC,0,1
GACCCGCGAACCC,0,1
GACCCGGAGCCGC,0,1
GACCCGGCCCCGC,0,1
GACCCGGCGCGCA,0,1
GACCCGGCGGCGC,0,1
GACCCGGCGGGCA,0,2
GACCCGGCGGGCC,0,1
GACCCGGGGCGGC,0,1
GACCGAAACAGAA,0,1
GACCGAAAGCGAA,1,1
GACCGAAAGGAAA,0,1
GACCGAACCAGGA,1,1
GACCGAAGAGAGC,0,1
GACCGAAGAGCCC,0,1
GACCGAAGGGAGC,1,1
GACCGACACCAAA,0,1
GACCGACAGCGGA,0,1
GACCGACAGGCGC,1,1
GACCGACGAGCGA,0,2
GACCGAGAGAGAC,0,1
GACCGAGAGGGCC,2,2
GACCGAGCAGAAC,1,2
GACCGAGCCCACA,0,1
GACCGAGCCGCCC,0,1
GACCGAGGAAGGA,1,1
GACCGAGGAGGAC,0,2
GACCGAGGCAGAC,0,2
GACCGAGGCCAGA,0,6
GACCGAGGCCCCC,0,1
GACCGAGGGACGA,0,1
GACCGAGGGCCCC,0,1
GACCGCAAAAAGA,1,1
GACCGCACCCGCC,0,1
GACCGCACGACAA,0,2
GACCGCAGACAAC,0,1
GACCGCAGAGAAA,0,1
GACCGCAGCCACC,0,1
GACCGCAGCCGGA,0,2
GACCGCCAGGCCC,0,1
GACCGCCCCCCGC,0,1
GACCGCCCGGCGC,0,1
GACCGCCGCACGC,0,1
GACCGCCGGCGAC,0,1
GACCGCCGGGGGC,0,1
GACCGCGCAACGA,0,1
GACCGCGCAGCCC,0,1
GACCGCGCCGGCC,0,1
GACCGCGCGGCAC,0,1
GACCGCGCGGCCA,0,1
GACCGGACACCGC,0,1
GACCGGAGCCGCC,0,1
GACCGGAGGGAGC,0,1
GACCGGAGGGGCC,0,1
GACCGGCAACAAA,0,1
GACCGGCAAGGGA,0,1
GACCGGCAGCCAA,0,1
GACCGGCAGGCCA,0,1
GACCGGCCCACCA,0,1
GACCGGCCCGACA,0,1
GACCGGCCGGACA,0,1
GACCGGCCGGGCC,0,1
GACCGGCGAGAGA,0,1
GACCGGCGCAGCC,0,1
GACCGGGACCCAC,0,1
GACCGGGACCGGC,0,1
GACCGGGACGGCA,0,1
GACCGGGACGGGA,0,1
GACCGGGAGCAGC,0,1
GACCGGGAGCGCC,0,2
GACCGGGAGGGCC,0,1
GACCGGGCCCAAA,0,1
GACCGGGCGCGGA,0,1
GACCGGGGAAGCC,0,2
GACCGGGGACGGA,0,1
GACCGGGGGAAGC,0,1
GACGAAAAAAAGA,1,1
GACGAAAAACCAA,0,1
GACGAAAACGAAA,0,1
GACGAAACAAACA,0,16
GACGAAACACACC,0,3
GACGAAACCCAAA,0,1
GACGAAACCCACC,0,1
GACGAAACGAGAC,0,1
GACGAAAGACAAA,1,1
GACGAAAGAGAAA,0,1
GACGAAAGCACAC,0,1
GACGAAAGCAGGA,0,1
GACGAAAGGACGC,1,1
GACGAACAAAACC,0,1
GACGAACAAACCC,0,1
GACGAACCACGGA,1,1
GACGAACCGACCA,0,1
GACGAACGACGGC,0,1
GACGAACGCGAGC,0,1
GACGAAGAAAAAC,0,1
GACGAAGAAGAGC,0,1
GACGAAGAGCGCC,0,1
GACGAAGCCCAAA,0,2
GACGACAAAGAGA,0,1
GACGACAAAGGGA,0,1
GACGACAAGAAGA,0,1
GACGACAAGCGCA,0,1
GACGACACAGAGA,0,1
GACGACACAGGGA,0,1
GACGACACCGGCC,0,1
GACGACACGAGCA,0,2
GACGACAGAGCCA,1,2
GACGACAGAGCGA,0,1
GACGACAGCAACC,0,1
GACGACAGGAGCC,0,1
GACGACAGGGGCA,1,1
GACGACCACGAGC,0,1
GACGACCCAAGCA,0,1
GACGACCGAGCAC,0,1
GACGACCGGCGCC,0,1
GACGACCGGGCCC,0,1
GACGACGAAGAGC,0,1
GACGACGAAGGAA,1,1
GACGACGACAGCA,0,1
GACGACGACCGCC,0,1
GACGACGACGAGC,1,1
GACGACGACGCAC,0,1
GACGACGAGAACA,1,1
GACGACGAGCCGA,0,1
GACGACGAGGAGC,1,1
GACGACGAGGCGC,0,1
GACGACGCGCCCA,0,1
GACGACGGACGCA,0,1
GACGACGGGAACA,0,1
GACGACGGGAACC,0,1
GACGAGAAAAAAA,0,1
GACGAGAAACCAA,0,2
GACGAGAAAGAAC,0,1
GACGAGAACCGGC,1,1
GACGAGAACGAAA,0,1
GACGAGAAGAAGA,0,1
GACGAGAAGAGCA,0,3
GACGAGACAGACA,0,1
GACGAGACAGAGC,1,3
GACGAGAGAGAGA,0,1
GACGAGAGAGAGC,4,4
GACGAGAGAGCAC,0,1
GACGAGAGCGAGC,0,2
GACGAGCAACGCA,0,1
GACGAGCACCAAC,0,1
GACGAGCACGACA,1,1
GACGAGCAGAACA,0,1
GACGAGCAGAGCA,0,1
GACGAGCAGCGCA,0,16
GACGAGCCAGAGC,1,1
GACGAGCCGAACC,0,3
GACGAGCGAGCGA,0,1
GACGAGGACACCA,0,1
GACGAGGACCCAC,0,1
GACGAGGAGCCCC,0,1
GACGAGGAGCGGC,1,2
GACGAGGAGGGGA,0,1
GACGAGGCACAGA,0,1
GACGAGGCACAGC,1,1
GACGAGGCAGAGC,1,4
GACGAGGCAGCGA,0,1
GACGAGGCAGCGC,1,1
GACGAGGCAGGCC,0,1
GACGAGGCGGGCC,0,2
GACGAGGGCAGAC,0,1
GACGAGGGGAACC,0,1
GACGCAAAGAAGA,0,1
GACGCAAGCCGCA,0,1
GACGCAAGGCCGA,0,1
GACGCAAGGGCAC,0,1
GACGCACAGCCGC,0,1
GACGCACCCCGAA,0,1
GACGCACCCCGGA,1,1
GACGCAGACCACC,0,1
GACGCAGAGCCAC,0,1
GACGCAGAGCCGC,0,2
GACGCAGAGGAAA,0,1
GACGCAGCAGGCC,1,1
GACGCAGCGAGAA,0,1
GACGCAGCGGACA,0,1
GACGCAGGAGCCC,0,1
GACGCAGGGACAC,0,1
GACGCCAAGACCA,0,1
GACGCCACAGACA,0,1
GACGCCAGACGGA,0,1
GACGCCAGCAGGC,0,1
GACGCCAGGCAGC,0,1
GACGCCAGGCCAC,0,1
GACGCCAGGGAGA,0,1
GACGCCCGACAGC,0,1
GACGCCGAAGGCC,0,1
GACGCCGAGGCAA,0,1
GACGCCGCACGGC,0,1
GACGCCGCCGCGC,0,1
GACGCCGGAAGAA,0,1
GACGCCGGCGGGC,0,1
GACGCCGGGACCA,0,1
GACGCGAACAGCC,0,1
GACGCGAACGGCA,0,1
GACGCGAAGAGCA,0,1
GACGCGACAGGAA,0,2
GACGCGCAGCGGA,0,1
GACGCGCCCAGAA,0,1
GACGCGCGCAGCC,0,1
GACGCGGAAAACC,0,1
GACGCGGAAGAAC,0,1
GACGCGGAGCGGC,0,1
GACGCGGCGACAA,0,1
GACGCGGCGGCGC,0,1
GACGCGGGACAAA,0,2
GACGCGGGACGAA,0,1
GACGCGGGACGAC,0,1
GACGGAAAAAAGA,0,1
GACGGAAAAACCC,0,1
GACGGAAAGGCCA,0,1
GACGGAACAAGGC,0,1
GACGGAACCACAA,0,1
GACGGAACGGGCC,0,1
GACGGAAGACGGA,0,2
GACGGAAGAGAGC,1,1
GACGGAAGCCAGA,0,2
GACGGAAGGGAGA,1,1
GACGGAAGGGCGC,0,2
GACGGACAAAGAC,0,1
GACGGACAAGCAA,1,1
GACGGACACAAAA,0,1
GACGGACACGAGC,0,1
GACGGACAGCAAA,0,1
GACGGACAGGGGA,0,1
GACGGACCCAGAC,0,1
GACGGACGGCGAA,0,1
GACGGAGAAAGCC,0,1
GACGGAGACCAGA,0,1
GACGGAGACGACA,0,1
GACGGAGACGGAC,0,1
GACGGAGAGACCA,0,1
GACGGAGAGAGGC,0,1
GACGGAGCCAGGA,1,1
GACGGAGCCCAGA,0,1
GACGGAGCGACGC,0,1
GACGGAGCGAGAC,0,1
GACGGAGGAAGAA,0,1
GACGGAGGAGGAA,0,1
GACGGAGGCCAGA,0,3
GACGGAGGCGCGA,1,1
GACGGAGGCGGCC,1,1
GACGGAGGCGGGC,0,1
GACGGAGGGAGCA,0,1
GACGGAGGGAGGA,0,1
GACGGCAAAAGAC,0,1
GACGGCAACAAAA,0,1
GACGGCAAGAGCC,0,1
GACGGCACCCGCC,0,1
GACGGCACCCGGC,0,1
GACGGCAGCCAGC,0,1
GACGGCAGCGCCA,0,1
GACGGCAGCGCCC,0,1
GACGGCAGGGAGC,0,1
GACGGCCAAAGAA,0,1
GACGGCCAAGGCC,0,2
GACGGCCAAGGGA,0,3
GACGGCCACACAA,0,3
GACGGCCCACCGC,0,1
GACGGCCCGGGAC,1,2
GACGGCGACAGAC,0,1
GACGGCGACGGCA,0,1
GACGGCGCAGAGA,0,1
GACGGCGCCAAAA,0,1
GACGGCGCCCGCC,0,1
GACGGCGCGACGC,0,1
GACGGCGCGAGCA,0,1
GACGGCGGAGCCC,0,4
GACGGCGGCGGCC,0,3
GACGGCGGGACAC,0,1
GACGGCGGGCGGC,0,1
GACGGCGGGGAGA,0,1
GACGGCGGGGCCC,0,2
GACGGGAAAAGGA,0,1
GACGGGAAGCAGC,0,1
GACGGGAAGCGGA,0,1
GACGGGACCGGGA,1,1
GACGGGACGGGCC,1,1
GACGGGAGACAAC,0,1
GACGGGAGGCGGA,0,5
GACGGGCAAGAAA,0,1
GACGGGCAAGGAA,0,1
GACGGGCACGGGC,0,2
GACGGGCAGAAAC,0,1
GACGGGCAGCGCA,0,1
GACGGGCAGGGAA,1,1
GACGGGCCAGCGA,0,1
GACGGGCCCAGGA,0,1
GACGGGCCCGAGC,0,1
GACGGGCCGAGAA,2,2
GACGGGCCGCAAC,0,1
GACGGGCCGCCGC,0,1
GACGGGCCGGGCC,0,1
GACGGGGAACCAC,0,1
GACGGGGAACCGA,0,1
GACGGGGACGAGA,0,2
GACGGGGACGAGC,0,2
GACGGGGAGGGCA,0,1
GACGGGGCAAGAA,0,1
GACGGGGCGACCC,0,1
GACGGGGCGCAGA,0,1
GACGGGGCGGACC,1,1
GACGGGGCGGGAC,1,1
GACGGGGGAAGGA,1,1
GACGGGGGCAAGC,0,1
GACGGGGGCGGGC,0,1
GAGAAAAAAAAAA,0,2
GAGAAAAAAAAAC,0,1
GAGAAAAAAAGAA,0,1
GAGAAAAAAAGGA,0,1
GAGAAAAAACAAA,0,5
GAGAAAAAACCCA,0,2
GAGAAAAAAGAGA,0,1
GAGAAAAACAAAA,0,1
GAGAAAAACACAC,0,1
GAGAAAAACAGGA,0,1
GAGAAAAACCACC,0,1
GAGAAAAACCCGC,0,1
GAGAAAAACCGGC,0,1
GAGAAAAACGAAA,0,1
GAGAAAAAGAAGA,0,1
GAGAAAAAGGGGC,0,1
GAGAAAACCCAGA,0,1
GAGAAAACCCGGC,0,1
GAGAAAACCGCAC,0,1
GAGAAAACGGGGA,0,1
GAGAAAAGAAAAA,0,1
GAGAAAAGAAGAA,0,1
GAGAAAAGACACA,0,1
GAGAAAAGACACC,0,1
GAGAAAAGAGACA,1,1
GAGAAAAGCAACA,0,3
GAGAAAAGCACAC,0,1
GAGAAAAGCAGAA,0,1
GAGAAAAGCAGCA,0,2
GAGAAAAGCAGCC,0,1
GAGAAAAGCAGGA,0,1
GAGAAAAGCGCAA,0,1
GAGAAAAGGAAGA,0,1
GAGAAAAGGAGGA,1,2
GAGAAAAGGGCCA,1,1
GAGAAACAAGCCC,0,1
GAGAAACAAGGGA,0,1
GAGAAACACAAAC,0,1
GAGAAACACAAGC,0,2
GAGAAACACCAAC,0,3
GAGAAACAGACGC,0,1
GAGAAACAGAGAA,0,1
GAGAAACAGAGGA,0,1
GAGAAACAGGAAA,0,1
GAGAAACCAAGCA,0,2
GAGAAACCACCGA,0,1
GAGAAACCCAGAC,0,1
GAGAAACCCCCAA,0,1
GAGAAACCGCGCC,0,1
GAGAAACCGGCCA,0,1
GAGAAACGGAGCA,0,1
GAGAAACGGAGCC,0,1
GAGAAAGAAAAAA,0,1
GAGAAAGAAAAGA,0,1
GAGAAAGAAAAGC,0,1
GAGAAAGAAAGGA,0,2
GAGAAAGAACCAC,0,2
GAGAAAGAAGAAC,0,3
GAGAAAGAAGACA,0,1
GAGAAAGACACAA,0,1
GAGAAAGACCAAA,0,1
GAGAAAGACCCAC,0,1
GAGAAAGACCCGC,0,1
GAGAAAGACCGCA,0,1
GAGAAAGAGAAGA,1,1
GAGAAAGAGCCAC,0,1
GAGAAAGAGCGGC,0,1
GAGAAAGAGGAAA,0,1
GAGAAAGCAAGAC,0,1
GAGAAAGCACCAC,0,1
GAGAAAGCCGAAA,0,1
GAGAAAGGAACGA,0,2
GAGAAAGGAAGAA,0,1
GAGAAAGGACAGC,0,1
GAGAAAGGAGGAC,0,1
GAGAAAGGAGGCA,0,2
GAGAAAGGCAACA,1,1
GAGAAAGGCCAGA,0,1
GAGAAAGGGCGCA,0,1
GAGAAAGGGGAGA,0,1
GAGAACAAAAAAC,0,1
GAGAACAAAGGAC,1,1
GAGAACAAGAAAC,1,1
GAGAACACAAAGA,0,2
GAGAACACAAGGC,0,2
GAGAACACACGAA,0,2
GAGAACACGAACA,0,1
GAGAACAGAAACA,1,1
GAGAACAGAAGCC,0,1
GAGAACAGGAACA,0,1
GAGAACAGGAGCA,0,1
GAGAACAGGAGGA,0,1
GAGAACAGGGAGC,0,5
GAGAACCAGCCCC,0,1
GAGAACCAGGGCA,0,1
GAGAACCCAACAA,0,1
GAGAACCCAACCC,0,2
GAGAACCCAAGAA,0,4
GAGAACCCAAGGA,0,1
GAGAACCGAGCCC,0,1
GAGAACCGGAAAC,0,1
GAGAACCGGCCGC,0,1
GAGAACGAAAAAC,0,1
GAGAACGAAACCC,2,2
GAGAACGAAACGC,0,1
GAGAACGAAGCAA,0,5
GAGAACGAGGCGC,0,2
GAGAACGCAAGAC,0,1
GAGAACGCCAGGA,0,2
GAGAACGCCCCCA,0,1
GAGAACGCGAAGC,0,2
GAGAACGCGAGAA,0,1
GAGAACGCGAGCA,1,1
GAGAACGGAGGAC,1,1
GAGAACGGGACAC,0,1
GAGAAGAAAGCAC,0,1
GAGAAGAAAGCGA,0,1
GAGAAGAAAGGAA,0,1
GAGAAGAACAACA,0,1
GAGAAGAACACCC,0,1
GAGAAGAACCGGA,0,1
GAGAAGAACGAAA,1,1
GAGAAGAAGAAAA,0,2
GAGAAGAAGAAGA,1,1
GAGAAGAAGAGAC,1,1
GAGAAGAAGAGCA,0,3
GAGAAGAAGAGGA,0,1
GAGAAGAAGGAAA,0,1
GAGAAGAAGGGCA,1,1
GAGAAGACAACAA,1,1
GAGAAGACAGGAA,0,1
GAGAAGACCAGAC,0,1
GAGAAGACGAAAA,0,1
GAGAAGACGGCAA,0,1
GAGAAGAGAAGGC,0,1
GAGAAGAGACAAA,0,1
GAGAAGAGACCGA,0,1
GAGAAGAGAGAAA,0,1
GAGAAGAGAGAGA,0,5
GAGAAGAGAGCAC,1,1
GAGAAGAGAGGAA,0,1
GAGAAGAGCCGGA,0,1
GAGAAGAGGAAGA,0,2
GAGAAGAGGAGGA,0,1
GAGAAGAGGAGGC,0,1
GAGAAGAGGGAAA,0,1
GAGAAGAGGGAAC,0,1
GAGAAGAGGGAGA,0,1
GAGAAGAGGGAGC,0,1
GAGAAGAGGGGAA,0,1
GAGAAGCAAAGCC,0,1
GAGAAGCAAAGGA,0,1
GAGAAGCAAGACA,1,1
GAGAAGCACACCA,0,1
GAGAAGCACAGAA,0,1
GAGAAGCACGGAC,0,1
GAGAAGCAGAAGA,1,2
GAGAAGCAGCAGA,0,4
GAGAAGCAGCGCC,0,1
GAGAAGCAGCGGC,0,1
GAGAAGCAGGACA,2,2
GAGAAGCAGGGCA,122,125
GAGAAGCAGGGGA,0,1
GAGAAGCCAAGCA,0,1
GAGAAGCCCCACA,0,1
GAGAAGCCCCAGC,0,1
GAGAAGCCCCGGC,0,1
GAGAAGCCGGAAC,0,1
GAGAAGCGAGGCC,0,1
GAGAAGGAACGAA,1,1
GAGAAGGAAGCAA,0,1
GAGAAGGAAGGAC,0,1
GAGAAGGACACCC,0,1
GAGAAGGAGAAGC,0,1
GAGAAGGAGCGGA,0,1
GAGAAGGCACAGC,1,3
GAGAAGGCGAGCC,0,1
GAGAAGGCGCACA,2,4
GAGAAGGCGGAGA,0,2
GAGAAGGGAAAAA,0,2
GAGAAGGGAACGC,0,2
GAGAAGGGAGGCC,0,1
GAGAAGGGAGGGA,0,1
GAGAAGGGCCACA,1,1
GAGAAGGGGAGCA,3,3
GAGAAGGGGCCCA,0,1
GAGAAGGGGGAAA,0,1
GAGACAAAAACAA,0,1
GAGACAAAAACCC,0,1
GAGACAAAAAGAA,1,1
GAGACAAAACAAC,0,2
GAGACAAAACCCA,0,1
GAGACAAAACGAC,0,2
GAGACAAAAGAAA,1,1
GAGACAACAAGAA,0,2
GAGACAACACGAC,0,1
GAGACAACGAACA,1,1
GAGACAACGGGGA,0,1
GAGACAAGAGAGC,0,1
GAGACAAGAGGCA,1,1
GAGACAAGCAACC,0,1
GAGACAAGCACAC,0,1
GAGACACACCCCC,0,1
GAGACACACGACC,0,1
GAGACACAGAAAC,0,2
GAGACACAGAACA,0,3
GAGACACAGACAA,1,1
GAGACACAGAGAC,0,1
GAGACACAGCCAA,0,1
GAGACACAGGAGA,0,1
GAGACACCAGAGC,0,1
GAGACACCCCACC,0,1
GAGACACCCGGGC,0,1
GAGACACGCCGGA,0,1
GAGACACGCCGGC,0,1
GAGACACGGCCAC,0,1
GAGACACGGGCAA,1,1
GAGACAGAAAAGA,0,2
GAGACAGAAGGGC,0,1
GAGACAGACAAAA,0,1
GAGACAGACACAC,0,1
GAGACAGACAGAA,0,1
GAGACAGAGCAGC,0,1
GAGACAGAGGCAA,0,1
GAGACAGCAAGAA,0,2
GAGACAGCAAGGC,0,1
GAGACAGCAGCCA,0,1
GAGACAGCAGGGC,1,1
GAGACAGCCAGCC,0,1
GAGACAGCGGGGA,0,1
GAGACAGGAAACA,0,1
GAGACAGGAAAGA,0,1
GAGACAGGACAAA,0,1
GAGACAGGAGAAA,0,3
GAGACAGGAGCAA,1,3
GAGACAGGCAGGA,0,1
GAGACAGGCCCCC,0,1
GAGACAGGGAACA,0,2
GAGACAGGGAAGA,0,1
GAGACAGGGACGA,0,3
GAGACAGGGGACA,0,1
GAGACCAAAACGA,0,1
GAGACCAAACAAA,0,1
GAGACCAAAGAAC,3,3
GAGACCAAAGGAC,0,1
GAGACCACAAGAA,0,2
GAGACCACCAAAC,1,1
GAGACCACCGAAC,0,1
GAGACCAGACCCA,0,2
GAGACCAGACCCC,0,1
GAGACCAGACGCA,1,1
GAGACCAGCAGGA,0,1
GAGACCAGCAGGC,0,1
GAGACCAGGGCAC,0,1
GAGACCAGGGGAA,1,1
GAGACCCAAACCC,0,2
GAGACCCAAGAAC,0,1
GAGACCCCACCCA,0,1
GAGACCCCAGCCC,0,1
GAGACCCCCCAGC,0,2
GAGACCCGGCGGC,0,1
GAGACCCGGGCCC,0,1
GAGACCGAAGAGA,0,1
GAGACCGACCGGC,0,1
GAGACCGAGAGGA,0,1
GAGACCGAGCGGA,0,1
GAGACCGCGCGGC,0,1
GAGACCGCGGACC,0,1
GAGACCGGCACCA,0,1
GAGACCGGCAGCC,0,1
GAGACCGGCCGGA,0,1
GAGACGAAAACGA,0,1
GAGACGAAAGAAC,0,1
GAGACGAACACAC,2,2
GAGACGAACCGAC,0,1
GAGACGAAGCCCA,0,1
GAGACGACAACAA,1,3
GAGACGACAAGAC,1,1
GAGACGACGAGAA,1,1
GAGACGAGAAAAC,0,2
GAGACGAGAGAGA,0,1
GAGACGAGAGCGA,0,2
GAGACGAGCCGAA,1,3
GAGACGAGGAGCC,0,1
GAGACGAGGAGGA,0,2
GAGACGCACCAAC,0,1
GAGACGCCAGGCA,0,1
GAGACGCCCGACA,0,1
GAGACGCGACCCC,0,1
GAGACGCGGCGAC,0,1
GAGACGGAACCAC,0,1
GAGACGGACCGAA,0,1
GAGACGGAGCGAC,0,1
GAGACGGAGGCCA,0,1
GAGACGGCGGGGA,0,1
GAGACGGGAGAAC,0,1
GAGACGGGGAACC,0,2
GAGACGGGGACGA,0,2
GAGACGGGGCGGA,1,1
GAGAGAAAAAAAA,0,2
GAGAGAAAAACGA,0,1
GAGAGAAAAAGAA,0,2
GAGAGAAAACAAA,0,3
GAGAGAAAACCAA,0,1
GAGAGAAAAGAAA,0,4
GAGAGAAAAGAGA,1,1
GAGAGAAACACAA,0,3
GAGAGAAACAGGA,0,1
GAGAGAAACGGGC,0,1
GAGAGAAAGACGA,0,2
GAGAGAAAGAGAA,0,1
GAGAGAAAGAGAC,0,1
GAGAGAAAGAGCA,0,3
GAGAGAAAGAGCC,0,1
GAGAGAAAGGAAA,0,1
GAGAGAAAGGACC,0,1
GAGAGAAAGGCCA,0,1
GAGAGAAAGGGAA,0,1
GAGAGAAAGGGCA,0,1
GAGAGAAAGGGGA,0,1
GAGAGAACACAGA,1,1
GAGAGAACAGGAA,1,1
GAGAGAACCCGCC,0,1
GAGAGAACCGAGC,0,1
GAGAGAACGGGAA,0,1
GAGAGAAGAGACA,1,1
GAGAGAAGAGAGA,0,1
GAGAGAAGCCGGA,1,2
GAGAGAAGGCAGA,0,1
GAGAGAAGGGAAA,0,6
GAGAGAAGGGGGA,0,1
GAGAGACAAAAGA,0,1
GAGAGACAAAGAA,0,2
GAGAGACACACGA,0,1
GAGAGACACAGAC,1,1
GAGAGACACGGCA,0,1
GAGAGACAGAAAA,0,1
GAGAGACAGAGCA,0,1
GAGAGACAGAGGC,0,1
GAGAGACAGCGAC,0,2
GAGAGACAGGGAA,0,3
GAGAGACCAGAAA,0,2
GAGAGACCAGACC,0,1
GAGAGACCCGGGC,0,1
GAGAGACGCAGAA,0,1
GAGAGACGCCCAA,0,1
GAGAGACGCGACC,0,1
GAGAGACGCGCGC,0,1
GAGAGACGGAACA,0,1
GAGAGACGGAACC,1,1
GAGAGACGGGAGA,0,1
GAGAGACGGGCGC,0,1
GAGAGACGGGGAC,0,1
GAGAGAGAAAAAA,0,1
GAGAGAGAAAACA,0,1
GAGAGAGAAAAGA,1,2
GAGAGAGAAACAC,0,3
GAGAGAGAACACA,1,1
GAGAGAGAACACC,0,1
GAGAGAGAAGAAA,0,1
GAGAGAGAAGAGA,0,1
GAGAGAGAAGCGA,0,1
GAGAGAGAAGGAA,0,1
GAGAGAGACAGAA,0,1
GAGAGAGACGAAA,0,1
GAGAGAGAGAAAC,0,1
GAGAGAGAGAACA,1,1
GAGAGAGAGAAGA,0,5
GAGAGAGAGAAGC,0,1
GAGAGAGAGACAC,0,1
GAGAGAGAGAGAC,0,5
GAGAGAGAGAGCA,1,3
GAGAGAGAGAGCC,0,1
GAGAGAGAGAGGC,0,1
GAGAGAGAGCAAA,0,1
GAGAGAGAGCACA,28,41
GAGAGAGAGCACC,9,9
GAGAGAGAGCAGA,0,1
GAGAGAGAGCGAC,1,1
GAGAGAGAGGAGA,0,1
GAGAGAGAGGCAA,0,1
GAGAGAGAGGGAA,0,1
GAGAGAGCACAAC,1,16
GAGAGAGCACACC,0,7
GAGAGAGCACAGC,8,13
GAGAGAGCACCAA,0,1
GAGAGAGCACCGC,9,9
GAGAGAGCACGCA,0,1
GAGAGAGCACGCC,0,4
GAGAGAGCAGACA,0,1
GAGAGAGCCAAGC,0,1
GAGAGAGCCAGGA,0,1
GAGAGAGCGACGA,1,1
GAGAGAGCGAGAC,0,1
GAGAGAGCGGGGA,0,1
GAGAGAGGAAAAC,0,1
GAGAGAGGAAGGC,0,2
GAGAGAGGAGAAA,0,1
GAGAGAGGAGAGA,0,2
GAGAGAGGCAAGA,0,1
GAGAGAGGCAGCA,0,1
GAGAGAGGGAACA,0,1
GAGAGAGGGAAGA,0,1
GAGAGAGGGAGAA,0,1
GAGAGAGGGAGGA,0,1
GAGAGAGGGGGGC,0,1
GAGAGCAAAAAGA,0,2
GAGAGCAAAAGCA,0,1
GAGAGCAAAGCCA,0,1
GAGAGCAACAAAA,0,1
GAGAGCAACAAGA,1,1
GAGAGCAACACCA,0,1
GAGAGCAAGAAAA,0,1
GAGAGCAAGAGCC,0,1
GAGAGCAAGGACA,0,1
GAGAGCAAGGAGC,0,1
GAGAGCACAAAAC,0,1
GAGAGCACAACCC,1,17
GAGAGCACACCCA,0,1
GAGAGCACAGAAC,1,1
GAGAGCACAGAGA,0,1
GAGAGCACAGCCC,4,7
GAGAGCACGCGAA,1,1
GAGAGCACGGAGC,1,1
GAGAGCAGAACAA,0,1
GAGAGCAGACAGC,0,1
GAGAGCAGAGCCC,0,2
GAGAGCAGCCCCA,0,1
GAGAGCAGGAAGA,2,2
GAGAGCAGGAAGC,0,1
GAGAGCAGGCCAC,0,1
GAGAGCAGGGAAA,0,1
GAGAGCAGGGAAC,0,1
GAGAGCAGGGAGA,0,1
GAGAGCCAACGCA,0,1
GAGAGCCAGAACA,1,1
GAGAGCCAGAGCA,0,1
GAGAGCCAGGGCC,0,1
GAGAGCCCAGGCA,0,1
GAGAGCCCGGAGC,0,1
GAGAGCCCGGCGC,0,1
GAGAGCCCGGGGA,0,1
GAGAGCCGAGGCA,0,1
GAGAGCCGAGGGC,0,1
GAGAGCGAAGCAA,0,1
GAGAGCGACAACC,0,1
GAGAGCGAGCACA,0,1
GAGAGCGAGCACC,0,2
GAGAGCGAGGGGA,0,1
GAGAGCGCAAAAA,1,1
GAGAGCGCAGAGA,0,1
GAGAGCGGGAACA,0,1
GAGAGCGGGAGCC,0,1
GAGAGCGGGGAGA,0,1
GAGAGCGGGGGGA,1,1
GAGAGGAAAAAAA,0,1
GAGAGGAAAAACC,0,1
GAGAGGAAAACGA,0,1
GAGAGGAAAGAGA,0,1
GAGAGGAACCGGA,0,1
GAGAGGAAGAAAA,0,1
GAGAGGAAGAAAC,0,1
GAGAGGAAGCAAA,0,1
GAGAGGAAGCAGC,0,2
GAGAGGAAGCGGA,0,1
GAGAGGAAGGCAA,0,1
GAGAGGAAGGGAA,0,2
GAGAGGACAGGAC,1,1
GAGAGGACAGGGA,1,1
GAGAGGACCACCC,1,1
GAGAGGACGAGCA,0,1
GAGAGGAGAAAGC,0,1
GAGAGGAGAGAAA,0,1
GAGAGGAGAGAGA,0,2
GAGAGGAGAGAGC,0,1
GAGAGGAGAGGGA,0,1
GAGAGGAGCAACA,0,1
GAGAGGAGCAAGC,0,1
GAGAGGAGCAGAA,0,1
GAGAGGAGCCCCA,0,1
GAGAGGAGCGGAA,0,1
GAGAGGAGCGGGC,0,1
GAGAGGAGGCGAC,0,1
GAGAGGAGGGAAC,0,1
GAGAGGCACAGAC,0,1
GAGAGGCACCGAC,0,1
GAGAGGCACGAAC,0,2
GAGAGGCACGCCA,0,1
GAGAGGCAGAAAA,2,3
GAGAGGCAGAGCC,0,1
GAGAGGCAGCAGA,0,1
GAGAGGCAGCGGC,0,1
GAGAGGCAGGGAC,0,2
GAGAGGCAGGGCA,1,1
GAGAGGCAGGGGC,0,1
GAGAGGCCAAGAC,0,1
GAGAGGCCAGAAC,0,1
GAGAGGCCAGACA,0,1
GAGAGGCCCGGCC,0,1
GAGAGGCCGCACC,0,1
GAGAGGCCGCGCC,0,1
GAGAGGCCGGCCA,0,1
GAGAGGCCGGGGC,0,3
GAGAGGCGACCGC,0,3
GAGAGGCGAGAAA,0,1
GAGAGGCGAGAGA,0,5
GAGAGGCGGAGAA,0,2
GAGAGGCGGAGAC,0,23
GAGAGGCGGCGGC,0,1
GAGAGGGAAAAAC,0,1
GAGAGGGAAAGGC,0,1
GAGAGGGAACACA,0,1
GAGAGGGAACAGA,0,1
GAGAGGGAAGAAC,1,1
GAGAGGGACAAAA,0,1
GAGAGGGACACGC,0,4
GAGAGGGACGAAA,0,1
GAGAGGGACGCAC,0,1
GAGAGGGAGACGC,0,1
GAGAGGGAGAGAA,0,4
GAGAGGGAGAGGA,0,1
GAGAGGGAGAGGC,0,1
GAGAGGGAGCACA,0,6
GAGAGGGAGGAGA,0,5
GAGAGGGAGGCCC,0,1
GAGAGGGCAAACA,0,3
GAGAGGGCAACAA,0,1
GAGAGGGCCCACA,6,6
GAGAGGGCGAAAA,1,14
GAGAGGGGAAAAC,1,1
GAGAGGGGAAAGA,0,1
GAGAGGGGAAGGA,1,1
GAGAGGGGACCAC,0,3
GAGAGGGGAGAGA,0,3
GAGAGGGGCCGCC,0,1
GAGAGGGGCGGGA,0,1
GAGAGGGGGAAAC,0,1
GAGAGGGGGAAGA,0,1
GAGAGGGGGAGAA,0,1
GAGAGGGGGAGCC,0,1
GAGAGGGGGCAGC,1,1
GAGCAAAAAAAAC,0,1
GAGCAAAAAAGAC,0,1
GAGCAAAAACCCA,0,1
GAGCAAAAACCCC,0,1
GAGCAAAAAGACA,1,1
GAGCAAAACAAAC,0,1
GAGCAAAACACAC,0,1
GAGCAAAACGGAC,0,1
GAGCAAAAGCACA,0,1
GAGCAAAAGCACC,0,1
GAGCAAAAGCCCA,0,1
GAGCAAACAAAAA,0,1
GAGCAAACACACC,0,1
GAGCAAACAGCAC,0,1
GAGCAAAGAAAGA,1,1
GAGCAAAGAAGAA,0,1
GAGCAAAGAAGGA,0,1
GAGCAAAGCACAC,0,16
GAGCAAAGCACGA,0,1
GAGCAAAGGAGGA,0,1
GAGCAAAGGCGGC,0,1
GAGCAACAACAAC,0,2
GAGCAACAAGACA,1,1
GAGCAACAAGGGA,0,1
GAGCAACACAACC,1,1
GAGCAACAGAAGC,0,1
GAGCAACAGACGC,0,1
GAGCAACAGCCCA,0,1
GAGCAACAGGCAC,0,1
GAGCAACCCAGCC,0,1
GAGCAACCGACAA,0,5
GAGCAACCGAGAC,0,1
GAGCAACGAAGCA,0,1
GAGCAACGACAGC,0,1
GAGCAACGCGAAC,2,2
GAGCAAGAAACCC,0,1
GAGCAAGAAGACC,0,1
GAGCAAGAAGCAA,0,1
GAGCAAGACAAGA,0,1
GAGCAAGACACCA,0,1
GAGCAAGAGAGAA,0,1
GAGCAAGCAGAGA,0,1
GAGCAAGCAGCCA,0,1
GAGCAAGCCGAAC,0,1
GAGCAAGGCAAGA,0,1
GAGCAAGGCACCC,0,1
GAGCAAGGCCAGC,0,1
GAGCAAGGCGGCA,0,1
GAGCAAGGGAGAA,1,2
GAGCAAGGGCCGA,0,1
GAGCACAAAAAAA,0,1
GAGCACAAAACCA,0,1
GAGCACAAAAGCC,1,1
GAGCACAACCCGA,0,2
GAGCACAACCCGC,0,5
GAGCACAAGGAGA,0,1
GAGCACACAAACA,0,1
GAGCACACAAAGC,0,1
GAGCACACACGAA,0,2
GAGCACACAGAGA,0,1
GAGCACACAGCAC,0,1
GAGCACACCAAAA,0,1
GAGCACACCCACC,0,1
GAGCACACGGCGC,0,3
GAGCACACGGGGC,0,1
GAGCACAGACAGA,0,1
GAGCACAGCCCGA,0,2
GAGCACAGCGGGA,0,1
GAGCACAGGGGAA,0,1
GAGCACCAAGGGA,1,1
GAGCACCAGCAGC,0,1
GAGCACCAGCCAC,1,1
GAGCACCAGCCCA,0,1
GAGCACCAGGAAA,0,1
GAGCACCAGGAAC,0,1
GAGCACCAGGACC,0,1
GAGCACCCCACCA,0,1
GAGCACCCCGAGA,0,1
GAGCACCCGCCCA,0,1
GAGCACCCGGCGC,0,1
GAGCACCGAGGCA,0,1
GAGCACGAAGAAC,0,1
GAGCACGCACCCC,0,1
GAGCACGCCGGAA,0,1
GAGCACGCGAGAA,0,1
GAGCACGCGGCCA,1,1
GAGCACGGCCCAA,0,1
GAGCACGGCCCCA,0,1
GAGCACGGCCGCA,0,1
GAGCACGGCCGCC,0,2
GAGCACGGCGACC,0,1
GAGCACGGGAGAA,0,1
GAGCAGAAAAGAA,0,1
GAGCAGAAACAGA,1,2
GAGCAGAAGCACA,0,1
GAGCAGAAGCAGA,0,1
GAGCAGAAGGAGA,4,4
GAGCAGACAACGA,1,1
GAGCAGACACCGC,0,1
GAGCAGACAGACC,0,1
GAGCAGACAGGGA,1,1
GAGCAGAGAAAGA,0,6
GAGCAGAGACAGA,0,10
GAGCAGAGAGCCC,0,1
GAGCAGAGAGGGA,0,1
GAGCAGAGCAGAA,0,1
GAGCAGAGCCCAA,0,1
GAGCAGAGCCCCC,0,2
GAGCAGAGCCGGC,1,1
GAGCAGAGCGAGC,0,1
GAGCAGAGGCAGA,0,2
GAGCAGAGGCCCA,0,1
GAGCAGAGGGCCA,1,2
GAGCAGAGGGCCC,0,1
GAGCAGCAAGAGA,1,1
GAGCAGCAAGGAC,0,1
GAGCAGCACCCCC,0,1
GAGCAGCACGGGA,0,1
GAGCAGCAGAGGA,2,2
GAGCAGCAGAGGC,0,1
GAGCAGCAGCACA,0,1
GAGCAGCAGGCAC,0,1
GAGCAGCAGGGAA,0,2
GAGCAGCAGGGAC,0,1
GAGCAGCCAAGGA,2,2
GAGCAGCCAAGGC,0,1
GAGCAGCCACAGC,0,2
GAGCAGCCAGAGC,0,2
GAGCAGCCAGCCC,0,1
GAGCAGCCAGCGA,0,1
GAGCAGCCCCACA,0,1
GAGCAGCCCCCCA,0,3
GAGCAGCCCCCGC,0,1
GAGCAGCCGACAC,0,1
GAGCAGCCGGACC,1,1
GAGCAGCCGGAGC,1,1
GAGCAGCGAACGA,0,1
GAGCAGCGCCAAA,0,1
GAGCAGCGCCCCC,0,1
GAGCAGCGGACAC,0,1
GAGCAGCGGGGAA,0,1
GAGCAGGAAACGC,0,5
GAGCAGGAAGAGC,1,1
GAGCAGGAAGCCA,0,1
GAGCAGGAAGCGA,0,1
GAGCAGGACACCC,0,1
GAGCAGGACGACC,0,1
GAGCAGGAGCAGC,0,1
GAGCAGGAGGACA,0,1
GAGCAGGAGGAGA,0,1
GAGCAGGAGGGCA,0,1
GAGCAGGCAAGAC,0,1
GAGCAGGCACAGA,0,2
GAGCAGGCACAGC,0,1
GAGCAGGCCACCC,0,1
GAGCAGGCCAGCC,0,1
GAGCAGGCCCAGA,0,1
GAGCAGGCGAGGC,1,1
GAGCAGGCGGAGA,0,1
GAGCAGGCGGGGC,0,1
GAGCAGGGAAAAA,0,1
GAGCAGGGAACGA,0,2
GAGCAGGGAGAAA,0,1
GAGCAGGGAGAGC,0,2
GAGCAGGGAGCAA,0,1
GAGCAGGGCACCC,0,1
GAGCAGGGCAGGC,0,1
GAGCAGGGCCGGC,0,1
GAGCAGGGGAACA,0,1
GAGCAGGGGAGAA,0,1
GAGCAGGGGGAAA,0,1
GAGCAGGGGGCGA,0,1
GAGCAGGGGGGAA,0,1
GAGCCAAAAACCA,0,1
GAGCCAAACGGGA,0,1
GAGCCAAAGCCCA,0,1
GAGCCAACAAAGC,0,5
GAGCCAAGCAGAA,0,1
GAGCCAAGCAGAC,0,1
GAGCCAAGGGACA,0,1
GAGCCACAACAGC,0,1
GAGCCACACACAC,0,1
GAGCCACACAGGA,0,1
GAGCCACACGCAC,1,6
GAGCCACAGGCAA,0,1
GAGCCACCGCACC,0,1
GAGCCACGCCCGA,0,2
GAGCCACGCGCAC,1,1
GAGCCACGGCCAC,0,1
GAGCCAGAAAAAC,0,1
GAGCCAGAACACA,1,1
GAGCCAGAAGAAC,0,3
GAGCCAGACAGAC,0,2
GAGCCAGACCGCA,0,2
GAGCCAGAGACGC,0,1
GAGCCAGAGCAGC,0,1
GAGCCAGAGCGAC,0,1
GAGCCAGAGGACC,0,1
GAGCCAGCACAAC,0,1
GAGCCAGCAGCCA,0,1
GAGCCAGCCGCCC,0,1
GAGCCAGCGGAGA,1,1
GAGCCAGCGGGGC,0,1
GAGCCAGGAAGAA,0,1
GAGCCAGGCCGCA,0,1
GAGCCAGGCGAAA,0,1
GAGCCAGGGAAGA,1,2
GAGCCAGGGACGA,1,1
GAGCCAGGGCCAC,0,1
GAGCCAGGGCGAA,0,1
GAGCCAGGGGGCC,0,1
GAGCCCAAACCAA,0,1
GAGCCCAACAGGA,0,1
GAGCCCAACCCAA,0,2
GAGCCCAACGACC,0,1
GAGCCCAAGAGGC,0,1
GAGCCCACACCCC,0,1
GAGCCCACCGAGC,0,2
GAGCCCACCGGCA,0,1
GAGCCCACGGGCC,0,1
GAGCCCAGAAACA,0,1
GAGCCCAGACAGA,0,1
GAGCCCAGACAGC,0,1
GAGCCCAGACCCA,0,2
GAGCCCAGCAGGA,0,1
GAGCCCAGCAGGC,0,1
GAGCCCAGCCAAA,0,1
GAGCCCAGCCACC,0,1
GAGCCCAGGAACA,0,1
GAGCCCAGGCAGC,0,1
GAGCCCAGGCCGC,1,1
GAGCCCAGGGCAA,0,1
GAGCCCAGGGCGC,0,1
GAGCCCCAAGCGA,0,1
GAGCCCCACGCAC,3,4
GAGCCCCAGACCC,0,1
GAGCCCCAGCAGC,0,1
GAGCCCCAGCGCC,0,1
GAGCCCCAGGAGA,0,1
GAGCCCCCAGCAC,0,1
GAGCCCCCAGGAC,0,2
GAGCCCCCCCCCC,0,1
GAGCCCCCCCCGC,0,1
GAGCCCCCCGAAA,0,1
GAGCCCCCCGGAC,0,1
GAGCCCCCGCAGC,0,1
GAGCCCCCGGGAC,0,1
GAGCCCCGAAACA,0,1
GAGCCCCGACGCC,0,1
GAGCCCCGCAGGC,1,1
GAGCCCCGCCAGC,0,1
GAGCCCCGCCGGA,0,1
GAGCCCGAAAAAC,0,1
GAGCCCGAACACA,0,1
GAGCCCGACGCAC,1,1
GAGCCCGACGCGC,1,1
GAGCCCGAGAGCA,0,1
GAGCCCGAGCAGC,0,1
GAGCCCGCGGCGC,0,1
GAGCCCGGAGACC,0,1
GAGCCCGGAGAGA,0,1
GAGCCCGGAGCCA,1,1
GAGCCCGGCCCGA,0,1
GAGCCCGGCCGGC,0,1
GAGCCCGGGCCGC,3,3
GAGCCCGGGGAGC,0,1
GAGCCGAAACACA,0,2
GAGCCGAAGAAAC,1,1
GAGCCGACCGCCC,0,2
GAGCCGAGGAGGA,1,1
GAGCCGAGGCACA,0,1
GAGCCGAGGGCCA,0,1
GAGCCGAGGGCCC,0,1
GAGCCGCAGGACA,0,1
GAGCCGCCAGGGC,0,1
GAGCCGCCCCGCC,0,2
GAGCCGCCGCAAA,0,1
GAGCCGCCGCCAC,0,1
GAGCCGCCGCCCC,0,7
GAGCCGCCGCGCA,1,1
GAGCCGCGACAGA,0,1
GAGCCGCGAGCCC,0,1
GAGCCGCGGCCCC,0,1
GAGCCGCGGCGAC,0,1
GAGCCGGAAGCGA,0,1
GAGCCGGAGCACA,0,1
GAGCCGGAGCAGC,0,1
GAGCCGGAGCCCC,1,1
GAGCCGGAGCGGA,0,1
GAGCCGGAGGACC,0,2
GAGCCGGAGGAGC,1,1
GAGCCGGCCGCGA,0,1
GAGCCGGCCGGCA,0,1
GAGCCGGCCGGGC,0,1
GAGCCGGCGCAGC,0,6
GAGCCGGCGGAGC,0,1
GAGCCGGGCGGCC,0,1
GAGCCGGGGACCC,0,1
GAGCCGGGGCCCC,0,1
GAGCGAAAAGCGA,0,1
GAGCGAAACCACA,0,1
GAGCGAACAACAA,0,1
GAGCGAACGAAAC,0,4
GAGCGAACGCGAC,0,1
GAGCGAAGAGAAC,0,1
GAGCGAAGCCCAA,1,1
GAGCGACAAGGGC,0,1
GAGCGACACAGAA,0,1
GAGCGACAGGCAC,0,1
GAGCGACCCACCA,0,1
GAGCGACCGCGGA,0,1
GAGCGACGAGAAC,0,1
GAGCGAGAAGCAC,1,1
GAGCGAGACAACA,0,1
GAGCGAGACGCCC,0,1
GAGCGAGAGGGAC,0,1
GAGCGAGAGGGCA,0,1
GAGCGAGCAAAAA,0,1
GAGCGAGCACAAC,0,1
GAGCGAGCAGAGA,1,1
GAGCGAGCAGAGC,0,1
GAGCGAGCCCGGC,0,1
GAGCGAGCGAGCC,1,1
GAGCGAGCGGACA,0,1
GAGCGAGGAGAGA,0,1
GAGCGAGGCACAA,0,1
GAGCGAGGCCGGA,0,1
GAGCGAGGGGAGA,0,1
GAGCGAGGGGCGA,0,1
GAGCGCAAAGAGA,0,1
GAGCGCAACCGCC,0,1
GAGCGCACAGGGC,0,1
GAGCGCACGAGGA,0,1
GAGCGCAGACCAA,0,1
GAGCGCAGAGAAA,0,1
GAGCGCAGCAAGA,1,1
GAGCGCAGGCCGC,0,1
GAGCGCAGGGCGC,0,1
GAGCGCCACACGC,0,2
GAGCGCCACCGGA,0,1
GAGCGCCCAGCAC,0,1
GAGCGCCGCACCC,0,1
GAGCGCCGCGGAC,0,2
GAGCGCCGGCGCA,0,1
GAGCGCCGGCGCC,0,1
GAGCGCCGGGACA,0,1
GAGCGCGAGCCGC,0,1
GAGCGCGCAGCCA,0,1
GAGCGCGCCGCGC,0,1
GAGCGCGGCGGCC,0,1
GAGCGCGGGACGC,0,1
GAGCGGAAAGAAA,0,1
GAGCGGAACCCCC,1,1
GAGCGGAACGGAA,0,1
GAGCGGAACGGCC,0,1
GAGCGGACAGCCA,0,2
GAGCGGACAGGCA,0,1
GAGCGGACCAAAC,0,1
GAGCGGACGAAAC,0,2
GAGCGGACGGAGA,0,1
GAGCGGAGAACCA,0,1
GAGCGGAGAGCCA,0,1
GAGCGGAGCCGGA,1,2
GAGCGGAGGAAAC,0,2
GAGCGGAGGAACC,0,1
GAGCGGAGGAGGA,0,1
GAGCGGAGGCGAA,0,1
GAGCGGAGGGGCC,1,1
GAGCGGCAACCAC,0,3
GAGCGGCACCAGC,0,1
GAGCGGCAGACCC,0,1
GAGCGGCAGCCAC,0,1
GAGCGGCCACAGC,0,1
GAGCGGCCAGAGC,0,1
GAGCGGCCGCACC,0,1
GAGCGGCCGGCCA,0,1
GAGCGGCGAACGA,0,2
GAGCGGCGACGGA,0,1
GAGCGGCGAGGAA,0,1
GAGCGGCGCGCGC,0,1
GAGCGGCGCGGGC,0,1
GAGCGGCGGAGAC,1,1
GAGCGGCGGGAGC,0,1
GAGCGGCGGGCGC,0,1
GAGCGGCGGGGCC,0,1
GAGCGGGAACACC,0,1
GAGCGGGAGGAGC,1,2
GAGCGGGCACAGC,0,1
GAGCGGGCACGGC,0,1
GAGCGGGCGCCGA,0,1
GAGCGGGCGCGGC,0,2
GAGCGGGCGGAGC,0,1
GAGCGGGGAACGA,0,3
GAGCGGGGACAGC,0,1
GAGCGGGGAGAGC,0,1
GAGCGGGGAGGAA,0,1
GAGCGGGGCAGGC,0,1
GAGCGGGGGAAGA,0,1
GAGCGGGGGAGGA,0,1
GAGCGGGGGGGCA,0,6
GAGGAAAAAAAAA,1,2
GAGGAAAAACAAA,0,1
GAGGAAAAACCCA,0,1
GAGGAAAAACCCC,0,1
GAGGAAAAACGCC,0,1
GAGGAAAAAGAGC,0,1
GAGGAAAACAAAA,0,1
GAGGAAAACAAAC,2,3
GAGGAAAACCAGA,0,1
GAGGAAAACGAAA,0,1
GAGGAAAAGAGGA,0,1
GAGGAAAAGCAAA,0,1
GAGGAAAAGGAGA,0,1
GAGGAAACAGAGA,0,1
GAGGAAACAGGCA,1,1
GAGGAAACCAGCA,1,1
GAGGAAAGAAAAC,1,1
GAGGAAAGAAACA,0,1
GAGGAAAGAACCA,0,2
GAGGAAAGAAGCA,6,10
GAGGAAAGACACA,0,2
GAGGAAAGAGAGA,2,2
GAGGAAAGAGCAC,0,1
GAGGAAAGAGGAA,0,2
GAGGAAAGCAAAC,1,2
GAGGAAAGCAACA,0,1
GAGGAAAGCAGAC,0,1
GAGGAAAGCCCAA,0,2
GAGGAAAGCGGGA,0,1
GAGGAAAGGAAGA,1,1
GAGGAAAGGAGGA,0,1
GAGGAAAGGGAGC,1,1
GAGGAAAGGGGAA,0,1
GAGGAACAAAGCC,0,1
GAGGAACAACACA,0,1
GAGGAACAAGCAA,0,1
GAGGAACAGGCCC,1,1
GAGGAACCCAGAC,0,1
GAGGAACCGACAA,0,1
GAGGAACGGGGAC,0,1
GAGGAAGAAAACA,0,1
GAGGAAGAAAAGA,0,9
GAGGAAGAAAGAA,0,1
GAGGAAGAAGGAA,0,1
GAGGAAGAAGGGA,1,2
GAGGAAGACACCC,0,4
GAGGAAGACAGCA,0,1
GAGGAAGACCCCA,1,1
GAGGAAGAGAAGA,0,3
GAGGAAGAGAAGC,0,3
GAGGAAGAGAGAC,0,1
GAGGAAGAGGAAA,0,1
GAGGAAGAGGAGA,0,1
GAGGAAGAGGAGC,0,1
GAGGAAGAGGCCA,0,1
GAGGAAGAGGGCA,1,1
GAGGAAGCACGAC,0,1
GAGGAAGCAGCAC,1,1
GAGGAAGCAGGGC,0,1
GAGGAAGCCAGCA,0,1
GAGGAAGCCCAGA,0,3
GAGGAAGCCGAGA,0,1
GAGGAAGCGGAGC,0,1
GAGGAAGGAAAGA,0,1
GAGGAAGGAAGGA,1,2
GAGGAAGGAAGGC,0,5
GAGGAAGGACCAA,0,2
GAGGAAGGAGCCA,1,1
GAGGAAGGAGCCC,0,1
GAGGAAGGAGGCC,0,1
GAGGAAGGGAGAA,0,1
GAGGAAGGGAGAC,0,1
GAGGAAGGGAGGA,1,1
GAGGAAGGGGAGC,0,1
GAGGAAGGGGGAA,0,2
GAGGACAAAACAC,1,1
GAGGACAAAGAAA,0,3
GAGGACAAAGGCC,1,1
GAGGACAAGAAGC,0,2
GAGGACAAGCAAA,0,2
GAGGACAAGCAGA,0,1
GAGGACACAGGCA,0,1
GAGGACACAGGCC,0,1
GAGGACACGGCAA,0,2
GAGGACAGAAGCA,1,1
GAGGACAGACACA,0,1
GAGGACAGCAAGA,0,2
GAGGACAGCAGAC,1,2
GAGGACAGCCAGA,0,1
GAGGACAGCCGCC,0,1
GAGGACAGGAAAA,0,1
GAGGACAGGAGGA,1,1
GAGGACAGGAGGC,1,3
GAGGACAGGGCAA,1,1
GAGGACCAAAACA,0,2
GAGGACCAAAACC,0,1
GAGGACCAAAGCC,0,1
GAGGACCAAGAAA,0,1
GAGGACCAAGGCA,1,1
GAGGACCAAGGCC,0,1
GAGGACCACCACC,0,1
GAGGACCACCCAC,1,1
GAGGACCAGCAGA,0,1
GAGGACCCAGACA,0,1
GAGGACCCAGCCA,0,1
GAGGACCCCAAGC,1,1
GAGGACCGAGCCC,0,1
GAGGACCGAGGCC,0,6
GAGGACCGCAGCC,0,1
GAGGACCGCCACC,0,1
GAGGACCGGAGAA,0,1
GAGGACGAAACAC,0,3
GAGGACGACGAAA,0,1
GAGGACGAGCAGA,0,1
GAGGACGAGGAGA,0,1
GAGGACGAGGGGA,0,1
GAGGACGCAGCCA,1,1
GAGGACGCAGGCA,1,1
GAGGACGCGCCGC,0,1
GAGGACGCGGCAC,0,1
GAGGACGGAACAC,0,1
GAGGACGGAGCCC,0,1
GAGGACGGAGGCC,0,2
GAGGACGGAGGGA,0,1
GAGGACGGCAGAA,0,1
GAGGACGGCAGAC,0,1
GAGGACGGCGGCC,0,1
GAGGACGGGACCA,0,1
GAGGACGGGAGAC,0,1
GAGGACGGGAGGA,0,1
GAGGAGAAAAGGA,1,1
GAGGAGAAAGAAA,0,2
GAGGAGAAAGAGA,0,1
GAGGAGAAAGAGC,0,1
GAGGAGAACAGCA,1,1
GAGGAGAAGACCA,0,1
GAGGAGAAGAGAC,0,1
GAGGAGAAGCAGC,0,4
GAGGAGAAGGGGA,0,2
GAGGAGAAGGGGC,0,2
GAGGAGACAAACA,0,1
GAGGAGACAAGAC,0,1
GAGGAGACAGGGA,0,4
GAGGAGACGAGAC,1,1
GAGGAGACGAGGA,0,1
GAGGAGAGAAAGA,0,1
GAGGAGAGAAGCC,0,1
GAGGAGAGAAGGC,0,1
GAGGAGAGAGAGA,0,2
GAGGAGAGAGAGC,0,1
GAGGAGAGAGCCC,0,1
GAGGAGAGAGCGC,0,2
GAGGAGAGAGGCA,0,1
GAGGAGAGCACCA,0,3
GAGGAGAGCAGAC,1,1
GAGGAGAGCGAGA,0,1
GAGGAGAGGAAAA,0,2
GAGGAGAGGAGAA,0,1
GAGGAGAGGAGAC,0,1
GAGGAGAGGAGGA,1,1
GAGGAGAGGGAGC,1,1
GAGGAGAGGGGCC,1,4
GAGGAGAGGGGGC,0,1
GAGGAGCAACAAC,0,1
GAGGAGCAACAGA,0,1
GAGGAGCAAGACA,0,1
GAGGAGCACAAAA,0,1
GAGGAGCACAGGA,0,1
GAGGAGCACGAAC,0,1
GAGGAGCACGAGC,0,1
GAGGAGCAGAAAA,0,1
GAGGAGCAGAGCC,0,2
GAGGAGCAGGAGA,0,1
GAGGAGCCAAGCA,6,33
GAGGAGCCAGCCC,0,1
GAGGAGCCCAACA,0,1
GAGGAGCCGCACC,0,1
GAGGAGCCGCCGC,0,2
GAGGAGCCGCGAC,0,2
GAGGAGCGACGCA,0,2
GAGGAGCGAGGAA,0,1
GAGGAGCGCAACC,0,1
GAGGAGCGCCGGC,0,1
GAGGAGCGGAACC,1,1
GAGGAGCGGAGGA,0,1
GAGGAGCGGCAAC,0,3
GAGGAGCGGCACA,1,1
GAGGAGCGGCAGC,0,1
GAGGAGCGGGAGC,0,1
GAGGAGGAAAACA,0,1
GAGGAGGAAACCA,0,1
GAGGAGGAAAGAC,0,1
GAGGAGGAAGACA,0,1
GAGGAGGAAGCCC,0,15
GAGGAGGAAGGGA,0,1
GAGGAGGAAGGGC,0,1
GAGGAGGACAAGA,0,1
GAGGAGGACACCC,0,17
GAGGAGGACAGAC,0,1
GAGGAGGACGGCA,0,1
GAGGAGGAGAAAA,0,1
GAGGAGGAGAACA,0,1
GAGGAGGAGCAAA,0,1
GAGGAGGAGCAAC,0,1
GAGGAGGAGCAGC,0,4
GAGGAGGAGCGGA,1,2
GAGGAGGAGGAGA,0,4
GAGGAGGAGGAGC,0,1
GAGGAGGAGGCCA,0,1
GAGGAGGAGGGAA,1,1
GAGGAGGAGGGCC,0,2
GAGGAGGAGGGGA,0,1
GAGGAGGCACGAA,0,1
GAGGAGGCAGAGA,0,1
GAGGAGGCAGCCA,0,2
GAGGAGGCAGGGA,1,1
GAGGAGGCAGGGC,0,1
GAGGAGGCCAGAA,0,1
GAGGAGGCCAGAC,0,1
GAGGAGGCCCCCC,0,1
GAGGAGGCCGAGA,0,1
GAGGAGGCCGCAA,0,1
GAGGAGGCCGGGA,1,1
GAGGAGGCGACAA,0,1
GAGGAGGCGACCC,0,1
GAGGAGGCGCCGC,0,1
GAGGAGGCGGCGA,0,1
GAGGAGGGAAACC,0,1
GAGGAGGGAAGAA,1,1
GAGGAGGGAGACA,0,1
GAGGAGGGAGCCA,0,1
GAGGAGGGAGGGA,0,16
GAGGAGGGCAGGC,0,1
GAGGAGGGCCCAA,0,1
GAGGAGGGCCCGA,0,2
GAGGAGGGCGAGA,0,1
GAGGAGGGCGAGC,0,1
GAGGAGGGGAAAC,1,1
GAGGAGGGGAACA,1,1
GAGGAGGGGAGAA,0,1
GAGGAGGGGAGGC,0,1
GAGGAGGGGCCAC,0,1
GAGGAGGGGCCCA,0,1
GAGGAGGGGGCCA,0,2
GAGGAGGGGGCGC,0,1
GAGGAGGGGGGGA,0,1
GAGGCAAAACAAA,0,1
GAGGCAAAAGGCA,0,1
GAGGCAAACCCGA,0,1
GAGGCAAAGGAGC,1,1
GAGGCAAAGGGAC,2,3
GAGGCAACCACGA,0,1
GAGGCAAGAACAC,0,1
GAGGCAAGAAGCA,0,1
GAGGCAAGAGGCC,0,1
GAGGCAAGCAACA,0,1
GAGGCAAGGCACC,0,1
GAGGCAAGGGAAC,0,1
GAGGCAAGGGACA,1,2
GAGGCACAAACAA,0,1
GAGGCACAGACGA,0,1
GAGGCACAGAGCA,0,1
GAGGCACAGGAGC,0,1
GAGGCACAGGCAC,0,1
GAGGCACAGGCGC,0,1
GAGGCACAGGGCA,1,1
GAGGCACCAAAAA,1,1
GAGGCACCAGCCC,0,1
GAGGCACCAGGAA,0,1
GAGGCACCCAGGC,0,1
GAGGCACCGCCGA,0,5
GAGGCACGAAACA,0,1
GAGGCAGAAAAGC,1,1
GAGGCAGAAACCA,0,1
GAGGCAGAAAGAA,0,1
GAGGCAGAAAGAC,0,4
GAGGCAGAGAAGA,0,1
GAGGCAGAGACAA,0,1
GAGGCAGAGAGGC,1,2
GAGGCAGAGCCCA,0,1
GAGGCAGAGGCAA,1,1
GAGGCAGCAACAA,0,1
GAGGCAGCAAGAA,0,1
GAGGCAGCAAGCA,1,1
GAGGCAGCAGAGC,0,1
GAGGCAGCAGGAA,1,1
GAGGCAGCCAGAC,0,1
GAGGCAGCCAGCA,0,1
GAGGCAGCCCGGC,0,1
GAGGCAGCGAAGA,0,1
GAGGCAGCGCGAC,0,1
GAGGCAGCGGGCC,0,1
GAGGCAGGAAGCA,0,1
GAGGCAGGACCGA,1,3
GAGGCAGGAGAAA,0,2
GAGGCAGGAGCAC,0,1
GAGGCAGGAGGCA,0,1
GAGGCAGGAGGCC,0,1
GAGGCAGGCCGAA,0,1
GAGGCAGGGACAA,0,2
GAGGCAGGGAGCC,0,1
GAGGCAGGGCACA,1,1
GAGGCAGGGCCCA,1,1
GAGGCAGGGGAGA,0,1
GAGGCCAAGAAGA,0,1
GAGGCCACAAGGA,0,1
GAGGCCACAGAGA,0,1
GAGGCCACAGGCC,0,1
GAGGCCACCAACA,0,1
GAGGCCACCAACC,0,1
GAGGCCACCCACA,0,1
GAGGCCACCGGCA,0,1
GAGGCCACGCGCC,0,4
GAGGCCAGACCCA,0,12
GAGGCCAGAGACA,0,1
GAGGCCAGAGCCC,1,3
GAGGCCAGCACCA,0,2
GAGGCCAGGAGGC,0,2
GAGGCCAGGGCAC,1,2
GAGGCCAGGGGAC,0,1
GAGGCCCAAAGGA,0,1
GAGGCCCACGGGC,0,3
GAGGCCCAGAGCA,1,2
GAGGCCCAGGGCC,0,1
GAGGCCCCACGAA,0,1
GAGGCCCCACGGC,1,1
GAGGCCCCCAGGA,0,1
GAGGCCCCCCGCC,0,1
GAGGCCCGACCCA,0,1
GAGGCCCGAGCGC,0,1
GAGGCCCGGAGGA,1,1
GAGGCCCGGCACC,0,1
GAGGCCCGGCCCA,0,1
GAGGCCGAACGGA,0,1
GAGGCCGAGACAC,0,1
GAGGCCGAGAGCA,0,1
GAGGCCGAGCAGC,0,1
GAGGCCGAGCGAC,0,1
GAGGCCGCAACGC,0,1
GAGGCCGCAGGCC,0,1
GAGGCCGCCGGGA,0,1
GAGGCCGCGCCCC,0,1
GAGGCCGGCGCAC,0,1
GAGGCCGGGACCA,1,1
GAGGCGACACGAC,0,1
GAGGCGAGAAAGA,1,1
GAGGCGAGAAAGC,0,1
GAGGCGAGAGAGC,0,1
GAGGCGAGAGGGA,0,1
GAGGCGAGGAGAA,0,1
GAGGCGAGGCCGC,0,1
GAGGCGCAAAGGC,0,1
GAGGCGCACCCCA,0,1
GAGGCGCAGAGAC,1,1
GAGGCGCCAGAGA,0,1
GAGGCGCCAGCGC,0,1
GAGGCGCCCAGGA,0,1
GAGGCGCGACCCC,1,1
GAGGCGCGCCGGC,0,1
GAGGCGGACGGGC,0,1
GAGGCGGAGAAGC,0,1
GAGGCGGAGACAC,0,1
GAGGCGGAGCACA,0,1
GAGGCGGAGCAGC,0,1
GAGGCGGAGCGGA,0,1
GAGGCGGAGCGGC,0,1
GAGGCGGCCAGAC,0,1
GAGGCGGCCAGGA,0,2
GAGGCGGCCCCGA,0,1
GAGGCGGCCGCCC,0,1
GAGGCGGCGAAAC,0,1
GAGGCGGCGAGAA,0,1
GAGGCGGCGCGGA,0,1
GAGGCGGCGGCGA,0,1
GAGGCGGCGGGGC,0,1
GAGGCGGGCAGCA,0,2
GAGGCGGGCGAGC,0,1
GAGGCGGGCGGCC,0,1
GAGGCGGGGAAGA,0,1
GAGGCGGGGGGGC,0,1
GAGGGAAAAAAAA,0,1
GAGGGAAAAACGA,0,1
GAGGGAAAACAAA,0,1
GAGGGAAAACAGA,0,1
GAGGGAAAGAGAA,0,1
GAGGGAACAGAAC,0,1
GAGGGAACCAGCA,0,1
GAGGGAACCCGAC,0,1
GAGGGAAGAAAGA,0,2
GAGGGAAGAACGC,1,1
GAGGGAAGACAGA,0,1
GAGGGAAGACAGC,1,1
GAGGGAAGAGAAA,1,2
GAGGGAAGAGGGA,1,1
GAGGGAAGCCAGC,0,1
GAGGGAAGCGGGA,0,1
GAGGGAAGCGGGC,0,1
GAGGGAAGGAGGA,0,1
GAGGGACAAAACA,0,1
GAGGGACAAAGCA,0,1
GAGGGACAACAAC,0,1
GAGGGACACGCCC,0,4
GAGGGACAGAACC,1,1
GAGGGACAGAGCA,1,1
GAGGGACAGAGGC,0,1
GAGGGACAGCACC,0,1
GAGGGACAGCGAC,0,1
GAGGGACAGCGGC,0,1
GAGGGACCAAAAC,0,1
GAGGGACCACCCC,0,1
GAGGGACCAGGGC,0,1
GAGGGACCCAGGA,1,1
GAGGGACCCCAGC,1,1
GAGGGACCGAACC,1,1
GAGGGACCGAGAA,0,1
GAGGGACGAAACA,0,1
GAGGGACGACGGA,0,1
GAGGGACGAGAGC,0,1
GAGGGACGCACCC,0,1
GAGGGACGGAGCA,0,1
GAGGGACGGGGGC,7,19
GAGGGAGACAGCA,0,1
GAGGGAGACAGCC,0,1
GAGGGAGACGCAC,0,1
GAGGGAGAGAAAA,0,2
GAGGGAGAGACAA,0,1
GAGGGAGAGAGAC,0,2
GAGGGAGAGAGGA,0,1
GAGGGAGAGCACC,0,1
GAGGGAGAGGCAC,0,1
GAGGGAGAGGGCA,0,1
GAGGGAGAGGGGA,0,1
GAGGGAGCACAAC,0,2
GAGGGAGCACACA,0,2
GAGGGAGCACAGA,0,1
GAGGGAGCACCGA,0,1
GAGGGAGCAGCAC,0,1
GAGGGAGCAGCCA,1,1
GAGGGAGCAGGAA,1,1
GAGGGAGCCAAGA,0,1
GAGGGAGCCAAGC,0,1
GAGGGAGCCCAGA,0,1
GAGGGAGCCGCCA,0,1
GAGGGAGCCGGGC,0,1
GAGGGAGCGGGGA,0,1
GAGGGAGGAAAAA,1,1
GAGGGAGGAAACA,0,1
GAGGGAGGAAAGC,0,1
GAGGGAGGAAGCA,0,1
GAGGGAGGAAGGA,0,2
GAGGGAGGACCCC,0,1
GAGGGAGGAGGCA,0,4
GAGGGAGGAGGGA,0,1
GAGGGAGGAGGGC,1,1
GAGGGAGGCAGAA,0,2
GAGGGAGGCCCAA,0,1
GAGGGAGGCGGAA,0,1
GAGGGAGGGAACA,0,1
GAGGGAGGGAGCA,0,1
GAGGGAGGGAGGA,0,1
GAGGGAGGGAGGC,1,1
GAGGGAGGGCAGA,0,1
GAGGGCAAAAAGA,0,1
GAGGGCAAAAGCA,0,1
GAGGGCAAAAGGA,0,5
GAGGGCAAACAAA,0,4
GAGGGCAACACCC,0,3
GAGGGCAACAGCC,0,1
GAGGGCAACGCGC,0,1
GAGGGCAACGGGC,0,1
GAGGGCAAGAGGA,0,1
GAGGGCAAGCGAA,0,1
GAGGGCAAGGAGA,0,1
GAGGGCACAGGAA,1,1
GAGGGCACAGGCA,0,1
GAGGGCACCGGAC,0,1
GAGGGCAGACCGC,0,1
GAGGGCAGAGACC,0,1
GAGGGCAGAGCCA,1,1
GAGGGCAGAGCCC,1,1
GAGGGCAGCAAGC,0,2
GAGGGCAGCCAGC,0,1
GAGGGCAGCCCCC,0,1
GAGGGCAGCGCCC,0,1
GAGGGCAGGAAAA,1,1
GAGGGCAGGAGGA,1,1
GAGGGCAGGAGGC,1,1
GAGGGCAGGCCCA,0,1
GAGGGCAGGGACC,0,3
GAGGGCAGGGGAC,0,1
GAGGGCAGGGGCA,0,1
GAGGGCAGGGGCC,0,3
GAGGGCCAACAGA,0,1
GAGGGCCAAGGCC,0,1
GAGGGCCACAAGC,0,1
GAGGGCCAGAGCC,0,1
GAGGGCCAGGACC,0,1
GAGGGCCCAGAGA,0,2
GAGGGCCCAGAGC,0,1
GAGGGCCCAGGAA,0,1
GAGGGCCCCCCCC,2,4
GAGGGCCCCGGAA,2,2
GAGGGCCCGAGAA,0,1
GAGGGCCGAAGAA,0,1
GAGGGCCGAGCCC,0,1
GAGGGCCGCAACC,0,1
GAGGGCCGGAGAA,0,1
GAGGGCGAAAAAA,0,2
GAGGGCGAGAGGC,0,1
GAGGGCGAGGAAA,0,1
GAGGGCGAGGAGA,1,1
GAGGGCGAGGAGC,0,1
GAGGGCGCCGACA,0,1
GAGGGCGCGCCCA,0,1
GAGGGCGGCAGCA,0,1
GAGGGCGGCAGCC,0,1
GAGGGCGGGAAGA,0,2
GAGGGCGGGCGGC,0,1
GAGGGGAAACAGA,0,1
GAGGGGAAAGAGA,0,3
GAGGGGAAAGCCA,0,1
GAGGGGAAAGGCA,1,4
GAGGGGAACCAGC,0,2
GAGGGGAAGAAGC,0,1
GAGGGGAAGAGGA,0,1
GAGGGGAAGCGGA,1,1
GAGGGGAAGCGGC,0,1
GAGGGGAAGGGAC,0,1
GAGGGGAAGGGGC,0,1
GAGGGGACAAAGA,0,1
GAGGGGACAAAGC,1,1
GAGGGGACAGGCA,0,1
GAGGGGACCGACC,1,1
GAGGGGACCGCCC,0,1
GAGGGGACGGGGC,0,1
GAGGGGAGAAAAA,0,1
GAGGGGAGAAGCC,0,1
GAGGGGAGAAGGA,0,1
GAGGGGAGACCGA,0,1
GAGGGGAGAGACA,0,1
GAGGGGAGAGGAA,0,1
GAGGGGAGAGGCA,1,1
GAGGGGAGAGGGA,0,1
GAGGGGAGCGAGA,1,1
GAGGGGAGCGGCC,0,1
GAGGGGAGGAGGA,0,1
GAGGGGAGGCACA,0,1
GAGGGGAGGCGCA,0,1
GAGGGGAGGGGCA,0,1
GAGGGGCAAGCAC,0,4
GAGGGGCAGCAGA,0,1
GAGGGGCAGCCCC,1,1
GAGGGGCAGGGAC,0,1
GAGGGGCAGGGCA,0,2
GAGGGGCCCAAGA,0,1
GAGGGGCCCCAGC,0,7
GAGGGGCCCGGCC,0,1
GAGGGGCCGCAGC,0,2
GAGGGGCGAGCAA,0,1
GAGGGGCGCGCGC,0,2
GAGGGGCGGGGAA,0,1
GAGGGGGAAAAGA,0,1
GAGGGGGAAACAA,0,1
GAGGGGGACCCGA,0,1
GAGGGGGAGAAGA,0,1
GAGGGGGAGACCC,0,1
GAGGGGGAGAGCA,0,1
GAGGGGGAGAGGA,0,1
GAGGGGGAGCAGC,0,1
GAGGGGGCCGGAA,0,1
GAGGGGGCGAGCA,0,1
GAGGGGGCGCAGC,0,1
GAGGGGGCGGCCA,0,1
GAGGGGGGAGAAA,0,1
GAGGGGGGAGGGC,0,1
GAGGGGGGGAGAA,0,1
GAGGGGGGGGCCC,0,1
GCAAAAAAAAAAA,0,1
GCAAAAAAAAAGC,0,2
GCAAAAAACAACA,0,1
GCAAAAAAGACAA,0,1
GCAAAAAAGACAC,0,1
GCAAAAACAAAGC,0,1
GCAAAAACAACAA,0,3
GCAAAAACAAGGC,0,4
GCAAAAACACCGC,0,1
GCAAAAACAGCAA,0,3
GCAAAAACCAAAA,0,1
GCAAAAACCACAA,1,5
GCAAAAACCGCAA,0,6
GCAAAAACCGGCA,0,1
GCAAAAACGGCAA,0,1
GCAAAAAGAAAAC,0,1
GCAAAAAGAAAGC,0,1
GCAAAAAGAGAGA,0,1
GCAAAAAGGAACA,0,1
GCAAAAAGGAACC,0,1
GCAAAAAGGACAA,0,1
GCAAAAAGGAGGC,0,1
GCAAAAAGGCAAA,0,2
GCAAAACAAAACA,0,1
GCAAAACAAAGAC,0,1
GCAAAACAAGGAC,0,1
GCAAAACACACAC,0,1
GCAAAACACACCC,0,1
GCAAAACACAGCA,0,1
GCAAAACACGCGA,0,1
GCAAAACAGACAC,0,1
GCAAAACCACAAC,0,2
GCAAAACCACCAA,0,1
GCAAAACCAGAGA,0,1
GCAAAACCAGCAC,3,8
GCAAAACCAGGAA,0,1
GCAAAACCCACAA,0,1
GCAAAACCCAGCA,0,1
GCAAAACCCGCAA,0,3
GCAAAACCGGCAA,0,1
GCAAAACGCAGCC,0,1
GCAAAACGGCGGC,0,1
GCAAAAGAAACAA,1,1
GCAAAAGAAACAC,0,1
GCAAAAGAAAGAA,0,1
GCAAAAGAAGGAA,0,1
GCAAAAGACAGAA,1,4
GCAAAAGACAGCC,0,1
GCAAAAGACAGGA,2,2
GCAAAAGAGCCAA,0,1
GCAAAAGCAAACA,0,1
GCAAAAGCAGACA,0,1
GCAAAAGCAGCAA,0,1
GCAAAAGCCACAA,0,1
GCAAAAGCCAGAA,0,1
GCAAAAGCGCCGC,0,1
GCAAAAGGAAAAA,0,5
GCAAAAGGACCAC,0,1
GCAAAAGGCAACA,0,1
GCAAAAGGGCAAA,0,1
GCAAAAGGGCAGC,1,2
GCAAAAGGGGACC,0,1
GCAAACAACAAAC,0,1
GCAAACAAGGCGC,0,2
GCAAACACACCAA,0,1
GCAAACACACGCA,0,1
GCAAACACAGAGC,0,1
GCAAACACAGGGA,0,1
GCAAACACCACAA,0,1
GCAAACAGAAAAA,0,1
GCAAACAGCAGCC,1,1
GCAAACAGGACCC,0,1
GCAAACAGGAGCC,0,1
GCAAACAGGGGGA,0,1
GCAAACCAAAAAA,0,2
GCAAACCAAACCA,0,1
GCAAACCAACAAA,0,5
GCAAACCAACCAA,0,1
GCAAACCACAACA,0,1
GCAAACCCAACAA,0,1
GCAAACCCAAGCA,1,1
GCAAACCCCAACA,0,1
GCAAACCCCCGCA,0,1
GCAAACCCGGCGA,0,2
GCAAACCGAAAAA,0,1
GCAAACCGAGCAC,0,1
GCAAACCGAGGAC,0,1
GCAAACCGCCACA,0,1
GCAAACCGGAAAA,0,1
GCAAACGACAGAC,0,1
GCAAACGAGAGAA,0,1
GCAAACGCCCCAA,0,1
GCAAAGAAGAAAA,0,1
GCAAAGAAGAAAC,0,1
GCAAAGAAGAACC,0,1
GCAAAGAAGAGAA,0,1
GCAAAGAAGAGGA,0,1
GCAAAGAAGCCCA,0,1
GCAAAGACAAAAC,0,1
GCAAAGACACCAA,1,1
GCAAAGACACGGC,0,1
GCAAAGACAGAGA,1,1
GCAAAGACCCAGC,0,1
GCAAAGAGAAGCA,0,1
GCAAAGAGCAGCA,1,1
GCAAAGAGCAGGA,0,1
GCAAAGAGCCAGA,0,1
GCAAAGAGGCAGC,0,1
GCAAAGAGGCCGA,0,1
GCAAAGAGGGGAA,0,1
GCAAAGCAAAAAA,0,1
GCAAAGCAAAAGC,0,1
GCAAAGCAAACAA,0,1
GCAAAGCAACAGC,0,1
GCAAAGCAAGGGA,0,1
GCAAAGCACAAAC,0,1
GCAAAGCACCGAA,1,1
GCAAAGCAGGACC,0,1
GCAAAGCCAGGCC,0,1
GCAAAGCCAGGGA,0,2
GCAAAGCCGCCAC,0,1
GCAAAGCGACAGA,0,1
GCAAAGCGCGCCC,0,1
GCAAAGGAAGCAA,0,2
GCAAAGGACAGAA,0,3
GCAAAGGAGGAAA,0,1
GCAAAGGCAAGCA,0,1
GCAAAGGCAGAGA,0,1
GCAAAGGCAGCAC,0,1
GCAAAGGCAGGAA,1,1
GCAAAGGCCCAAC,1,1
GCAAAGGCGGCCA,0,1
GCAAAGGGAACAA,0,1
GCAAAGGGAAGAC,0,1
GCAAAGGGAAGCC,8,13
GCAAAGGGACGGC,0,3
GCAAAGGGGAACA,2,3
GCAAAGGGGAAGA,0,1
GCAAAGGGGACCC,0,1
GCAAAGGGGCAAA,0,1
GCAAAGGGGCAGC,0,1
GCAAAGGGGGAGC,0,1
GCAACAAAAGGCC,0,1
GCAACAAACACAA,0,1
GCAACAAAGAGAA,0,1
GCAACAAAGAGCA,0,2
GCAACAAAGCAAA,0,1
GCAACAAAGCAGC,0,1
GCAACAACAACAA,0,1
GCAACAACACACC,0,1
GCAACAACCAGCC,0,1
GCAACAACCGGAA,0,1
GCAACAAGAGGGC,1,1
GCAACAAGGAGAA,0,7
GCAACAAGGAGGA,0,1
GCAACAAGGCACA,0,1
GCAACAAGGCAGC,0,3
GCAACAAGGGACA,0,1
GCAACACAACCGA,1,1
GCAACACACACAC,0,1
GCAACACACACCC,0,1
GCAACACAGGACA,2,13
GCAACACGGACCA,0,1
GCAACACGGGAAA,0,1
GCAACAGAAGCAA,0,1
GCAACAGACGCAA,0,1
GCAACAGAGAAAA,0,3
GCAACAGCAAAGC,0,1
GCAACAGCACCAC,0,2
GCAACAGCAGAAC,0,1
GCAACAGCCCAAA,0,1
GCAACAGCCCCAC,0,1
GCAACAGCCGCAC,0,1
GCAACAGCGCCCC,0,2
GCAACAGGAAGAC,0,1
GCAACAGGCACCC,0,1
GCAACAGGCCCCA,0,1
GCAACAGGGAGGA,0,1
GCAACCAAAAAAA,0,1
GCAACCAAAAAGC,0,1
GCAACCAAAAGGA,0,1
GCAACCAACAAGA,0,1
GCAACCAACAGCC,0,1
GCAACCACACAGA,0,1
GCAACCACGCCGC,0,1
GCAACCAGCAAGA,0,1
GCAACCAGGCGAA,0,2
GCAACCCAAACCC,0,1
GCAACCCAAAGCC,0,1
GCAACCCAACCCC,0,1
GCAACCCACAGCA,0,1
GCAACCCCAAACA,1,1
GCAACCCCCCACC,0,1
GCAACCGACAACA,0,5
GCAACCGAGGGGC,0,1
GCAACCGCAGCAC,0,1
GCAACCGCCCGAA,1,1
GCAACCGGCGGCA,0,1
GCAACGAACAAAA,0,1
GCAACGAAGGCGA,1,1
GCAACGACAGGAA,0,3
GCAACGACAGGGA,0,1
GCAACGAGGAGGC,0,1
GCAACGCACAAAA,0,1
GCAACGCACAAAC,1,1
GCAACGCACACCA,0,1
GCAACGCAGGCCC,0,1
GCAACGCCGAGCC,0,1
GCAACGCCGGCAA,0,1
GCAACGCGAACAA,2,2
GCAACGCGCAAGC,0,1
GCAACGCGCGCCA,0,1
GCAACGCGGAACA,0,1
GCAACGGCGAGCC,1,1
GCAACGGCGCCAA,0,1
GCAACGGGAAACA,0,1
GCAAGAAAAACAA,0,1
GCAAGAAAACGGA,0,2
GCAAGAAACAAGA,0,5
GCAAGAAACACAA,0,1
GCAAGAAACCCCC,0,1
GCAAGAAAGAAGC,0,1
GCAAGAAAGGAAA,0,1
GCAAGAAAGGCAC,0,1
GCAAGAACAAGAA,0,1
GCAAGAACAAGGA,0,1
GCAAGAACAAGGC,0,4
GCAAGAACACAAA,0,1
GCAAGAACCACAA,0,1
GCAAGAACCACGA,0,1
GCAAGAACGGGCC,0,1
GCAAGAAGAAAAA,0,1
GCAAGAAGAGAAA,0,4
GCAAGAAGCAACA,0,1
GCAAGAAGCAAGA,0,1
GCAAGAAGGAAAA,0,1
GCAAGAAGGAGAA,0,1
GCAAGACAAGCAA,0,1
GCAAGACAAGGCA,2,2
GCAAGACACGCCC,0,1
GCAAGACCAGACC,0,1
GCAAGACCAGGCC,0,1
GCAAGACGACACA,0,1
GCAAGACGCAAAA,0,1
GCAAGAGAAAGAA,0,1
GCAAGAGACAAAA,0,1
GCAAGAGACCGAC,0,1
GCAAGAGAGAACA,0,1
GCAAGAGAGCACA,0,1
GCAAGAGAGGCGC,0,1
GCAAGAGCACCCC,0,2
GCAAGAGCGCAGA,0,1
GCAAGAGGAAACA,0,1
GCAAGAGGAGAAA,0,1
GCAAGAGGCCGGC,0,1
GCAAGAGGCGAAA,0,1
GCAAGAGGGAAAA,0,1
GCAAGAGGGCAAC,0,1
GCAAGAGGGGCCA,0,1
GCAAGCAAAGCCA,0,1
GCAAGCAACAAAA,0,1
GCAAGCAAGACGC,0,1
GCAAGCACAAACA,0,1
GCAAGCACAACGC,0,1
GCAAGCACACACA,0,5
GCAAGCACACGAA,0,1
GCAAGCACAGGCC,0,5
GCAAGCACAGGGA,0,1
GCAAGCAGAAGAC,0,1
GCAAGCAGACGAC,0,1
GCAAGCAGAGGGC,0,1
GCAAGCAGCCAGA,0,1
GCAAGCAGCCCAA,0,1
GCAAGCAGGCGAA,1,1
GCAAGCAGGGACA,0,1
GCAAGCCAAGGAC,0,1
GCAAGCCAGAGGA,0,1
GCAAGCCCAGACC,0,2
GCAAGCCCCCGAA,0,1
GCAAGCCCGGCAA,0,1
GCAAGCCGAACCC,0,1
GCAAGCCGCCGCC,1,1
GCAAGCGAAGAAC,0,1
GCAAGCGACGAGC,0,1
GCAAGCGGCCGGA,0,1
GCAAGGAAAACAC,0,1
GCAAGGAAACGCA,0,1
GCAAGGAACAGGC,0,1
GCAAGGAAGCCGC,0,2
GCAAGGAAGGCGC,0,1
GCAAGGAAGGGCA,0,1
GCAAGGACAAACA,0,1
GCAAGGACAAGAC,0,1
GCAAGGACACACC,0,1
GCAAGGACAGCAA,3,4
GCAAGGACCAAAA,0,1
GCAAGGAGAGCCA,0,2
GCAAGGAGCAAGC,0,1
GCAAGGAGCCAGC,0,1
GCAAGGAGCCGCA,1,1
GCAAGGCAAGCAA,0,1
GCAAGGCAAGGGC,0,1
GCAAGGCAGGACC,1,1
GCAAGGCAGGGAC,0,1
GCAAGGCCAGCCA,0,1
GCAAGGCCAGGAC,0,1
GCAAGGCGACAAC,0,11
GCAAGGCGGCAGC,0,1
GCAAGGGAAAACA,0,1
GCAAGGGAAAGCA,0,1
GCAAGGGAAGAAC,0,1
GCAAGGGAAGGAA,0,1
GCAAGGGACAAAA,0,1
GCAAGGGACAGCC,0,1
GCAAGGGACAGGA,1,2
GCAAGGGAGAACA,0,1
GCAAGGGAGAAGA,1,1
GCAAGGGAGAGCA,0,11
GCAAGGGAGAGCC,0,1
GCAAGGGAGGGGA,0,1
GCAAGGGCACCAA,0,1
GCAAGGGCCACGC,0,1
GCAAGGGCCAGCA,0,3
GCAAGGGCGAGGA,0,1
GCAAGGGCGCAGC,0,1
GCAAGGGGGAGGA,0,1
GCACAAAAAAAAA,0,1
GCACAAAACAACA,0,1
GCACAAAACACCA,0,1
GCACAAAACCAAC,0,1
GCACAAAAGAAAA,0,1
GCACAAAAGCGAC,0,1
GCACAAAAGGAAA,0,1
GCACAAACACACA,0,1
GCACAAACAGACA,0,1
GCACAAACCGGAC,0,16
GCACAAAGACAAA,0,2
GCACAAAGACGCA,0,1
GCACAAAGAGAAA,0,7
GCACAAAGAGGCA,0,2
GCACAAAGAGGGC,1,1
GCACAAAGCGAGA,0,1
GCACAAAGCGGGC,0,1
GCACAACAAAGAC,0,1
GCACAACAAGAAC,0,1
GCACAACAGAAAA,0,1
GCACAACAGGAAC,0,1
GCACAACCAAGCC,0,1
GCACAACCAGCAA,1,1
GCACAACCAGGCA,0,1
GCACAACCCACAA,0,1
GCACAACCCAGCA,0,4
GCACAACCCCGCA,0,1
GCACAACCCGAGA,0,2
GCACAACCCGCCA,0,5
GCACAACCCGGCA,0,5
GCACAACCCGGGA,0,2
GCACAACCGGACC,0,1
GCACAACGCAGCC,0,1
GCACAAGAAAGAA,0,1
GCACAAGAAGAGC,0,1
GCACAAGACAGAA,0,1
GCACAAGAGAGCA,0,1
GCACAAGAGAGCC,0,1
GCACAAGAGGAAA,1,1
GCACAAGCACCAA,0,2
GCACAAGCAGAGA,0,1
GCACAAGGAGAGA,0,1
GCACAAGGCAGCA,0,1
GCACAAGGGAGAA,0,1
GCACAAGGGAGGA,0,1
GCACACAAAAAAC,0,1
GCACACAAAAACC,0,1
GCACACAAACACA,0,2
GCACACAAACACC,0,1
GCACACAAACGCA,0,1
GCACACAAAGGCA,0,9
GCACACAAGAAGC,0,1
GCACACAAGGAAC,0,1
GCACACACACACA,1,8
GCACACACAGACC,0,1
GCACACACAGCAC,0,1
GCACACACAGGCA,0,4
GCACACACCACAC,0,1
GCACACACCCACA,14,15
GCACACAGAAGCA,0,1
GCACACAGACACA,0,1
GCACACAGAGACA,0,1
GCACACAGAGGCA,0,13
GCACACAGCACAA,0,1
GCACACAGCACAC,0,2
GCACACAGCCCCC,0,1
GCACACAGCGGCA,0,5
GCACACAGCGGCC,0,3
GCACACAGCGGGC,0,3
GCACACAGGAAAA,0,1
GCACACAGGACAC,1,1
GCACACCAAAAGA,0,1
GCACACCAAAGCA,0,1
GCACACCAACAGC,0,1
GCACACCAACCAA,0,1
GCACACCACCAGC,0,1
GCACACCCAGGCA,0,1
GCACACCGACACC,0,1
GCACACCGAGGAA,0,1
GCACACCGCCAGC,0,1
GCACACCGGCGGC,0,1
GCACACGACACGC,0,1
GCACACGCACAAC,0,1
GCACACGCACACA,0,1
GCACACGCACAGC,0,2
GCACACGCAGGCA,0,6
GCACACGGACGCA,0,1
GCACACGGCCGGC,0,1
GCACACGGCGCGA,0,2
GCACACGGCGGAC,1,1
GCACACGGGGCCC,0,1
GCACAGAAACAGC,1,1
GCACAGAAAGAAC,0,1
GCACAGACACGAC,0,1
GCACAGACAGACA,0,1
GCACAGACAGCCC,1,1
GCACAGACAGGCA,51,64
GCACAGACAGGGA,1,1
GCACAGACCAGGC,0,1
GCACAGAGAAGAC,0,1
GCACAGAGAAGCA,0,1
GCACAGAGAGACA,0,1
GCACAGAGAGCAA,0,1
GCACAGAGAGGGA,0,1
GCACAGAGCAGGA,0,1
GCACAGAGGACCC,0,1
GCACAGAGGACGA,0,1
GCACAGCAAACCA,0,1
GCACAGCACAGAC,0,1
GCACAGCACAGCC,0,1
GCACAGCACCGCA,0,1
GCACAGCACGCCA,0,1
GCACAGCAGACCC,0,1
GCACAGCAGCCAC,0,1
GCACAGCCAGCAC,0,2
GCACAGCCCACGA,1,1
GCACAGCCCGACA,0,1
GCACAGCGACGGA,0,1
GCACAGCGGGGAC,0,1
GCACAGCGGGGCC,0,1
GCACAGGAAGGCC,0,3
GCACAGGAAGGGA,0,1
GCACAGGACCACC,0,1
GCACAGGAGCAAA,1,1
GCACAGGAGCCCA,0,2
GCACAGGAGGCGA,1,1
GCACAGGAGGGGC,0,1
GCACAGGCAACCA,0,1
GCACAGGCAAGCC,0,1
GCACAGGCAAGGA,0,1
GCACAGGCAGAAA,0,1
GCACAGGCAGGGA,0,1
GCACAGGCCAAAC,0,5
GCACAGGCCACAA,0,1
GCACAGGCCCAGC,0,2
GCACAGGCCGGCA,0,1
GCACAGGCGAGAA,0,2
GCACAGGGAAAGC,0,1
GCACAGGGAAGCA,0,1
GCACAGGGACAAC,1,1
GCACAGGGAGGGA,0,1
GCACAGGGCACCC,0,1
GCACAGGGCAGAA,1,1
GCACAGGGGACGA,0,1
GCACAGGGGCAGA,0,3
GCACAGGGGCGAC,0,1
GCACCAAAAAAAC,0,1
GCACCAAAAAGCA,2,2
GCACCAAAAGCAC,0,2
GCACCAAACACCA,0,1
GCACCAAAGGCGA,0,1
GCACCAACAGACA,0,1
GCACCAACCAGCC,0,1
GCACCAACCGCAC,0,2
GCACCAAGCAGGA,0,1
GCACCAAGCCCAA,0,1
GCACCAAGGAGGC,0,1
GCACCAAGGGAGC,1,1
GCACCACAAACCA,0,1
GCACCACAACAGA,0,1
GCACCACACACCA,0,1
GCACCACACAGGC,1,1
GCACCACACCGCA,0,1
GCACCACACGAGA,0,1
GCACCACAGAGGC,0,1
GCACCACCAAAAC,0,1
GCACCACCACCAC,0,1
GCACCACCACGCC,0,1
GCACCACCAGAGC,0,1
GCACCACCCGAGC,0,1
GCACCACGCAGCC,0,1
GCACCACGGCCAC,0,1
GCACCACGGCCCA,0,1
GCACCACGGCCGC,0,2
GCACCAGAACACC,0,1
GCACCAGACCAAA,0,1
GCACCAGAGAAGA,0,1
GCACCAGCAAAAC,0,1
GCACCAGCAAAGA,0,1
GCACCAGCAGAGC,0,1
GCACCAGCAGCAC,0,1
GCACCAGCAGCCA,0,1
GCACCAGCCACCC,0,1
GCACCAGCCAGCA,0,2
GCACCAGCCAGGC,1,2
GCACCAGCCGCAC,0,1
GCACCAGCGAGGA,0,3
GCACCAGCGCCCA,0,1
GCACCAGGAAAGC,0,1
GCACCAGGCAGCC,0,1
GCACCAGGGGCAC,0,1
GCACCAGGGGGGA,0,1
GCACCCAAGAAGC,0,10
GCACCCACAAGCA,0,2
GCACCCACACCGA,0,1
GCACCCACCCCCA,0,1
GCACCCAGAAACC,0,1
GCACCCAGACAAC,0,1
GCACCCAGAGGCA,0,1
GCACCCAGCACCA,1,1
GCACCCAGGAAGC,0,1
GCACCCCAGAGAC,0,1
GCACCCCCCCCAA,0,1
GCACCCCGCAGCC,0,1
GCACCCCGGGCAC,0,1
GCACCCCGGGGCA,0,1
GCACCCGACCACA,1,1
GCACCCGAGAAGC,0,3
GCACCCGCCAAGC,0,1
GCACCCGCCCGAA,0,1
GCACCCGCCCGGC,0,1
GCACCCGGGCGCC,0,1
GCACCGAAGCACA,1,1
GCACCGAAGCCAA,0,1
GCACCGACCGGCC,0,1
GCACCGACGGAGA,0,1
GCACCGAGAGCCC,0,1
GCACCGAGAGCGA,0,1
GCACCGAGGCAAA,0,1
GCACCGAGGGCAA,0,1
GCACCGCAACCCA,0,1
GCACCGCAAGGGA,0,1
GCACCGCACCACA,0,1
GCACCGCACCGAA,1,1
GCACCGCAGACCA,1,1
GCACCGCAGGCCA,0,1
GCACCGCAGGCCC,1,1
GCACCGCCAACCC,0,1
GCACCGCCCCGGC,0,1
GCACCGCCCGCCC,0,1
GCACCGCCCGCGC,0,1
GCACCGCCGAGGC,0,1
GCACCGCCGCGCA,1,1
GCACCGCGGCCGC,0,1
GCACCGCGGGACC,0,1
GCACCGCGGGAGA,0,1
GCACCGGACCGCC,0,1
GCACCGGAGGCGA,0,1
GCACCGGCAAGAA,0,1
GCACCGGCACGGC,0,1
GCACCGGCAGGCC,0,1
GCACCGGCCAAAA,0,2
GCACCGGCCAGCC,0,1
GCACCGGCGAGGA,0,1
GCACCGGCGCGGA,0,1
GCACCGGCGGGCA,0,1
GCACCGGCGGGGA,0,1
GCACCGGGAAAAC,0,1
GCACGAAACAGAA,0,2
GCACGAAACAGCC,0,1
GCACGAACAAACC,0,1
GCACGAACCGGGA,0,1
GCACGAAGAGGCA,0,1
GCACGACAACAAA,0,2
GCACGACACCAGA,0,1
GCACGACAGGCAC,0,1
GCACGACCCAGAC,0,1
GCACGACGGGCCA,0,1
GCACGAGAAAAAC,0,1
GCACGAGAAAACC,0,1
GCACGAGAACCCA,0,1
GCACGAGACCCCA,0,1
GCACGAGAGCGCC,0,1
GCACGAGAGGGCA,0,1
GCACGAGCAGACA,0,1
GCACGAGCAGGCC,0,1
GCACGAGCGAAAA,1,1
GCACGAGCGGCAA,0,1
GCACGAGGAAGAA,0,1
GCACGAGGAAGGA,1,1
GCACGAGGCCACC,0,2
GCACGAGGGCAAA,0,1
GCACGCAACACAC,0,1
GCACGCACACACA,1,2
GCACGCACAGCAA,0,1
GCACGCACCGCCC,0,1
GCACGCAGGGGCC,0,1
GCACGCCCAGCGC,0,1
GCACGCCCCCCAA,0,1
GCACGCCCGGGGC,0,1
GCACGCCGCGGCC,0,1
GCACGCGAACACA,0,1
GCACGCGAGAAAC,0,1
GCACGCGCACGGC,0,1
GCACGCGCAGCCC,0,1
GCACGCGCCCGGC,1,1
GCACGCGGAAGGA,0,1
GCACGCGGCCCGC,0,6
GCACGCGGCGGCC,0,1
GCACGCGGGAACC,0,1
GCACGGAAACAGC,2,2
GCACGGAAGGCGA,1,1
GCACGGACAAAAC,0,1
GCACGGAGGCGGC,0,1
GCACGGCAAAAGA,0,1
GCACGGCAACAAC,0,1
GCACGGCAACGCA,0,1
GCACGGCAAGAGA,0,1
GCACGGCACCGCA,0,2
GCACGGCACGGCC,0,1
GCACGGCAGCCGC,0,1
GCACGGCAGCGGC,0,1
GCACGGCAGGGCC,0,1
GCACGGCCCAACA,0,1
GCACGGCCGACCC,0,1
GCACGGCCGCCGC,0,2
GCACGGCCGGGAA,0,1
GCACGGCGACAGC,0,2
GCACGGCGAGGCA,0,1
GCACGGCGCCGGA,0,1
GCACGGCGGGGAC,0,8
GCACGGCGGGGGC,0,2
GCACGGGAGAAGA,0,1
GCACGGGAGGACA,1,1
GCACGGGAGGCCC,0,1
GCACGGGGAGGCA,0,1
GCACGGGGCCCAC,0,1
GCACGGGGCGCCC,0,1
GCAGAAAACCCCC,0,1
GCAGAAAAGACCC,0,1
GCAGAAAAGCCAA,0,1
GCAGAAACAAACC,0,1
GCAGAAACACGCA,0,1
GCAGAAACAGAAC,1,2
GCAGAAACCAGCA,0,1
GCAGAAACGAAGC,0,1
GCAGAAACGGGCA,1,1
GCAGAAAGAACAA,0,5
GCAGAAAGACCCA,0,3
GCAGAAAGCAGCC,1,1
GCAGAAAGCCCAC,0,1
GCAGAAAGCCCGC,1,1
GCAGAAAGGAAAA,0,1
GCAGAAAGGGAGC,0,1
GCAGAAAGGGCAA,0,1
GCAGAAAGGGGAC,0,1
GCAGAACAAACAA,0,1
GCAGAACAAAGCC,0,1
GCAGAACACGGCA,1,1
GCAGAACAGGAGC,0,2
GCAGAACCACCAA,0,2
GCAGAACCCAAGA,0,1
GCAGAAGACAAAA,0,1
GCAGAAGACAGAC,2,2
GCAGAAGAGCAAC,1,1
GCAGAAGCAAAAC,0,1
GCAGAAGCACAGC,0,2
GCAGAAGCAGAGA,0,1
GCAGAAGCAGGGA,2,2
GCAGAAGCAGGGC,1,1
GCAGAAGCCAACC,0,1
GCAGAAGCCGAGA,0,1
GCAGAAGCGCAAA,0,1
GCAGAAGCGGCAA,0,1
GCAGAAGGACAAA,0,1
GCAGAAGGAGAAC,3,4
GCAGAAGGCACCA,0,1
GCAGAAGGCACCC,1,1
GCAGAAGGGAACA,0,2
GCAGAAGGGAGAC,0,1
GCAGAAGGGCAAA,0,3
GCAGAAGGGCCAC,1,1
GCAGACAAAAGCA,0,1
GCAGACAAAGAGA,0,1
GCAGACAAAGCCC,0,1
GCAGACACCGCAA,0,1
GCAGACACGAAGA,0,1
GCAGACAGACCCA,0,1
GCAGACAGAGCAC,0,1
GCAGACAGCAGAA,0,1
GCAGACAGCAGCC,0,1
GCAGACAGGCAAC,1,1
GCAGACAGGGACA,1,1
GCAGACCAAAGCC,0,1
GCAGACCAAAGGA,0,1
GCAGACCAAGGAC,0,1
GCAGACCACAGGA,1,1
GCAGACCACCGCC,0,1
GCAGACCACGCCC,1,1
GCAGACCAGCCCC,0,1
GCAGACCCAACCA,0,1
GCAGACCCAGGAC,0,1
GCAGACCCGACGC,0,1
GCAGACCGGCGAC,0,1
GCAGACGAACCAC,0,1
GCAGACGCAGGCC,0,1
GCAGACGCCCAGC,0,1
GCAGACGCGAGAA,0,1
GCAGACGGACAGA,1,1
GCAGACGGACCGA,0,1
GCAGACGGCAGAA,1,1
GCAGAGAAAAAAA,0,1
GCAGAGAAAAGAA,0,1
GCAGAGAAAGAAC,0,5
GCAGAGAAAGACC,0,1
GCAGAGAAAGGGA,0,1
GCAGAGAACAGGC,0,1
GCAGAGAAGAAGC,0,1
GCAGAGAAGCCAA,0,1
GCAGAGAAGCCAC,0,1
GCAGAGAAGGGGA,0,2
GCAGAGACAAAAA,0,1
GCAGAGACACGCC,0,2
GCAGAGACCCACC,0,2
GCAGAGACGAGGC,0,1
GCAGAGAGAGACC,0,2
GCAGAGAGAGAGA,0,1
GCAGAGAGAGGCC,0,4
GCAGAGAGCGAGA,19,26
GCAGAGAGGAAGC,1,3
GCAGAGAGGACAC,0,1
GCAGAGAGGACCC,0,1
GCAGAGAGGAGGA,0,1
GCAGAGAGGCAGC,0,10
GCAGAGAGGGACC,0,1
GCAGAGAGGGGAA,0,1
GCAGAGAGGGGAC,0,4
GCAGAGAGGGGGC,0,1
GCAGAGCAACCGA,0,1
GCAGAGCAAGACA,0,1
GCAGAGCAAGGGA,0,2
GCAGAGCACAAAA,0,1
GCAGAGCACGCAC,0,1
GCAGAGCAGGCAA,0,1
GCAGAGCAGGCGC,1,1
GCAGAGCAGGGCC,0,1
GCAGAGCCACGGC,0,1
GCAGAGCCAGGCA,0,1
GCAGAGCCCACAA,1,1
GCAGAGCCCAGAC,0,1
GCAGAGCCGCGGC,0,1
GCAGAGCCGGGCC,0,1
GCAGAGCGACCCA,0,2
GCAGAGCGCAAAC,0,1
GCAGAGCGGAGAA,0,1
GCAGAGCGGCGAA,0,1
GCAGAGGAAGGGA,0,3
GCAGAGGACACAC,0,1
GCAGAGGACCAAA,0,1
GCAGAGGACCCAA,0,1
GCAGAGGAGAGGA,0,2
GCAGAGGAGCGGC,0,1
GCAGAGGAGGAGC,0,1
GCAGAGGAGGGAC,1,1
GCAGAGGCAAGGA,0,1
GCAGAGGCAGAGA,1,2
GCAGAGGCCCAAA,0,1
GCAGAGGCCCCAC,0,1
GCAGAGGGAAAAC,0,1
GCAGAGGGACCGA,0,1
GCAGAGGGACGAC,0,1
GCAGAGGGAGCCA,0,1
GCAGAGGGAGGCC,0,2
GCAGAGGGAGGGC,0,1
GCAGAGGGCAAAA,0,1
GCAGAGGGCAGGC,0,1
GCAGAGGGCCCAC,1,1
GCAGAGGGCGCAC,0,1
GCAGAGGGGAGGA,0,1
GCAGAGGGGCGAC,1,1
GCAGCAAAAAGAA,1,1
GCAGCAAAACCAC,0,1
GCAGCAAAAGCCC,0,1
GCAGCAAAAGGAA,1,1
GCAGCAAACAAAC,0,1
GCAGCAAACAGCA,1,1
GCAGCAAACCAAC,0,1
GCAGCAAACGGCA,0,1
GCAGCAAAGAAGA,0,1
GCAGCAAAGCGGC,1,2
GCAGCAACAGCCA,1,1
GCAGCAACCACCA,0,1
GCAGCAACGCACA,0,1
GCAGCAACGGGGC,1,1
GCAGCAAGAAAAA,0,5
GCAGCAAGAAACC,0,1
GCAGCAAGAAAGA,0,1
GCAGCAAGAGAAC,1,1
GCAGCAAGCACAC,0,1
GCAGCAAGCAGCC,0,1
GCAGCAAGCCGGA,0,1
GCAGCAAGGACCA,0,1
GCAGCAAGGAGAA,0,4
GCAGCAAGGCACA,0,1
GCAGCAAGGCGAA,0,1
GCAGCAAGGGAGA,1,1
GCAGCAAGGGGGC,0,1
GCAGCACAACACA,0,1
GCAGCACACAAAA,1,1
GCAGCACACCGCC,0,1
GCAGCACACCGGC,0,1
GCAGCACAGAGAA,0,1
GCAGCACAGGCCA,0,1
GCAGCACCACCAA,2,3
GCAGCACCACCAC,0,1
GCAGCACCACGGC,0,1
GCAGCACCAGCAC,0,1
GCAGCACCAGGCA,1,1
GCAGCACCCAGGC,0,1
GCAGCACCGAGCA,0,1
GCAGCACGCACGA,0,1
GCAGCACGCAGGA,1,1
GCAGCACGCCCAC,0,5
GCAGCACGGCGCA,1,1
GCAGCAGAACGCA,0,1
GCAGCAGAAGAGA,0,3
GCAGCAGAAGCAA,0,1
GCAGCAGAGCAGA,0,2
GCAGCAGAGGACC,2,2
GCAGCAGAGGGCA,0,1
GCAGCAGCAAAGC,0,1
GCAGCAGCACAAC,0,1
GCAGCAGCACAGC,0,1
GCAGCAGCACCCC,0,1
GCAGCAGCACGCC,0,1
GCAGCAGCACGGC,0,1
GCAGCAGCAGCAA,0,2
GCAGCAGCCACAA,0,5
GCAGCAGCCACCA,0,1
GCAGCAGCCCAAC,0,1
GCAGCAGCGACGA,0,1
GCAGCAGCGAGGA,0,1
GCAGCAGCGCAAC,0,1
GCAGCAGGAGCCA,0,1
GCAGCAGGAGGGA,0,1
GCAGCAGGCAACA,0,1
GCAGCAGGCACCA,0,2
GCAGCAGGCCAAC,1,1
GCAGCAGGCGAAA,0,1
GCAGCAGGCGAGC,0,1
GCAGCAGGGAAGC,0,1
GCAGCAGGGACGA,0,1
GCAGCAGGGAGAC,0,1
GCAGCAGGGGAGA,0,1
GCAGCCAAACAGA,0,1
GCAGCCAACGACA,0,1
GCAGCCAAGACCC,1,1
GCAGCCAAGCAGA,0,2
GCAGCCAAGCCAC,0,1
GCAGCCAAGGACA,1,2
GCAGCCAAGGAGA,0,2
GCAGCCACAAACA,0,1
GCAGCCACAACAC,0,1
GCAGCCACACACA,0,4
GCAGCCACACCCA,0,1
GCAGCCACAGAGC,0,1
GCAGCCACAGCAC,0,7
GCAGCCACAGCGC,0,1
GCAGCCACCAGGC,0,1
GCAGCCACCGAAA,0,1
GCAGCCAGACCCA,0,1
GCAGCCAGACGGC,0,1
GCAGCCAGAGAGC,0,1
GCAGCCAGAGCCA,0,1
GCAGCCAGAGCCC,0,1
GCAGCCAGCAGAA,0,2
GCAGCCAGCAGCA,0,1
GCAGCCAGCCCCA,0,1
GCAGCCAGCGACC,0,1
GCAGCCAGGAACA,0,1
GCAGCCAGGGAGA,0,1
GCAGCCAGGGGGA,0,1
GCAGCCCAAAACA,0,4
GCAGCCCACCAAA,0,1
GCAGCCCAGAGGA,0,1
GCAGCCCAGAGGC,0,2
GCAGCCCAGGAAA,0,1
GCAGCCCCAAACC,0,1
GCAGCCCCACAAC,0,1
GCAGCCCCACAGC,0,1
GCAGCCCCAGGGC,0,1
GCAGCCCCCAGCC,0,2
GCAGCCCCCGGCC,0,1
GCAGCCCCGACCC,1,1
GCAGCCCCGGCCC,0,1
GCAGCCCGACCCA,0,1
GCAGCCCGACGGA,1,1
GCAGCCCGCAGGC,0,1
GCAGCCCGCGGGC,0,1
GCAGCCCGGAGCC,0,8
GCAGCCCGGCCGC,1,1
GCAGCCCGGCGGC,0,1
GCAGCCGAAGGAC,0,1
GCAGCCGACGGGA,0,1
GCAGCCGCCAAAC,0,1
GCAGCCGCCGCCC,0,1
GCAGCCGCCGCGC,0,1
GCAGCCGCCGGGC,0,1
GCAGCCGGAACAC,0,1
GCAGCCGGAACGA,1,1
GCAGCCGGAAGGA,0,1
GCAGCCGGAGCCC,0,1
GCAGCCGGAGGGA,0,12
GCAGCCGGCACGC,0,1
GCAGCCGGGCCCA,0,1
GCAGCCGGGCGAC,0,1
GCAGCGAAAGCAA,2,3
GCAGCGAAGAGAC,1,1
GCAGCGAAGCGAC,0,1
GCAGCGACAGAGA,0,1
GCAGCGACGGGAA,1,1
GCAGCGAGCCAGC,0,1
GCAGCGAGCGCAC,0,1
GCAGCGAGGACAA,0,1
GCAGCGAGGGGAA,0,1
GCAGCGAGGGGCC,0,1
GCAGCGCAAACCC,0,1
GCAGCGCAAAGGA,0,1
GCAGCGCAAGGGC,0,1
GCAGCGCACAACA,0,1
GCAGCGCACCGGA,0,1
GCAGCGCACGGGC,1,1
GCAGCGCAGACCA,0,1
GCAGCGCAGCCGA,0,1
GCAGCGCAGGCAC,0,1
GCAGCGCAGGCCA,0,1
GCAGCGCAGGCCC,0,1
GCAGCGCCAAAAA,0,1
GCAGCGCCAACGC,1,1
GCAGCGCCAGCAA,1,1
GCAGCGCCCGCGC,0,1
GCAGCGCCGACGC,2,2
GCAGCGCCGAGCC,0,1
GCAGCGCCGCCAA,0,1
GCAGCGCCGGGAC,0,1
GCAGCGCCGGGGC,1,1
GCAGCGCGCCGCC,0,1
GCAGCGCGCCGGC,0,4
GCAGCGCGCGCAC,0,1
GCAGCGCGGACGA,0,1
GCAGCGCGGCGGC,0,1
GCAGCGGACAGAA,0,1
GCAGCGGAGAACA,0,1
GCAGCGGAGCAGA,0,1
GCAGCGGAGCGCA,0,1
GCAGCGGCAGAAA,0,1
GCAGCGGCAGCAC,0,1
GCAGCGGCCGGGC,0,1
GCAGCGGCGACAA,0,1
GCAGCGGCGACGA,0,1
GCAGCGGCGGGGC,0,1
GCAGCGGGAACAC,1,1
GCAGCGGGAGGAA,0,1
GCAGCGGGCCAGA,0,1
GCAGCGGGGAACA,0,1
GCAGCGGGGAGCC,0,1
GCAGCGGGGCCCC,0,1
GCAGGAAAACAAC,0,1
GCAGGAAACGCAA,0,5
GCAGGAAAGAGAC,0,1
GCAGGAAAGGAGA,0,1
GCAGGAAAGGGAA,0,1
GCAGGAACAAGCA,0,2
GCAGGAACAGCAA,1,1
GCAGGAACCGAGA,1,1
GCAGGAACCGGCC,0,1
GCAGGAACCGGGA,0,2
GCAGGAACGGGCC,0,2
GCAGGAAGAAGGA,0,2
GCAGGAAGCAAGA,0,1
GCAGGAAGCGAAA,0,1
GCAGGAAGGAGAC,0,1
GCAGGAAGGAGGA,0,1
GCAGGACACAACC,0,1
GCAGGACACCCAA,0,1
GCAGGACCAGGGA,0,1
GCAGGACCCAACA,0,1
GCAGGACCCCGGC,0,1
GCAGGACCGACAC,1,1
GCAGGACCGAGCC,0,1
GCAGGACGAGGCA,0,1
GCAGGACGGCGGC,0,1
GCAGGACGGGAGC,1,1
GCAGGAGAAAGAC,0,2
GCAGGAGAAAGGC,1,1
GCAGGAGAACCCA,0,2
GCAGGAGAACGCA,0,1
GCAGGAGACAAAA,0,1
GCAGGAGACAGCA,1,1
GCAGGAGAGAAAC,0,1
GCAGGAGAGCCGA,1,1
GCAGGAGAGGGAA,0,1
GCAGGAGCAAAAC,0,1
GCAGGAGCAAAGA,0,1
GCAGGAGCAAGCA,1,1
GCAGGAGCACCCC,0,1
GCAGGAGCAGAGC,0,1
GCAGGAGCAGCAA,0,1
GCAGGAGCAGCAC,0,1
GCAGGAGCAGCCA,0,1
GCAGGAGCAGGCC,0,1
GCAGGAGCCAGAA,0,1
GCAGGAGCCCAGA,0,1
GCAGGAGCCGAGA,0,1
GCAGGAGCCGCCC,0,1
GCAGGAGCCGGAC,1,2
GCAGGAGCGCCGC,0,1
GCAGGAGCGCGCC,0,1
GCAGGAGGAAGAA,0,1
GCAGGAGGACCAA,0,1
GCAGGAGGACGGA,0,1
GCAGGAGGAGAAA,0,1
GCAGGAGGAGCGC,0,1
GCAGGAGGAGGGA,0,1
GCAGGAGGGAAGC,1,1
GCAGGAGGGACCC,1,1
GCAGGAGGGAGGA,0,3
GCAGGCAACAACA,0,1
GCAGGCAACGGAA,0,1
GCAGGCAAGACCC,0,1
GCAGGCACACAGC,0,1
GCAGGCACAGACA,56,65
GCAGGCACAGACC,0,1
GCAGGCACAGAGC,0,1
GCAGGCACAGCAA,0,1
GCAGGCACCAAAC,0,1
GCAGGCACCACCA,0,1
GCAGGCACCAGGC,0,2
GCAGGCACGCCCC,0,6
GCAGGCACGCGGC,0,6
GCAGGCACGGCCA,0,1
GCAGGCAGAACCA,0,1
GCAGGCAGAAGAA,0,1
GCAGGCAGACAGA,0,1
GCAGGCAGCAGGC,0,1
GCAGGCAGCCACC,0,1
GCAGGCAGCCGAC,0,1
GCAGGCAGCCGGA,0,1
GCAGGCAGGACAC,0,1
GCAGGCAGGAGGA,0,1
GCAGGCCAACAGA,0,2
GCAGGCCAACCGA,1,1
GCAGGCCACGCCC,0,1
GCAGGCCAGCGCC,0,1
GCAGGCCAGGGAA,0,3
GCAGGCCAGGGGA,0,1
GCAGGCCCAGAAC,0,1
GCAGGCCCAGCCA,0,1
GCAGGCCCAGCGA,0,1
GCAGGCCCAGGCA,0,1
GCAGGCCCCAACA,0,1
GCAGGCCCCAGGC,0,1
GCAGGCCCCGCCC,0,1
GCAGGCCCGAGGC,0,1
GCAGGCCCGGCCC,1,4
GCAGGCCGAACCA,0,1
GCAGGCCGAGAAC,0,1
GCAGGCCGCGGCC,0,1
GCAGGCGAAACAC,0,1
GCAGGCGAAGAGA,0,1
GCAGGCGAAGCGC,0,1
GCAGGCGAAGGAA,1,1
GCAGGCGAGACCC,0,1
GCAGGCGAGGGAC,0,1
GCAGGCGCAGCGC,0,1
GCAGGCGCAGGCC,0,1
GCAGGCGCCCACA,0,1
GCAGGCGCCGACC,0,1
GCAGGCGGAAAGA,0,1
GCAGGCGGACCCA,0,1
GCAGGCGGAGAAC,1,1
GCAGGCGGAGAGA,0,1
GCAGGCGGAGGAC,0,1
GCAGGCGGCCGCC,0,1
GCAGGCGGCCGGC,1,1
GCAGGCGGCGGCA,0,2
GCAGGCGGGGGGC,0,1
GCAGGGAAAAACC,0,1
GCAGGGAAAACCC,0,1
GCAGGGAAAGGAA,0,1
GCAGGGAAAGGGA,0,2
GCAGGGAACGAAA,0,2
GCAGGGAAGACAC,0,2
GCAGGGAAGAGGA,0,2
GCAGGGAAGAGGC,0,1
GCAGGGAAGGCCC,0,1
GCAGGGAAGGGAA,0,1
GCAGGGAAGGGGA,1,1
GCAGGGACAACAA,2,3
GCAGGGACAGCAA,6,39
GCAGGGACAGGAA,0,1
GCAGGGACCAGAA,0,1
GCAGGGACGGGGA,0,2
GCAGGGAGAAGGC,0,1
GCAGGGAGAGCCA,1,1
GCAGGGAGCACCC,0,2
GCAGGGAGCAGAA,0,1
GCAGGGAGCAGAC,0,1
GCAGGGAGCAGGA,1,2
GCAGGGAGCAGGC,0,1
GCAGGGAGCCCAA,0,1
GCAGGGAGGAAAC,0,1
GCAGGGAGGAGCA,0,1
GCAGGGAGGAGGC,0,1
GCAGGGAGGCAAA,0,1
GCAGGGCAACAGA,0,1
GCAGGGCACAGAA,0,1
GCAGGGCACCCCC,0,1
GCAGGGCACGGAC,0,1
GCAGGGCAGCCAC,0,5
GCAGGGCAGCCCC,0,4
GCAGGGCAGGAGA,0,1
GCAGGGCAGGCGC,0,1
GCAGGGCAGGGAA,0,1
GCAGGGCAGGGAC,0,8
GCAGGGCAGGGCC,0,1
GCAGGGCCACAAC,0,3
GCAGGGCCAGCAA,0,1
GCAGGGCCAGCAC,0,1
GCAGGGCCAGCCA,0,1
GCAGGGCCAGCCC,0,1
GCAGGGCCAGCGC,0,1
GCAGGGCCAGGAC,0,1
GCAGGGCCCCCGC,4,4
GCAGGGCCCCGGC,0,1
GCAGGGCCCGGGC,0,1
GCAGGGCCGGACA,0,1
GCAGGGCCGGCCA,1,1
GCAGGGCGACAGC,0,1
GCAGGGCGAGGCC,0,1
GCAGGGCGCAGCC,0,1
GCAGGGCGGAAGC,0,1
GCAGGGGAAAAGA,0,2
GCAGGGGAACGGC,0,1
GCAGGGGAAGACA,1,1
GCAGGGGACAAAA,0,1
GCAGGGGACACAA,0,2
GCAGGGGACACGA,0,1
GCAGGGGAGAAGA,0,1
GCAGGGGAGCAGC,0,1
GCAGGGGAGCCAC,0,1
GCAGGGGCAGGCC,0,1
GCAGGGGCAGGGA,1,3
GCAGGGGCAGGGC,0,1
GCAGGGGCGGGGC,0,1
GCAGGGGGCGGAA,0,1
GCAGGGGGGGGCA,0,1
GCCAAAAAAAAAA,0,1
GCCAAAAAAACAA,0,1
GCCAAAAAAAGAA,0,1
GCCAAAAAACAAA,0,2
GCCAAAAAGAAAA,0,3
GCCAAAACAAAAC,0,1
GCCAAAACAAAGA,0,1
GCCAAAACAGACC,0,1
GCCAAAACAGAGA,0,1
GCCAAAACCGCGA,0,1
GCCAAAACGGCGC,0,1
GCCAAAAGAAGAA,0,1
GCCAAAAGAGAAA,0,1
GCCAAAAGCCCCA,0,1
GCCAAAAGCGGCA,0,1
GCCAAAAGGAAAA,0,1
GCCAAACAAGCCA,0,1
GCCAAACACGGCA,1,1
GCCAAACAGAAGC,1,3
GCCAAACAGCACA,0,1
GCCAAACCAGGGC,1,1
GCCAAACGAAAAA,0,1
GCCAAACGAAGAA,0,1
GCCAAACGGGACA,0,1
GCCAAAGAAAACA,0,1
GCCAAAGAAAGAA,0,1
GCCAAAGAACGAA,0,1
GCCAAAGACAAGC,0,1
GCCAAAGACAGGC,0,1
GCCAAAGACCAGA,0,1
GCCAAAGACCGCA,0,1
GCCAAAGAGAACA,0,1
GCCAAAGAGAAGA,1,1
GCCAAAGAGAGAA,0,1
GCCAAAGAGCACA,0,1
GCCAAAGGAAGAA,0,1
GCCAAAGGAGAGC,32,34
GCCAAAGGCAGAC,0,1
GCCAAAGGGCCCA,0,1
GCCAAAGGGGAGC,1,1
GCCAAAGGGGCGC,0,1
GCCAACAAAGAAA,0,1
GCCAACAACAGGA,0,1
GCCAACAAGAAAA,0,1
GCCAACAAGAGCA,0,1
GCCAACAAGGAGA,0,1
GCCAACACAACAA,0,1
GCCAACACCAGCA,0,1
GCCAACACCCAAA,0,1
GCCAACACGAGAC,0,1
GCCAACACGAGGC,0,1
GCCAACAGAAGAA,0,1
GCCAACAGACACA,0,1
GCCAACAGCAACA,0,1
GCCAACCAAAGCC,0,1
GCCAACCAAGGGC,0,1
GCCAACCACAGAC,1,1
GCCAACCCAACCC,0,2
GCCAACCGAACGC,0,1
GCCAACCGACCGA,0,1
GCCAACCGGCAGC,0,1
GCCAACGAAACGA,0,1
GCCAACGCACCAA,0,1
GCCAACGGCGGAA,0,1
GCCAACGGCGGCC,0,1
GCCAACGGGCAGC,0,2
GCCAACGGGGGCA,0,2
GCCAACGGGGGCC,0,1
GCCAAGACAGGAC,0,1
GCCAAGACGACAA,0,1
GCCAAGACGGACA,0,1
GCCAAGAGAAGAA,0,1
GCCAAGAGAGGAA,0,2
GCCAAGAGCAGAC,0,1
GCCAAGAGCGAAC,0,11
GCCAAGAGCGGAC,0,6
GCCAAGAGCGGGC,0,1
GCCAAGAGGAAGC,0,1
GCCAAGCAAGAAA,0,1
GCCAAGCACAAAA,0,1
GCCAAGCCAAGGC,0,1
GCCAAGCCAGGAA,0,1
GCCAAGCGACCCC,0,1
GCCAAGCGCCCGC,0,1
GCCAAGCGGCACC,0,1
GCCAAGGAAACGC,0,2
GCCAAGGAAAGAA,0,1
GCCAAGGACAAAC,1,1
GCCAAGGACGAAA,1,1
GCCAAGGCAAAAC,0,1
GCCAAGGCAAACA,0,1
GCCAAGGCAAGGA,0,1
GCCAAGGCACAGA,0,1
GCCAAGGCCCACA,0,2
GCCAAGGCCCACC,0,1
GCCAAGGCCCAGA,0,2
GCCAAGGCGACGA,0,1
GCCAAGGCGCAGC,0,1
GCCAAGGCGGGCA,0,1
GCCAAGGGACAAA,0,1
GCCAAGGGAGCAA,0,1
GCCAAGGGAGGCC,0,2
GCCAAGGGCAGGA,0,1
GCCAAGGGGCAGC,0,1
GCCAAGGGGCGCA,0,1
GCCACAAAAGAGA,0,1
GCCACAAACAAAC,0,1
GCCACAAACCACC,0,1
GCCACAAAGCCAA,0,4
GCCACAAAGCCAC,0,1
GCCACAACAAAGC,1,1
GCCACAACGAAGC,0,1
GCCACAAGAAAAA,0,1
GCCACAAGAAAAC,0,3
GCCACAAGCACAA,0,2
GCCACAAGCAGAA,0,4
GCCACAAGCCAAA,0,1
GCCACAAGCGGAA,0,1
GCCACAAGGAACA,0,1
GCCACAAGGACGC,0,1
GCCACACAACCAC,0,4
GCCACACACAAGC,0,1
GCCACACACACAC,0,4
GCCACACACACGC,0,1
GCCACACACCCAC,0,1
GCCACACACCCGC,0,1
GCCACACACGCGC,0,1
GCCACACAGAAAC,0,1
GCCACACAGACAC,0,1
GCCACACAGAGAA,0,1
GCCACACCCCCCA,0,1
GCCACACGCACAA,1,6
GCCACACGCGAGC,0,2
GCCACAGAAACGA,0,1
GCCACAGAAGAAA,0,1
GCCACAGACACAC,0,1
GCCACAGCAAAGA,0,1
GCCACAGCACGGC,0,1
GCCACAGCAGACA,0,1
GCCACAGCAGAGA,0,1
GCCACAGCAGCGA,0,1
GCCACAGCCAAGC,0,2
GCCACAGCCACCC,1,1
GCCACAGCCCGCA,0,1
GCCACAGCGGCAC,0,1
GCCACAGGCAAAC,0,1
GCCACAGGCACCC,0,1
GCCACAGGCGCCA,0,1
GCCACAGGGAAGC,0,1
GCCACAGGGACCA,0,1
GCCACAGGGCAAA,0,1
GCCACCAAAAAAC,0,1
GCCACCAAAACAA,0,2
GCCACCAAAACAC,0,2
GCCACCAACAAGA,0,1
GCCACCAACACCA,0,1
GCCACCAAGGAAA,0,1
GCCACCACAGAGC,0,1
GCCACCACGCGGC,0,1
GCCACCAGAGCCC,2,3
GCCACCAGAGGCC,0,1
GCCACCAGAGGGA,0,1
GCCACCAGAGGGC,0,1
GCCACCAGCAACA,0,1
GCCACCAGCAAGC,0,1
GCCACCAGCAGCA,0,1
GCCACCAGGACCA,0,1
GCCACCCACACCA,0,1
GCCACCCACAGCC,0,2
GCCACCCAGCCCA,2,4
GCCACCCAGGGCA,0,1
GCCACCCCAGCCA,0,4
GCCACCCCCCGGC,1,1
GCCACCCCGAACA,0,3
GCCACCGACAACC,0,1
GCCACCGCACAGC,0,1
GCCACCGCCCCCC,0,1
GCCACCGCCGCCA,0,1
GCCACCGCGCCGC,0,1
GCCACCGCGGCGC,0,1
GCCACCGGCAGCA,0,1
GCCACCGGCCGCC,0,1
GCCACGAAGAGGA,0,1
GCCACGACAAGAA,0,1
GCCACGACCAGGA,0,1
GCCACGAGGACAA,0,1
GCCACGCACCCAC,0,1
GCCACGCACGGCA,0,1
GCCACGCACGGCC,0,1
GCCACGCCCACAA,0,1
GCCACGCCCACGC,0,1
GCCACGCCCGAGC,0,2
GCCACGCCGCAAA,0,1
GCCACGCCGCCGC,0,1
GCCACGCGCACAA,1,1
GCCACGGAAACAC,0,1
GCCACGGAGGGGC,0,2
GCCACGGCCGCAA,0,1
GCCACGGGCACCC,0,2
GCCACGGGGGGGA,0,1
GCCAGAAAACAAC,0,2
GCCAGAACAACCA,0,1
GCCAGAACAGAGC,0,1
GCCAGAAGAAGCA,0,1
GCCAGAAGAGAGA,0,1
GCCAGAAGAGCAC,0,1
GCCAGAAGAGGCA,0,1
GCCAGAAGCACCA,0,1
GCCAGAAGCCAAA,0,1
GCCAGAAGGAAAA,0,1
GCCAGAAGGCCGA,0,1
GCCAGACACAGCC,0,1
GCCAGACCAACAA,0,1
GCCAGACCCGGCC,0,1
GCCAGACCGCAGC,0,2
GCCAGAGAAACCC,0,1
GCCAGAGAAAGCC,0,1
GCCAGAGAAGCCA,0,1
GCCAGAGACAACA,0,1
GCCAGAGAGAACC,0,1
GCCAGAGAGAGAA,0,1
GCCAGAGAGGAGA,0,1
GCCAGAGCACCCC,0,3
GCCAGAGCAGAGA,1,1
GCCAGAGCAGAGC,0,1
GCCAGAGCCCGGA,1,1
GCCAGAGCGGGCA,0,1
GCCAGAGGAGAAA,1,1
GCCAGAGGAGCAC,0,2
GCCAGAGGGAAAA,0,1
GCCAGAGGGGCAC,0,7
GCCAGCAAAGAGA,0,2
GCCAGCAAGAGGA,0,1
GCCAGCACACACA,0,1
GCCAGCACAGGAC,1,1
GCCAGCACCCAGA,0,1
GCCAGCACGCGCC,1,1
GCCAGCACGCGGA,0,1
GCCAGCAGAAAGA,0,1
GCCAGCAGCAAAA,0,1
GCCAGCAGCAACC,0,1
GCCAGCAGCAAGC,0,1
GCCAGCAGCCACA,0,1
GCCAGCAGCCAGA,0,1
GCCAGCAGCGAGC,1,2
GCCAGCAGGAGCA,0,1
GCCAGCAGGGCCA,0,1
GCCAGCCAAACGC,0,3
GCCAGCCAAGCCA,0,1
GCCAGCCAGAGCA,0,1
GCCAGCCCAGCCA,0,1
GCCAGCCCAGGCA,0,1
GCCAGCCCCCGGC,0,1
GCCAGCCCGAGCC,0,1
GCCAGCCCGAGGC,0,1
GCCAGCCCGCCCC,0,1
GCCAGCCGAGCCC,0,1
GCCAGCCGAGGGC,0,1
GCCAGCCGCACGC,0,1
GCCAGCCGCCAGC,0,1
GCCAGCCGCCCCC,0,1
GCCAGCCGCCCGC,0,1
GCCAGCCGCGCGA,0,1
GCCAGCCGGCCGA,0,1
GCCAGCCGGGAGC,0,1
GCCAGCCGGGGGC,0,1
GCCAGCGACCAAC,0,1
GCCAGCGAGACGC,0,1
GCCAGCGAGCGCC,0,1
GCCAGCGCCGCGC,0,1
GCCAGCGCGACAA,0,1
GCCAGCGCGACAC,0,1
GCCAGCGCGCCCC,0,1
GCCAGCGCGGAGC,0,1
GCCAGCGCGGGGA,0,1
GCCAGCGGAGAAC,1,1
GCCAGCGGAGACC,1,1
GCCAGCGGCAGCA,0,1
GCCAGCGGGAGCC,0,1
GCCAGCGGGGCCC,0,2
GCCAGGAAAAGGA,0,1
GCCAGGAAACAGA,0,1
GCCAGGAAACGCC,0,2
GCCAGGAACACAC,0,1
GCCAGGAACCAGA,1,1
GCCAGGAAGAGGA,0,14
GCCAGGAAGGCCC,0,1
GCCAGGACAGGAC,0,4
GCCAGGACCCAGC,0,1
GCCAGGACCCCAA,0,2
GCCAGGACCCGGC,0,1
GCCAGGACGCGGC,0,1
GCCAGGAGAAGCC,1,1
GCCAGGAGAGGCA,0,1
GCCAGGAGCAGCC,0,1
GCCAGGAGCCCGC,0,1
GCCAGGAGCCGAA,0,1
GCCAGGAGGAAGC,0,1
GCCAGGAGGGCCA,0,1
GCCAGGCAAGGGA,0,1
GCCAGGCACACCC,0,2
GCCAGGCACCGCC,0,1
GCCAGGCAGAGCC,0,1
GCCAGGCAGCCCC,0,1
GCCAGGCAGGGGC,0,1
GCCAGGCCAAGGC,0,1
GCCAGGCCACAGC,0,6
GCCAGGCCCAGCA,0,1
GCCAGGCCCCAAA,0,1
GCCAGGCCCGGGA,0,1
GCCAGGCCGCAGA,0,1
GCCAGGCCGGCCA,0,1
GCCAGGCGAAAGA,0,1
GCCAGGCGCCAAA,0,1
GCCAGGCGGCCAA,0,1
GCCAGGGAAAACC,0,1
GCCAGGGAAACAA,0,1
GCCAGGGAAACGC,0,1
GCCAGGGAAGCGC,0,1
GCCAGGGACAAAC,0,1
GCCAGGGACAACA,0,1
GCCAGGGACGAGC,0,1
GCCAGGGAGCAGC,1,2
GCCAGGGAGGAAC,0,1
GCCAGGGCAAGCA,0,1
GCCAGGGCAAGGC,0,1
GCCAGGGCACGGC,1,2
GCCAGGGCAGGCC,0,1
GCCAGGGCAGGGC,0,1
GCCAGGGCCAGGA,0,1
GCCAGGGCGCCGC,0,1
GCCAGGGCGCGGA,0,1
GCCAGGGCGGGCC,0,1
GCCAGGGGAACGC,0,1
GCCAGGGGCAGAC,0,4
GCCAGGGGCGGGA,0,1
GCCAGGGGGCCCA,0,1
GCCCAAAAAGAGC,0,1
GCCCAAAACACCC,0,2
GCCCAAACACCAC,0,1
GCCCAAACAGAAA,0,1
GCCCAAACCCACC,0,1
GCCCAAACGCAAA,0,1
GCCCAAAGCGAGC,0,1
GCCCAAAGCGCCA,0,1
GCCCAACAAGAAC,0,1
GCCCAACAGCAAC,0,1
GCCCAACAGGAGC,0,1
GCCCAACCAAGCA,0,1
GCCCAACCACACA,0,1
GCCCAACCAGCCC,0,2
GCCCAACCCAACC,0,1
GCCCAACCCAAGC,0,1
GCCCAACCGAGCC,0,1
GCCCAACCGCGGC,0,1
GCCCAACGCCGGC,0,1
GCCCAACGGCCGA,0,1
GCCCAAGAAAAAA,0,1
GCCCAAGAAACGC,0,1
GCCCAAGAGAGCA,0,1
GCCCAAGAGCAAC,0,1
GCCCAAGAGGCCC,0,1
GCCCAAGAGGGAA,0,1
GCCCAAGCAGGCA,0,1
GCCCAAGCCCAGA,0,2
GCCCAAGGAAACA,0,1
GCCCAAGGCGAAA,0,2
GCCCAAGGGCCGC,0,1
GCCCACAAAACGA,1,1
GCCCACAACCACA,0,1
GCCCACAAGGAGA,0,1
GCCCACAAGGAGC,0,1
GCCCACACACAGC,0,1
GCCCACACCAGAA,0,1
GCCCACACCCCCA,0,1
GCCCACACCGCGC,0,1
GCCCACACGACCA,0,1
GCCCACAGAACCA,0,1
GCCCACAGACAAC,0,1
GCCCACAGAGGCC,0,1
GCCCACAGCACAC,1,1
GCCCACAGCCACA,0,1
GCCCACAGGAGGC,0,1
GCCCACAGGCCAC,0,1
GCCCACAGGGACC,0,1
GCCCACAGGGGCC,0,1
GCCCACCAACCCC,0,1
GCCCACCAAGAAA,0,1
GCCCACCACCAGC,0,1
GCCCACCAGCAAA,0,1
GCCCACCAGGGCC,0,1
GCCCACCCAGCCC,0,1
GCCCACCCCACAC,0,1
GCCCACCCGGCCA,0,1
GCCCACCGCACAC,7,17
GCCCACCGCCCAC,0,1
GCCCACCGGAGAA,0,2
GCCCACCGGCACA,0,1
GCCCACGAAGCAC,1,1
GCCCACGACAAGA,0,2
GCCCACGACGGCC,0,1
GCCCACGAGAAGC,0,1
GCCCACGCAGCAA,0,1
GCCCACGCCCCAA,0,1
GCCCACGGCCGGC,0,1
GCCCACGGGCCGA,0,1
GCCCACGGGCGAA,0,1
GCCCAGAAACAGC,0,1
GCCCAGAACCAGA,0,1
GCCCAGACAGGCC,0,1
GCCCAGACAGGGC,0,1
GCCCAGACCACGC,0,1
GCCCAGACCCACC,0,1
GCCCAGACCGCAA,1,2
GCCCAGAGAAAGC,0,1
GCCCAGAGACGGA,0,1
GCCCAGAGCAGGA,0,1
GCCCAGAGGAGGC,0,1
GCCCAGAGGCGCC,0,2
GCCCAGAGGCGGA,0,5
GCCCAGCAAAAAC,0,1
GCCCAGCAACCCA,0,1
GCCCAGCACAGGC,0,1
GCCCAGCACCACC,0,1
GCCCAGCACCCGC,0,1
GCCCAGCACGCCA,0,1
GCCCAGCAGAGCC,0,1
GCCCAGCAGCCCC,0,5
GCCCAGCAGCGCA,0,2
GCCCAGCAGGAGC,0,2
GCCCAGCCAAACC,0,1
GCCCAGCCAGCCA,0,1
GCCCAGCCAGGCC,0,3
GCCCAGCCCCCCC,0,1
GCCCAGCCCCGCC,0,1
GCCCAGCGACCAC,0,1
GCCCAGCGCAGCC,0,3
GCCCAGCGCCAGA,0,1
GCCCAGGAAACCA,0,1
GCCCAGGAAGCGC,1,1
GCCCAGGACAGAC,0,1
GCCCAGGACCAAC,0,1
GCCCAGGACCCCA,0,1
GCCCAGGACGCCA,0,1
GCCCAGGAGAAGA,0,1
GCCCAGGCAACCA,0,4
GCCCAGGCAGCAC,0,1
GCCCAGGCAGCCC,0,1
GCCCAGGCAGGGC,0,1
GCCCAGGCCGCGC,1,1
GCCCAGGCCGGCC,0,1
GCCCAGGCCGGGA,0,1
GCCCAGGCGGGCA,0,1
GCCCAGGGAACCA,0,1
GCCCAGGGACAGA,0,1
GCCCAGGGACCCA,0,1
GCCCAGGGAGCAA,1,1
GCCCAGGGAGGAA,0,1
GCCCAGGGAGGCC,0,1
GCCCAGGGCAACC,0,2
GCCCAGGGCCCAC,0,1
GCCCAGGGCCGAA,0,1
GCCCAGGGCCGGC,0,1
GCCCAGGGGACGC,0,1
GCCCAGGGGAGCA,0,1
GCCCAGGGGCCGC,0,1
GCCCAGGGGGGGA,0,1
GCCCCAAAAACCA,0,1
GCCCCAAAAAGAA,0,1
GCCCCAAACAACA,0,1
GCCCCAAAGCGAC,0,1
GCCCCAACAAAGA,0,1
GCCCCAACAACAC,0,1
GCCCCAACAAGGA,2,2
GCCCCAAGAAGCC,1,1
GCCCCAAGCAGGC,0,6
GCCCCAAGCGACA,0,1
GCCCCAAGGGGGC,0,1
GCCCCACAAACAC,0,1
GCCCCACAACCCC,0,1
GCCCCACAAGCCA,0,1
GCCCCACACACGA,0,1
GCCCCACAGCGGA,0,1
GCCCCACCAACAC,0,1
GCCCCACCAGCCC,0,1
GCCCCACCCACGA,0,1
GCCCCACCGCACA,0,1
GCCCCACGCACAA,3,4
GCCCCACGCACCA,9,18
GCCCCACGCGCAC,0,1
GCCCCACGGAGAA,0,1
GCCCCACGGAGCC,1,1
GCCCCACGGCGCA,0,1
GCCCCAGACCCAC,0,8
GCCCCAGACCCCC,0,1
GCCCCAGACGAGA,0,1
GCCCCAGAGAAGC,0,1
GCCCCAGAGGCCC,0,1
GCCCCAGCACGCC,0,2
GCCCCAGCAGAAA,0,1
GCCCCAGCAGCAC,0,14
GCCCCAGCAGCCC,0,2
GCCCCAGCAGCGA,0,1
GCCCCAGCCCAGC,0,1
GCCCCAGCCGAAC,0,1
GCCCCAGCGCCCC,0,1
GCCCCAGCGCGGC,0,1
GCCCCAGGAAGAA,0,1
GCCCCAGGAAGCC,0,2
GCCCCAGGAAGGA,0,2
GCCCCAGGAGGCA,0,2
GCCCCAGGGACCC,0,1
GCCCCAGGGCCCA,0,1
GCCCCAGGGCGAC,0,2
GCCCCCAACCCCA,0,1
GCCCCCAAGACCA,0,1
GCCCCCAAGCCCC,0,1
GCCCCCAAGGAGC,1,1
GCCCCCACAGCGA,0,1
GCCCCCACAGGCA,0,1
GCCCCCACAGGGC,0,1
GCCCCCACCCCAA,0,1
GCCCCCAGCAACC,0,1
GCCCCCAGCACCA,0,2
GCCCCCAGCACCC,0,1
GCCCCCAGCCACC,0,1
GCCCCCAGGCCGC,1,1
GCCCCCCAAAGAA,0,1
GCCCCCCAAGGCA,0,1
GCCCCCCACACCC,0,1
GCCCCCCAGAAGC,0,2
GCCCCCCAGGAGA,0,1
GCCCCCCAGGCCC,0,1
GCCCCCCCCCCAC,0,1
GCCCCCCCCCCCC,0,1
GCCCCCCCCCCGC,0,1
GCCCCCCCCGCCC,0,1
GCCCCCCCCGCGC,0,2
GCCCCCCCCTCCC,0,1
GCCCCCCCCTGCC,0,1
GCCCCCCCGAGCA,0,1
GCCCCCCCGCCCC,1,1
GCCCCCCCGCGCC,1,1
GCCCCCCCGCGGC,0,1
GCCCCCCCGCTCC,0,6
GCCCCCCCGGCCC,0,4
GCCCCCCCTGCCC,0,1
GCCCCCCCTGTCC,1,1
GCCCCCCCTTCCC,0,1
GCCCCCCGCCGCC,0,2
GCCCCCCGGAGAA,0,1
GCCCCCCGGAGCC,0,1
GCCCCCCGGCCGC,0,1
GCCCCCCGGGCGC,0,2
GCCCCCCTCTCCC,0,1
GCCCCCCTGCCCC,0,2
GCCCCCGACCCAA,1,1
GCCCCCGAGAAAA,0,1
GCCCCCGAGAAGC,0,1
GCCCCCGCCCCCA,0,1
GCCCCCGCCCCGC,0,1
GCCCCCGCCCGGC,0,1
GCCCCCGCCGGCC,0,1
GCCCCCGCCGGGC,0,2
GCCCCCGCGCCGC,0,1
GCCCCCGCGGACA,0,1
GCCCCCGCGGGCA,0,1
GCCCCCGGAACCC,0,1
GCCCCCGGACCCA,0,1
GCCCCCGGCCAGC,0,1
GCCCCCGGCCGCC,0,1
GCCCCCGGCGGCC,0,1
GCCCCCGGGACCA,0,1
GCCCCCGTCGCCC,0,1
GCCCCCGTGCTCC,0,1
GCCCCCTCCCCCC,0,1
GCCCCCTCCCGCC,0,1
GCCCCCTCCTCCC,0,1
GCCCCCTCGCCCC,1,1
GCCCCCTCTCTCC,0,1
GCCCCCTGCCCCC,0,2
GCCCCCTGCCGGC,0,1
GCCCCCTGGCCGC,0,1
GCCCCCTGGCTCC,1,1
GCCCCCTTGGTCC,0,1
GCCCCCTTTTCCC,0,1
GCCCCGAAAACGC,0,1
GCCCCGAAACACC,0,2
GCCCCGAAACGCC,0,1
GCCCCGACGGGCC,0,2
GCCCCGAGGAGAA,0,5
GCCCCGAGGCCCC,0,1
GCCCCGAGGCGGA,0,4
GCCCCGCACCCCC,0,1
GCCCCGCACCGGC,0,1
GCCCCGCAGGACC,0,1
GCCCCGCAGGCCC,1,1
GCCCCGCCAACCC,0,2
GCCCCGCCACCGC,0,2
GCCCCGCCAGCCA,0,1
GCCCCGCCCACCC,1,2
GCCCCGCCCCAGC,0,1
GCCCCGCCCCCCC,0,1
GCCCCGCCCCGCC,0,4
GCCCCGCCCCTCC,0,4
GCCCCGCCCGCAC,1,1
GCCCCGCCCGCCA,0,1
GCCCCGCCCGCCC,1,1
GCCCCGCCCGCGC,0,3
GCCCCGCCCGGCC,1,1
GCCCCGCCCGGGC,0,1
GCCCCGCCGCAGC,0,2
GCCCCGCCGGCCA,0,1
GCCCCGCGCCAGC,1,1
GCCCCGCGCCCGC,0,2
GCCCCGCGCCGAC,0,1
GCCCCGCGCCGCC,0,1
GCCCCGCGCTGCC,1,1
GCCCCGCGGCCAC,0,1
GCCCCGCGGCCCC,0,2
GCCCCGCGGCGCC,0,1
GCCCCGCGGCGGC,0,1
GCCCCGCGGGCGC,0,1
GCCCCGCGGGGCC,1,1
GCCCCGCTCCCCC,0,1
GCCCCGCTCCTCC,0,1
GCCCCGCTTTTCC,1,1
GCCCCGGAGCCGC,0,1
GCCCCGGCAGGAC,0,2
GCCCCGGCCGAGA,0,1
GCCCCGGCCGCGC,0,2
GCCCCGGCCGGCC,0,1
GCCCCGGCCGGGC,0,1
GCCCCGGCGCCGC,2,3
GCCCCGGCGGCGC,0,3
GCCCCGGCGGGCC,0,1
GCCCCGGCTCCCC,0,1
GCCCCGGGAAAGC,0,3
GCCCCGGGAACGC,0,2
GCCCCGGGAGCAC,0,1
GCCCCGGGCCCAC,0,1
GCCCCGGGCCCCC,0,1
GCCCCGGGCGGGC,0,6
GCCCCGGGGCAGC,0,1
GCCCCGGGGCGGC,0,1
GCCCCGGTTCCCC,0,1
GCCCCGGTTTCCC,0,1
GCCCCGTCCCTCC,0,1
GCCCCGTCCGCCC,0,1
GCCCCGTGGGTCC,0,1
GCCCCGTTTCTCC,0,1
GCCCCGTTTTCCC,0,4
GCCCCTCCCCGCC,0,2
GCCCCTCCCCTCC,0,1
GCCCCTCCCGGCC,0,2
GCCCCTCCCTCGC,0,1
GCCCCTCCCTGCC,0,1
GCCCCTCCGCTCC,1,1
GCCCCTCCGGCCC,1,1
GCCCCTCCGGTCC,0,1
GCCCCTCCTGCCC,5,18
GCCCCTCGCTCCC,1,1
GCCCCTCGCTGCC,0,1
GCCCCTCGGGCGC,0,1
GCCCCTCTCCTCC,1,4
GCCCCTCTGGTCC,0,1
GCCCCTGCCCTCC,0,1
GCCCCTGCCGCCC,1,1
GCCCCTGCGTGCC,0,1
GCCCCTGGCCCCC,0,1
GCCCCTGGGCGGC,0,1
GCCCCTGTCGTCC,1,1
GCCCCTGTTGCGC,0,1
GCCCCTTCCCTCC,1,2
GCCCCTTCCTCCC,0,1
GCCCCTTGCTGCC,0,1
GCCCGAAAAACAA,0,1
GCCCGAAAAAGCC,0,1
GCCCGAAACACCC,1,1
GCCCGAAAGAGGA,0,1
GCCCGAACGCACA,2,2
GCCCGAAGCACCA,0,1
GCCCGAAGGGGAC,1,1
GCCCGACACCGGC,0,1
GCCCGACAGCCCC,0,1
GCCCGACCCAAGC,0,1
GCCCGACCCAGCC,0,2
GCCCGACCCCAGA,0,1
GCCCGACCGCGCC,0,1
GCCCGACGCACAA,1,1
GCCCGACGCGCAA,1,1
GCCCGAGAAAGCC,0,1
GCCCGAGAAGAGA,0,1
GCCCGAGAGCAAA,0,1
GCCCGAGAGGCGA,0,1
GCCCGAGCCCGGC,0,1
GCCCGAGCCGCGA,0,4
GCCCGAGCCGGCC,0,1
GCCCGAGGACCGA,0,1
GCCCGAGGCCCCA,1,1
GCCCGAGGCCCGA,0,1
GCCCGAGGGCACA,0,1
GCCCGAGGGGCCC,0,1
GCCCGCAAACAAC,0,1
GCCCGCAAAGACC,1,1
GCCCGCAAGACGC,0,1
GCCCGCACACAGC,0,1
GCCCGCACCACCC,0,1
GCCCGCACCCAGC,0,1
GCCCGCACCGACC,0,1
GCCCGCACCGCCC,0,1
GCCCGCAGAAGGA,0,1
GCCCGCAGAGGCC,0,1
GCCCGCAGCACAA,0,1
GCCCGCAGCCGAC,0,1
GCCCGCCAAAGGA,0,1
GCCCGCCACCCAA,0,1
GCCCGCCAGCCGC,0,1
GCCCGCCCAAACC,0,1
GCCCGCCCAAGGC,0,1
GCCCGCCCACCCC,0,1
GCCCGCCCCAGCC,1,1
GCCCGCCCCCGCC,0,2
GCCCGCCCCGCGC,1,1
GCCCGCCCCGGCC,0,2
GCCCGCCCCGGGC,0,1
GCCCGCCCGCCCC,1,1
GCCCGCCCGGCCC,1,5
GCCCGCCCGGCGA,0,1
GCCCGCCCGGCGC,0,1
GCCCGCCCTGGCC,0,1
GCCCGCCGCCCCC,0,1
GCCCGCCGCCGCC,0,2
GCCCGCCGCGCGC,0,1
GCCCGCCGCGGCC,1,1
GCCCGCCGCGGGC,1,4
GCCCGCCGGACGC,1,1
GCCCGCCGGCCGC,0,1
GCCCGCCGGCGGC,0,1
GCCCGCCGGGTCC,0,1
GCCCGCCGGTGCC,0,1
GCCCGCCTCGTCC,0,1
GCCCGCCTCTCCC,0,1
GCCCGCCTGGGCC,0,2
GCCCGCCTGTTCC,0,1
GCCCGCCTTGGCC,0,1
GCCCGCGAAGGGC,0,1
GCCCGCGCAACGC,0,1
GCCCGCGCACGAC,0,1
GCCCGCGCCCCGC,2,2
GCCCGCGCGCTCC,1,4
GCCCGCGGAAGGC,0,1
GCCCGCGGCCCCC,0,1
GCCCGCGGCCGCC,1,1
GCCCGCGGCGCCC,1,1
GCCCGCGGGACGC,0,1
GCCCGCGGGAGGC,0,1
GCCCGCGGGCCGC,1,1
GCCCGCGGGCGCC,0,1
GCCCGCGGGGCCC,0,1
GCCCGCGGGGGCC,0,1
GCCCGCGGGGTCC,0,1
GCCCGCGGTCCCC,0,1
GCCCGCGGTTGCC,0,1
GCCCGCGTCGCGC,0,1
GCCCGCTCCCTCC,0,2
GCCCGCTCCTTCC,0,1
GCCCGCTCTCTCC,0,1
GCCCGCTGCCTCC,0,1
GCCCGCTTGCCCC,0,1
GCCCGCTTTTCCC,0,2
GCCCGGAAGGACC,0,5
GCCCGGACACCCA,1,1
GCCCGGACAGCGC,0,2
GCCCGGACCGCGC,0,1
GCCCGGACGAGAA,0,1
GCCCGGACGGACC,0,3
GCCCGGAGACGCC,0,1
GCCCGGAGCAGCC,0,1
GCCCGGAGCCGGC,0,8
GCCCGGAGCGGCC,1,1
GCCCGGAGGAGCC,0,1
GCCCGGAGGAGGA,0,1
GCCCGGAGGCACA,0,1
GCCCGGAGGCGGC,1,1
GCCCGGCACAGAC,1,1
GCCCGGCAGCCGC,0,3
GCCCGGCCACCGA,0,1
GCCCGGCCCAAGA,0,1
GCCCGGCCCAGAC,0,1
GCCCGGCCCAGGC,0,1
GCCCGGCCCCAGC,0,2
GCCCGGCCCCGCC,2,2
GCCCGGCCCCGGC,0,3
GCCCGGCCCGACC,0,1
GCCCGGCCCGCCA,0,1
GCCCGGCCCGCCC,1,3
GCCCGGCCCGGCC,0,3
GCCCGGCCGCAGC,1,1
GCCCGGCCGCCCC,0,1
GCCCGGCCGCGGC,0,1
GCCCGGCCGGAAC,0,1
GCCCGGCCGGCGC,0,1
GCCCGGCCGGTCC,0,1
GCCCGGCCTCGCC,0,1
GCCCGGCCTGCCC,0,1
GCCCGGCGACAAC,0,2
GCCCGGCGAGCGA,0,1
GCCCGGCGCCGCC,0,1
GCCCGGCGGAGAA,0,1
GCCCGGCGGAGAC,0,1
GCCCGGCGGCAGA,0,1
GCCCGGCGGCGGC,1,2
GCCCGGCTCCTCC,0,1
GCCCGGCTCTGCC,0,1
GCCCGGCTGCCGC,0,1
GCCCGGGAGCCGC,0,1
GCCCGGGAGGAGC,0,1
GCCCGGGCAACCA,0,1
GCCCGGGCAAGAC,0,1
GCCCGGGCAAGGC,0,1
GCCCGGGCACAGA,0,1
GCCCGGGCACCGC,0,3
GCCCGGGCAGCGC,0,2
GCCCGGGCCAAAA,0,1
GCCCGGGCCACCC,0,1
GCCCGGGCCCCGC,0,1
GCCCGGGCCCGCC,0,3
GCCCGGGCCCGGC,0,1
GCCCGGGCCGCCA,0,1
GCCCGGGCCGCCC,0,12
GCCCGGGCCGCGC,3,4
GCCCGGGCCTCGC,0,1
GCCCGGGCTCGGC,1,1
GCCCGGGGACGGA,0,1
GCCCGGGGACGGC,0,1
GCCCGGGGAGCCA,1,2
GCCCGGGGGCCGC,2,6
GCCCGGGGGGCGC,0,5
GCCCGGGTGCCCC,0,1
GCCCGGGTGTCCC,0,1
GCCCGGGTTGCCC,0,1
GCCCGGTCGTCCC,0,1
GCCCGGTGGCCCC,0,1
GCCCGGTGGCGCC,0,1
GCCCGGTTGTCGC,0,1
GCCCGTCCCTCCC,0,1
GCCCGTCGTGCCC,0,2
GCCCGTCTCCCCC,0,1
GCCCGTCTGCGCC,0,1
GCCCGTGCCGCCC,0,1
GCCCGTGGCCGCC,0,1
GCCCGTGGGCTCC,0,2
GCCCGTGGTCCCC,0,3
GCCCGTTCCCGCC,1,1
GCCCGTTCCGCCC,0,1
GCCCGTTCGCCGC,0,1
GCCCGTTGGGTCC,0,1
GCCCGTTTCTGCC,1,1
GCCCGTTTGCCGC,0,1
GCCCTCCCCGCGC,1,1
GCCCTCCCGCCCC,0,1
GCCCTCCCGCCGC,0,1
GCCCTCCCTCCCC,1,1
GCCCTCCCTGCCC,0,2
GCCCTCCGCCCGC,0,1
GCCCTCCGCGCCC,0,2
GCCCTCCGCGCGC,0,1
GCCCTCCGCGGCC,0,1
GCCCTCCGCGTCC,0,1
GCCCTCCGGTGCC,0,6
GCCCTCCTCTGCC,3,3
GCCCTCCTTTCCC,0,1
GCCCTCGCCGGCC,0,1
GCCCTCGCCTGCC,0,1
GCCCTCGCTCGGC,4,4
GCCCTCGCTTTCC,0,1
GCCCTCGTCCCGC,0,1
GCCCTCGTTCGCC,0,1
GCCCTCTCCGCGC,2,2
GCCCTCTCGGTCC,0,2
GCCCTCTGCCCCC,0,1
GCCCTCTGCTGCC,0,1
GCCCTCTGGGTCC,0,1
GCCCTCTTCCCCC,0,1
GCCCTCTTCCTCC,1,1
GCCCTCTTGCCCC,0,1
GCCCTCTTTCCCC,0,1
GCCCTGCCCCTCC,0,1
GCCCTGCCCTCCC,0,1
GCCCTGCCCTGCC,0,1
GCCCTGCCGCCCC,0,1
GCCCTGCCGGCGC,0,1
GCCCTGCCTCGCC,0,1
GCCCTGCCTCTCC,1,1
GCCCTGCCTGGCC,0,1
GCCCTGCCTGTCC,0,1
GCCCTGCGCTCCC,3,11
GCCCTGCTCCCCC,0,1
GCCCTGCTCCGCC,0,1
GCCCTGCTCTCCC,1,3
GCCCTGCTCTGCC,1,2
GCCCTGCTTCCCC,0,2
GCCCTGCTTCGCC,0,1
GCCCTGCTTCTCC,122,125
GCCCTGCTTTTCC,0,1
GCCCTGGCCTCCC,1,4
GCCCTGGCGGCGC,0,1
GCCCTGGCTCCCC,0,1
GCCCTGGCTCTCC,0,1
GCCCTGGGCCGCC,0,1
GCCCTGGGCCTCC,0,1
GCCCTGGGGCCGC,0,1
GCCCTGGGGCGCC,1,1
GCCCTGGGGGCCC,0,2
GCCCTGGGTGGCC,0,1
GCCCTGGTCTCCC,0,1
GCCCTGGTGGGCC,0,1
GCCCTGGTTCTCC,0,1
GCCCTGTCCGTCC,0,1
GCCCTGTCCTTCC,0,1
GCCCTGTGCCTCC,1,2
GCCCTGTGCTCCC,1,1
GCCCTGTGGCGGC,0,1
GCCCTTCCCGCCC,0,1
GCCCTTCCGCGCC,0,1
GCCCTTCCTGCCC,0,1
GCCCTTCCTTGCC,1,1
GCCCTTCGGTGCC,0,1
GCCCTTCTCTCCC,0,1
GCCCTTCTTCTCC,1,1
GCCCTTGCTCGGC,0,1
GCCCTTGCTGTCC,0,1
GCCCTTGGGCCGC,0,1
GCCCTTGTCGCCC,0,1
GCCCTTTCTTTCC,0,1
GCCCTTTGTGGCC,0,1
GCCCTTTTCTGCC,1,1
GCCGAAACAAACA,0,1
GCCGAAACACACA,0,1
GCCGAAACAGAGA,3,5
GCCGAAAGAGAAA,0,1
GCCGAAAGGAAAA,0,1
GCCGAACAAAGCA,0,1
GCCGAACAACCAA,0,1
GCCGAACAGGCGA,1,1
GCCGAACAGGGAA,0,1
GCCGAACCAGAGA,0,1
GCCGAACGAACCA,0,1
GCCGAACGACAGC,0,1
GCCGAACGACGCC,0,1
GCCGAACGGAACA,0,1
GCCGAACGGAGCC,0,1
GCCGAAGAAACGC,1,3
GCCGAAGAGGCAA,0,1
GCCGAAGCGCGGC,0,2
GCCGAAGGAACCA,0,1
GCCGAAGGAAGAA,0,1
GCCGAAGGCCCAA,0,1
GCCGAAGGCCGCC,0,1
GCCGACAAAAAGC,0,1
GCCGACAACAAGC,0,2
GCCGACAAGCAGC,0,2
GCCGACAAGGCGC,0,1
GCCGACACAGACC,0,1
GCCGACACCAAAA,0,1
GCCGACACCGGAA,0,1
GCCGACAGCACAC,0,2
GCCGACAGGCCAC,0,1
GCCGACCCAACCC,0,2
GCCGACCCCACCC,1,1
GCCGACCCGAGAC,0,1
GCCGACCGCCCCC,0,1
GCCGACCGCGGAA,0,1
GCCGACGAAAGCA,0,1
GCCGACGACAAGC,0,2
GCCGACGACCGAC,0,1
GCCGACGAGCAAC,0,1
GCCGACGAGCAGC,0,18
GCCGACGCAGGGA,0,1
GCCGACGCCGCCC,0,2
GCCGACGGAACGA,0,1
GCCGACGGCAAGC,0,1
GCCGACGGCCCGC,0,1
GCCGACGGCCGGC,0,1
GCCGACGGGCAGC,0,1
GCCGACGGGGCGC,0,3
GCCGACGGGGGCA,0,1
GCCGAGAAAAGAA,0,1
GCCGAGAAACGGA,0,1
GCCGAGAACCACA,0,1
GCCGAGAACGCGA,1,1
GCCGAGAACGCGC,0,1
GCCGAGAAGGGAA,0,1
GCCGAGACCCAAA,0,1
GCCGAGAGACACA,0,1
GCCGAGAGCACAA,0,1
GCCGAGAGGAAGC,0,1
GCCGAGAGGGACA,1,1
GCCGAGAGGGGGA,0,1
GCCGAGCACCACC,0,1
GCCGAGCAGCAGA,0,1
GCCGAGCAGGAAA,0,1
GCCGAGCCCCACA,0,1
GCCGAGCCGAGAA,0,1
GCCGAGCCGGCCC,0,1
GCCGAGCGCCGCA,0,1
GCCGAGCGCGCGC,0,1
GCCGAGGAACGAA,0,1
GCCGAGGACGAAA,2,2
GCCGAGGAGGCGC,0,1
GCCGAGGAGGGGA,0,2
GCCGAGGCACACC,0,1
GCCGAGGCAGACC,0,2
GCCGAGGCAGCAA,0,1
GCCGAGGCAGGAC,0,4
GCCGAGGCCCGGA,1,1
GCCGAGGCCGGGA,0,2
GCCGAGGGAGCAC,0,1
GCCGAGGGGACGC,0,1
GCCGCAAAAGAAA,0,1
GCCGCAAACCAAA,0,1
GCCGCAAACCCCC,0,1
GCCGCAAAGGCCC,0,1
GCCGCAACAAGGA,0,2
GCCGCAACGCGGA,0,1
GCCGCAAGAGGAA,0,1
GCCGCAAGCAGAC,0,1
GCCGCACAAAGGA,0,1
GCCGCACAAGCAA,0,1
GCCGCACACAAGC,0,15
GCCGCACAGGACC,0,1
GCCGCACCAAGGC,0,1
GCCGCACCACGGC,0,1
GCCGCACCCACCA,0,1
GCCGCACCGCAAC,0,1
GCCGCACGCCGCC,0,1
GCCGCACGGCACA,0,1
GCCGCAGACCAAA,0,1
GCCGCAGGACAGA,0,1
GCCGCAGGAGAGA,0,4
GCCGCAGGCCACC,0,1
GCCGCAGGGGAGC,0,1
GCCGCCAAAACAC,0,1
GCCGCCAAGGCAA,0,3
GCCGCCACAGGCC,0,1
GCCGCCACCACCA,0,2
GCCGCCACCGCCC,0,1
GCCGCCACCGCGC,0,2
GCCGCCAGCAAGA,0,1
GCCGCCAGCGCGC,0,1
GCCGCCAGCGGCA,0,1
GCCGCCAGGGCAC,0,1
GCCGCCAGGGCCA,0,1
GCCGCCAGGGCGC,0,1
GCCGCCCAAGAAA,0,1
GCCGCCCAGCGAC,0,1
GCCGCCCCCAAAC,0,7
GCCGCCCCCAACA,0,1
GCCGCCCCCAGGC,0,1
GCCGCCCCCCACA,0,2
GCCGCCCCCCGCA,0,1
GCCGCCCCCCGCC,0,2
GCCGCCCCCGCCC,0,2
GCCGCCCCCGCGC,0,1
GCCGCCCCCGGCC,0,1
GCCGCCCCCTCCC,0,1
GCCGCCCCGCCCC,0,4
GCCGCCCCGCGGC,0,1
GCCGCCCCGGCCA,0,1
GCCGCCCCGTCCC,0,1
GCCGCCCGAAACA,1,1
GCCGCCCGACCCA,0,1
GCCGCCCGAGGCC,1,1
GCCGCCCGCCACA,2,2
GCCGCCCGCCCAA,0,1
GCCGCCCGCCCCC,0,1
GCCGCCCGCCCGC,3,3
GCCGCCCGCCTCC,0,1
GCCGCCCGCGCCC,0,3
GCCGCCCGGCAGA,0,1
GCCGCCCGGCCGA,0,5
GCCGCCCGGCTCC,0,1
GCCGCCCGGGCGA,0,1
GCCGCCCGTCCGC,0,1
GCCGCCCTCGCCC,1,1
GCCGCCCTGCCCC,0,1
GCCGCCCTTGTCC,0,1
GCCGCCGAACAAC,0,1
GCCGCCGCAAAGA,0,1
GCCGCCGCACGCC,0,1
GCCGCCGCCACCA,0,1
GCCGCCGCCCCCA,0,7
GCCGCCGCCCCCC,0,2
GCCGCCGCCCCGC,0,1
GCCGCCGCCCGAC,0,1
GCCGCCGCCCGCC,2,2
GCCGCCGCCGAAC,0,1
GCCGCCGCCGCCA,1,1
GCCGCCGCCGCCC,0,1
GCCGCCGCCGCGC,1,4
GCCGCCGCCGTCC,0,1
GCCGCCGCCTCGC,0,1
GCCGCCGCCTGCC,0,2
GCCGCCGCCTTCC,0,1
GCCGCCGCGACAA,0,11
GCCGCCGCGCAAA,0,1
GCCGCCGCGCACC,0,1
GCCGCCGCGCCGA,0,1
GCCGCCGCGCCGC,0,8
GCCGCCGCGCGAC,0,1
GCCGCCGCGCGCA,0,2
GCCGCCGCGCGCC,1,2
GCCGCCGCGCTCC,0,1
GCCGCCGCGGACC,0,1
GCCGCCGCGGCCC,0,1
GCCGCCGCGGCGC,0,3
GCCGCCGCGGGCC,0,1
GCCGCCGCGTCCC,0,1
GCCGCCGCGTGCC,0,2
GCCGCCGCTGCCC,0,1
GCCGCCGCTGCGC,0,1
GCCGCCGCTTTCC,0,1
GCCGCCGGACGCC,0,1
GCCGCCGGAGAGC,0,1
GCCGCCGGCCGCA,1,1
GCCGCCGGCCGCC,0,1
GCCGCCGGCCGGA,0,1
GCCGCCGGCGAGC,0,1
GCCGCCGGCGCCC,0,1
GCCGCCGGCGCGC,0,2
GCCGCCGGGCCGC,0,2
GCCGCCGGGCGCA,0,2
GCCGCCGGGCGCC,1,1
GCCGCCGGGCTCC,0,2
GCCGCCGGGGCAC,0,1
GCCGCCGGGGCCA,0,1
GCCGCCGGGGGCC,0,1
GCCGCCGGTCGCC,0,1
GCCGCCGGTTGCC,0,1
GCCGCCGTCCTCC,0,2
GCCGCCGTTCCCC,1,1
GCCGCCGTTGGCC,0,1
GCCGCCTCCGTCC,1,1
GCCGCCTCCTCCC,0,1
GCCGCCTCGTGCC,1,7
GCCGCCTCTCTCC,0,1
GCCGCCTGCCCCC,0,1
GCCGCCTGGTCGC,0,1
GCCGCCTTCCCGC,0,1
GCCGCCTTCTCGC,0,1
GCCGCCTTGCCGC,0,1
GCCGCCTTGCTCC,0,1
GCCGCGACAGAGC,0,1
GCCGCGAGGAGAA,0,1
GCCGCGCAACCCC,0,1
GCCGCGCACCCGA,0,1
GCCGCGCAGCCAC,0,1
GCCGCGCAGCCCC,0,1
GCCGCGCAGCCGC,0,1
GCCGCGCCACCGC,0,1
GCCGCGCCCCGCA,0,1
GCCGCGCCCCGCC,0,1
GCCGCGCCCCGGC,0,1
GCCGCGCCCGCCC,0,1
GCCGCGCCCTGCC,0,1
GCCGCGCCGCCAC,0,2
GCCGCGCCGCCCC,0,1
GCCGCGCCGCGCC,0,1
GCCGCGCCGCGGC,0,2
GCCGCGCCGGCGC,0,1
GCCGCGCCGGGCC,0,1
GCCGCGCGACGCA,0,1
GCCGCGCGAGAAC,0,2
GCCGCGCGCGCCC,0,3
GCCGCGCGCGGAC,0,1
GCCGCGCGGTCCC,0,1
GCCGCGCTCCCGC,0,1
GCCGCGCTGCCCC,1,1
GCCGCGGACAAGC,0,1
GCCGCGGACGGAA,0,1
GCCGCGGAGGAGC,0,1
GCCGCGGAGGCGC,0,1
GCCGCGGAGGGCA,0,1
GCCGCGGCAACCA,0,1
GCCGCGGCCAAGA,0,1
GCCGCGGCCAGGC,0,1
GCCGCGGCCCGGC,0,1
GCCGCGGCCGCGC,0,3
GCCGCGGCGACGA,0,1
GCCGCGGCGCCCC,0,1
GCCGCGGCGCCGC,0,2
GCCGCGGCGCGCA,0,2
GCCGCGGCGGAGC,0,1
GCCGCGGCGGGCC,1,2
GCCGCGGCGGGGA,0,2
GCCGCGGCGTCCC,0,1
GCCGCGGCTTCCC,0,1
GCCGCGGGACCGC,2,2
GCCGCGGGAGAGC,0,1
GCCGCGGGAGCCC,0,1
GCCGCGGGCCCCC,0,1
GCCGCGGGCCGGC,0,1
GCCGCGGGCGCGC,0,1
GCCGCGGGGAGGA,0,1
GCCGCGGGGCCAC,0,1
GCCGCGGGGGGGA,0,1
GCCGCGGTTTGCC,1,1
GCCGCGTCCTCGC,0,1
GCCGCGTGCCTCC,0,1
GCCGCGTTTCCGC,0,1
GCCGCTCCCCGCC,0,1
GCCGCTCCCCGGC,0,1
GCCGCTCCCCTCC,1,1
GCCGCTCCCGCCC,1,1
GCCGCTCCGGGCC,1,1
GCCGCTCCTCCGC,0,1
GCCGCTCCTGCCC,0,1
GCCGCTCGGCTCC,0,1
GCCGCTCTCGCGC,0,1
GCCGCTCTGCTCC,0,1
GCCGCTGCCGTCC,0,1
GCCGCTGCGTGCC,0,2
GCCGCTGGCGGCC,0,1
GCCGCTGTGCCCC,0,1
GCCGCTTCCGCGC,0,1
GCCGCTTGCTCGC,0,1
GCCGCTTGGTTCC,0,3
GCCGCTTTTGGCC,0,1
GCCGGAAAGGGCC,0,1
GCCGGAACAACGC,0,1
GCCGGAACACACA,0,1
GCCGGAACACACC,0,2
GCCGGAACCAAGC,0,3
GCCGGAACCCGGC,0,1
GCCGGAACGCCGC,1,1
GCCGGAAGCAACC,0,1
GCCGGAAGGACCC,0,1
GCCGGACCAGGAA,0,1
GCCGGACCCAGAA,0,1
GCCGGACGAACGA,0,1
GCCGGACGACGGA,1,1
GCCGGAGACCGCC,0,1
GCCGGAGAGCAGA,0,1
GCCGGAGAGGAGC,0,1
GCCGGAGCACAGC,0,1
GCCGGAGCACGGC,0,2
GCCGGAGCAGAGA,0,1
GCCGGAGCCCGAA,0,1
GCCGGAGCCGAGC,1,3
GCCGGAGCCGGCC,0,1
GCCGGAGCGGACA,0,1
GCCGGAGCGGAGC,0,1
GCCGGAGGAGCGC,0,1
GCCGGAGGAGGCC,0,1
GCCGGAGGCACGC,0,1
GCCGGAGGCGCCA,0,1
GCCGGAGGGACCC,0,1
GCCGGAGGGACGC,0,11
GCCGGAGGGAGCC,0,1
GCCGGCAAAACCA,0,1
GCCGGCAAAGGGA,0,1
GCCGGCAACAGCA,0,1
GCCGGCAAGCCCC,0,1
GCCGGCACAGGCA,0,1
GCCGGCACCACCC,0,1
GCCGGCACCGCCC,0,1
GCCGGCAGCCCCC,0,1
GCCGGCAGGAACA,0,1
GCCGGCAGGGAGC,0,1
GCCGGCAGGGCGC,0,1
GCCGGCCACCCCA,0,1
GCCGGCCAGGAGC,0,1
GCCGGCCAGGGGA,0,1
GCCGGCCCAACAC,0,1
GCCGGCCCACGCC,0,1
GCCGGCCCCACAC,0,1
GCCGGCCCCCGGC,0,1
GCCGGCCCCGCCA,0,1
GCCGGCCCCGCCC,0,3
GCCGGCCCCGCGC,0,1
GCCGGCCCGCACC,0,1
GCCGGCCCGGCCC,0,1
GCCGGCCCGGGCC,0,1
GCCGGCCGCCGCC,0,3
GCCGGCCGCCGGC,0,3
GCCGGCCGCGGCA,0,1
GCCGGCCGCGTCC,0,1
GCCGGCCGCTGCC,0,1
GCCGGCCGGAGCA,0,1
GCCGGCCGGAGCC,0,2
GCCGGCCGGCAGC,0,1
GCCGGCCGGCCGA,0,1
GCCGGCCGGCTCC,0,1
GCCGGCCGGGCAA,0,1
GCCGGCCGGGCCC,0,1
GCCGGCCGTCCCC,0,1
GCCGGCCTCTCGC,0,1
GCCGGCCTGCTCC,0,1
GCCGGCCTGGCGC,0,1
GCCGGCGACCACA,1,1
GCCGGCGACGAGC,0,1
GCCGGCGCACAGA,0,1
GCCGGCGCAGCCA,0,2
GCCGGCGCAGCGA,0,2
GCCGGCGCCCGCC,0,3
GCCGGCGCCCGGC,0,2
GCCGGCGCCGCGC,0,1
GCCGGCGCCGGCC,0,2
GCCGGCGCCGGGA,0,1
GCCGGCGCGCGCA,0,1
GCCGGCGCGGCCC,0,1
GCCGGCGCGGCGA,0,1
GCCGGCGCTCCGC,0,1
GCCGGCGGAACCC,0,1
GCCGGCGGAGCGA,0,1
GCCGGCGGCCGCC,0,1
GCCGGCGGCCGGA,0,2
GCCGGCGGCGCGC,0,1
GCCGGCGGCGGCA,0,1
GCCGGCGGCGGCC,0,1
GCCGGCGGGAGCC,1,1
GCCGGCGGGCAGC,0,1
GCCGGCGGGCCCC,0,1
GCCGGCGGGCGCC,0,3
GCCGGCGGGGAAA,0,2
GCCGGCGGGGGCA,0,1
GCCGGCGTCGCCC,0,1
GCCGGCGTTCCCC,0,1
GCCGGCTCGGCCC,0,1
GCCGGCTCGGGCC,0,1
GCCGGCTCTGCGC,0,1
GCCGGCTGCTCCC,0,1
GCCGGCTTCCTCC,0,1
GCCGGGAACGAGA,1,1
GCCGGGAACGCCA,0,1
GCCGGGACACCGC,0,1
GCCGGGACAGAGC,1,2
GCCGGGACAGGCA,0,1
GCCGGGACCGGCA,0,1
GCCGGGACGGAGC,0,1
GCCGGGACGGGAC,0,1
GCCGGGAGAGAAA,0,1
GCCGGGAGCAGGA,0,1
GCCGGGAGGGAGA,0,2
GCCGGGAGGGGAA,0,1
GCCGGGCAGAGCA,0,1
GCCGGGCAGCGCC,0,1
GCCGGGCCCAAAA,0,1
GCCGGGCCCTGCC,0,1
GCCGGGCCGAGCA,0,1
GCCGGGCCGCACC,0,1
GCCGGGCCGCAGC,0,1
GCCGGGCCGCCAC,1,1
GCCGGGCCGGCCC,0,1
GCCGGGCCGGGAC,0,1
GCCGGGCCGGGCC,0,4
GCCGGGCCGTTCC,1,2
GCCGGGCGCACCC,0,3
GCCGGGCGCCGCA,0,1
GCCGGGCGGAGGC,0,1
GCCGGGCGGCTCC,0,3
GCCGGGCGGGCCA,0,1
GCCGGGCGGGCGC,0,1
GCCGGGCGGGGAC,0,1
GCCGGGCGGGGGA,0,1
GCCGGGCTCCTCC,1,1
GCCGGGCTCGGCC,0,1
GCCGGGGACGAGC,0,1
GCCGGGGAGGGGA,0,1
GCCGGGGCAGCCA,0,1
GCCGGGGCAGGCC,0,1
GCCGGGGCCAGGC,0,1
GCCGGGGCCCCGC,0,1
GCCGGGGCCGAGC,2,2
GCCGGGGCCTCGC,0,1
GCCGGGGCTGCGC,0,3
GCCGGGGGAAAAC,0,1
GCCGGGGGCGCCC,0,2
GCCGGGGGCGGCC,0,1
GCCGGGGGCTGCC,0,1
GCCGGGGGGACAA,0,1
GCCGGGGTCGTCC,0,1
GCCGGGTCCTCGC,1,1
GCCGGGTCTGGCC,0,1
GCCGGGTGCGTCC,0,5
GCCGGGTGCTCGC,0,1
GCCGGGTGGGTCC,2,4
GCCGGTCGCTTCC,0,1
GCCGGTCTCGCGC,0,1
GCCGGTGTGCCCC,0,1
GCCGGTGTGCCGC,0,1
GCCGGTTTTTGCC,0,1
GCCGTCCCCGGCC,0,1
GCCGTCCCGCCCC,1,1
GCCGTCCCGGGCC,1,2
GCCGTCCGGGCGC,0,1
GCCGTCCGTCCCC,0,1
GCCGTCCTCCTCC,0,1
GCCGTCCTGGGCC,0,2
GCCGTCGCGGTCC,1,1
GCCGTCTCTGCGC,1,1
GCCGTCTTTCCCC,0,1
GCCGTGCCGCGCC,0,1
GCCGTGCCGTGCC,0,1
GCCGTGCCTGCGC,0,1
GCCGTGCGCGCGC,0,1
GCCGTGCGCGGCC,0,1
GCCGTGCGTGGCC,0,1
GCCGTGGCTCGCC,2,2
GCCGTGGGCGCGC,0,1
GCCGTGTCTGGCC,0,5
GCCGTGTGCCGCC,0,1
GCCGTTCCCGCCC,0,1
GCCGTTCCGCTCC,0,1
GCCTCCCCCGCCC,0,1
GCCTCCCCGCTCC,0,1
GCCTCCCCGTCCC,0,1
GCCTCCCCTCGCC,0,1
GCCTCCCCTGGCC,0,1
GCCTCCCGGTGCC,0,1
GCCTCCCTCCCCC,1,1
GCCTCCCTCTCCC,0,1
GCCTCCCTCTGCC,0,1
GCCTCCCTTCTCC,0,1
GCCTCCCTTGGCC,0,3
GCCTCCGCCCCGC,0,2
GCCTCCGCCCGCC,0,1
GCCTCCGCTCTCC,0,1
GCCTCCGCTTTCC,0,1
GCCTCCGGGCCCC,1,1
GCCTCCGTCCCGC,0,1
GCCTCCGTCCTCC,0,1
GCCTCCGTCTCCC,0,1
GCCTCCGTGCTCC,0,1
GCCTCCTCCCCCC,0,1
GCCTCCTCCCTCC,0,3
GCCTCCTCCTCCC,1,1
GCCTCCTCCTTCC,0,1
GCCTCCTCGGCCC,0,2
GCCTCCTCTGCCC,1,1
GCCTCCTGCCCGC,0,1
GCCTCCTGCTGCC,1,1
GCCTCCTTCCGCC,0,1
GCCTCCTTCCTCC,0,1
GCCTCGCCCGCGC,1,1
GCCTCGCCGCCGC,0,1
GCCTCGCTCCCCC,0,1
GCCTCGCTGTCCC,0,1
GCCTCGGCCCCCC,0,2
GCCTCGGCCTCCC,0,2
GCCTCGGCTCTCC,0,1
GCCTCGGCTGCGC,0,2
GCCTCGGGCGCGC,0,1
GCCTCGGGCGGCC,0,1
GCCTCGTCCTCCC,0,1
GCCTCGTCGCCGC,0,1
GCCTCGTGCCCGC,0,1
GCCTCGTGGCCCC,0,1
GCCTCTCCCCTCC,1,1
GCCTCTCCTGCCC,0,1
GCCTCTCGCCCCC,0,1
GCCTCTCGCCCGC,0,1
GCCTCTCGTTCCC,0,1
GCCTCTCTCCCGC,0,1
GCCTCTGCCTCCC,0,2
GCCTCTGCTGCCC,0,2
GCCTCTGGCTTCC,0,1
GCCTCTGGGCTCC,0,1
GCCTCTGGTGGCC,0,1
GCCTCTGTCCGCC,0,1
GCCTCTTCCGCCC,0,2
GCCTCTTCCTGCC,1,1
GCCTCTTCTCGCC,0,1
GCCTCTTGTCTCC,1,1
GCCTCTTTCCCCC,0,1
GCCTCTTTGGTCC,0,1
GCCTCTTTTCCCC,1,2
GCCTGCCCCCCGC,0,1
GCCTGCCCCCTCC,1,1
GCCTGCCCCGGCC,0,1
GCCTGCCCTGCCC,0,1
GCCTGCCCTGGCC,0,1
GCCTGCCGCCGCC,0,1
GCCTGCCGGTGCC,0,1
GCCTGCCTCCGCC,0,1
GCCTGCCTCGCCC,1,2
GCCTGCCTCGTCC,0,1
GCCTGCCTGTTCC,0,1
GCCTGCCTTTCCC,1,1
GCCTGCGCCCCCC,0,1
GCCTGCGCCTCCC,0,1
GCCTGCGCCTGCC,0,1
GCCTGCGCGGCCC,0,3
GCCTGCGTCTGCC,0,1
GCCTGCGTGGCCC,0,1
GCCTGCTCGCGCC,0,1
GCCTGCTGCGTCC,1,1
GCCTGGCCCTCCC,0,1
GCCTGGCGCCCGC,0,1
GCCTGGCGTCTCC,0,1
GCCTGGCTCCCGC,0,1
GCCTGGCTCTGCC,0,1
GCCTGGCTGGGCC,0,3
GCCTGGGCCCCCC,0,1
GCCTGGGCCCTCC,0,2
GCCTGGGCCTGCC,0,2
GCCTGGGCGCGCC,0,1
GCCTGGGCTCTCC,0,1
GCCTGGGGTGCCC,0,1
GCCTGGGTCGCCC,1,1
GCCTGGGTGTGCC,0,1
GCCTGGTTTTTCC,0,1
GCCTGTCCCCGCC,0,1
GCCTGTCCGCTCC,0,1
GCCTGTCCTGCCC,0,1
GCCTGTCCTGTCC,1,1
GCCTGTCGGTGCC,0,1
GCCTGTCGTGCGC,0,1
GCCTGTCTCCCCC,1,1
GCCTGTCTGTGCC,52,64
GCCTGTGCCTCGC,0,1
GCCTGTGCTTGCC,0,5
GCCTGTGGCGGCC,0,1
GCCTGTGGCTCCC,0,1
GCCTGTGGCTCGC,0,1
GCCTGTGTCCTCC,0,1
GCCTGTTTCCCGC,0,1
GCCTGTTTCCTCC,1,1
GCCTTCCCCTTCC,0,1
GCCTTCCGCGCGC,0,1
GCCTTCCTTTCCC,1,1
GCCTTCGCCTCGC,0,1
GCCTTCGCCTTCC,0,1
GCCTTCGGCGTCC,0,1
GCCTTCTCCGCCC,0,1
GCCTTCTCCGGCC,0,1
GCCTTCTGCGCCC,0,1
GCCTTCTGCTTCC,0,1
GCCTTCTTCTTCC,0,2
GCCTTCTTGCCCC,0,1
GCCTTCTTGCTCC,0,1
GCCTTGCCTTCCC,0,3
GCCTTGCTCCTCC,0,1
GCCTTGCTGCCCC,0,1
GCCTTGGCCGTCC,1,1
GCCTTGGCCTTCC,0,1
GCCTTGGCGGCCC,0,3
GCCTTGGCTTTCC,0,1
GCCTTGGGGGGCC,0,1
GCCTTGGTCTTCC,0,1
GCCTTGGTTGCCC,0,1
GCCTTGGTTTGCC,1,1
GCCTTGTCGGCGC,0,1
GCCTTGTCTTGCC,2,2
GCCTTGTGGTCGC,0,1
GCCTTGTTCTTCC,1,1
GCCTTGTTGTCGC,0,1
GCCTTTCCCCGCC,1,1
GCCTTTCCCCTCC,1,4
GCCTTTCCCTTCC,1,1
GCCTTTCCGTCGC,0,1
GCCTTTCCTCCGC,0,1
GCCTTTCCTGTCC,0,1
GCCTTTTGTTTCC,0,2
GCCTTTTTCCCCC,0,3
GCGAAAAAAAACC,0,1
GCGAAAACAACAA,0,1
GCGAAAACAGCAA,0,1
GCGAAAACCACAA,0,1
GCGAAAACCCCCA,0,1
GCGAAAACGACAA,0,1
GCGAAAACGGAAA,0,1
GCGAAACAGCGAA,0,1
GCGAAACCGGCGA,0,1
GCGAAACGCACGA,0,1
GCGAAACGGCCGC,0,1
GCGAAAGACCACA,0,1
GCGAAAGAGAAGC,0,1
GCGAAAGAGCACA,0,1
GCGAAAGCAGACA,1,1
GCGAAAGCGAAAA,0,1
GCGAAAGGGAGCC,0,1
GCGAAAGGGAGGA,0,1
GCGAACAAAGAGC,0,1
GCGAACACCGCGA,1,6
GCGAACAGCACGA,1,1
GCGAACAGGACAC,0,1
GCGAACCAAAAAA,0,1
GCGAACCAAGAAC,0,1
GCGAACCGCAGGA,0,1
GCGAACCGGAAGA,0,1
GCGAACGGAGCGC,0,1
GCGAAGAAAAGCC,0,1
GCGAAGAAGAAGA,0,1
GCGAAGAGAGAGA,0,2
GCGAAGAGCACGC,0,1
GCGAAGAGGAGAA,0,1
GCGAAGCACGCAC,0,1
GCGAAGCCCAAGC,1,1
GCGAAGCCCGCCA,0,1
GCGAAGCGACGCA,0,1
GCGAAGCGCGAAC,0,1
GCGAAGGAAGCAA,0,1
GCGAAGGACACCA,0,1
GCGAAGGACCAAC,0,1
GCGAAGGAGGAAA,0,1
GCGAAGGCGAAGC,0,1
GCGAAGGCGAGAA,1,1
GCGAAGGGCAACA,3,3
GCGAAGGGGACGC,1,1
GCGACAAAAAAGA,0,2
GCGACAACAACAA,0,1
GCGACAAGCGGCC,0,1
GCGACAAGGGCGA,0,1
GCGACACAAAAGA,0,1
GCGACACAAAGAA,0,1
GCGACACCAAAAA,0,2
GCGACACGCGCGC,0,1
GCGACACGGAGAC,0,1
GCGACAGAAAAGA,0,1
GCGACAGAAGAGA,0,4
GCGACAGCCAAAA,0,2
GCGACAGCCGCCC,0,1
GCGACAGCCGCGC,0,1
GCGACAGCGGGCA,0,1
GCGACAGGCACCA,0,1
GCGACCAACAGGA,0,1
GCGACCACAGCAC,0,1
GCGACCACCGAAA,0,1
GCGACCAGGAGAC,0,2
GCGACCCCCCCCC,0,1
GCGACCGAAAGCA,0,1
GCGACCGAGCACC,0,1
GCGACCGGCCCAC,0,1
GCGACCGGCGGAA,0,1
GCGACCGGCGGCC,0,1
GCGACGAAACCCA,0,1
GCGACGAACGACA,0,1
GCGACGAACGGCA,0,1
GCGACGAAGAAGA,1,2
GCGACGACAGCGC,0,1
GCGACGACGAGGA,0,1
GCGACGAGAACCC,1,1
GCGACGAGAGAAC,0,1
GCGACGAGCGCCC,0,1
GCGACGCAACCAC,0,1
GCGACGCGCGCGA,0,1
GCGACGGACAAAC,0,1
GCGACGGACAGCA,0,1
GCGACGGAGACGA,0,1
GCGACGGAGCCGC,0,1
GCGACGGAGGCGC,1,1
GCGACGGGAAGCC,0,1
GCGACGGGCCGCC,0,1
GCGACGGGGGCAA,0,1
GCGAGAACGGCGA,0,1
GCGAGAAGAAACC,0,1
GCGAGAAGAAAGC,0,1
GCGAGAAGACAAC,0,1
GCGAGAAGAGCAC,0,2
GCGAGAAGGAAGA,0,6
GCGAGACAACAGA,0,1
GCGAGACAGAGCA,0,1
GCGAGACAGGAGA,0,1
GCGAGACGAGAGC,0,2
GCGAGACGAGGAC,0,1
GCGAGACGCCCGA,0,1
GCGAGACGGGGAC,2,11
GCGAGAGAACAAA,0,2
GCGAGAGAGACGA,0,1
GCGAGAGCAGGAA,0,1
GCGAGAGCGGGAC,1,1
GCGAGAGGGACGA,0,1
GCGAGAGGGCAAC,0,1
GCGAGCAAAAAAA,0,1
GCGAGCACAACCC,0,1
GCGAGCACGGCGC,0,1
GCGAGCAGAGCCA,0,1
GCGAGCAGGAAAC,0,1
GCGAGCAGGCGGA,0,1
GCGAGCCAACGCC,0,2
GCGAGCCAAGACC,1,1
GCGAGCCACGGCC,1,1
GCGAGCCAGCGGA,1,1
GCGAGCCCAGACA,0,1
GCGAGCCCCCCCC,0,2
GCGAGCCCGGCAA,0,1
GCGAGCCCGGGAC,0,1
GCGAGCGAAGAGA,0,1
GCGAGCGAAGCCC,0,1
GCGAGCGAGCAAA,0,1
GCGAGCGAGCGAC,0,1
GCGAGCGCAGAGA,1,1
GCGAGCGCAGCGC,0,1
GCGAGCGCCGCCA,0,1
GCGAGGAAAAGCA,0,1
GCGAGGAAAAGCC,0,1
GCGAGGAAGAGGA,0,1
GCGAGGAAGGGGA,1,1
GCGAGGACAAAGA,0,1
GCGAGGACACAAC,0,1
GCGAGGACACCGC,0,1
GCGAGGACGAGAA,0,1
GCGAGGAGAAAGA,0,1
GCGAGGAGAACAA,0,1
GCGAGGAGAAGCC,0,1
GCGAGGAGAGAGA,0,1
GCGAGGAGGCGCC,0,1
GCGAGGAGGGACC,0,1
GCGAGGCAAAACA,0,1
GCGAGGCAACAAA,0,1
GCGAGGCAGGCGA,0,1
GCGAGGCAGGCGC,0,1
GCGAGGCCACACC,0,1
GCGAGGCCCCAAC,0,1
GCGAGGCCGAGAC,0,1
GCGAGGCCGAGCA,0,1
GCGAGGCCGGACC,0,1
GCGAGGCCGGGAC,0,1
GCGAGGCCGGGCC,0,1
GCGAGGCGCGCGA,0,2
GCGAGGCGGCGCC,0,1
GCGAGGGAACCAA,0,1
GCGAGGGACCAAA,0,1
GCGAGGGCAGCCA,0,1
GCGAGGGCAGGCC,0,1
GCGAGGGCGCCGC,0,1
GCGAGGGCGGGAA,0,1
GCGAGGGGAGAGA,0,1
GCGAGGGGCAAAA,0,3
GCGCAAACCCCAC,0,1
GCGCAAAGCGGAA,0,1
GCGCAACCGGGAA,0,1
GCGCAACGCGCGC,0,1
GCGCAACGGGAGA,0,1
GCGCAAGCAAAGC,1,1
GCGCAAGCGACGA,0,1
GCGCAAGCGCAAA,0,1
GCGCAAGGACCGA,0,1
GCGCAAGGGCGCA,0,1
GCGCACAACCCAC,0,1
GCGCACACGCCCC,0,1
GCGCACAGAGGAC,0,1
GCGCACAGCAGAC,0,1
GCGCACAGCGCAC,0,1
GCGCACCACACAC,0,1
GCGCACCAGGAGC,0,1
GCGCACCCGACCA,1,1
GCGCACCGCCGCA,0,1
GCGCACGAGCGAA,1,1
GCGCACGAGGAAA,0,1
GCGCACGCGCAGC,0,1
GCGCACGCGCGCC,0,1
GCGCACGGGGCCA,1,6
GCGCAGACACCAA,0,1
GCGCAGACCCACA,0,1
GCGCAGACCGCGC,0,1
GCGCAGAGAAAGC,0,1
GCGCAGCAGCAGA,0,2
GCGCAGCCAAGCC,0,1
GCGCAGCCAAGGA,0,1
GCGCAGCCACAGA,0,1
GCGCAGCCACCGA,0,1
GCGCAGCCAGGCC,0,1
GCGCAGCCCCGCC,0,1
GCGCAGCCCGGCC,1,1
GCGCAGCCGACCC,0,1
GCGCAGCGGAGCA,0,1
GCGCAGCGGAGCC,0,1
GCGCAGGAGAAGA,0,1
GCGCAGGAGCCGC,0,1
GCGCAGGCCGAGA,0,1
GCGCAGGGAGACC,4,4
GCGCAGGGCAGCC,0,9
GCGCAGGGCCAGC,0,1
GCGCAGGGCGGAA,0,1
GCGCAGGGGACAC,0,11
GCGCAGGGGACCA,0,1
GCGCCAAAAAAAA,0,1
GCGCCAAAGACAC,0,1
GCGCCAACAAAAA,0,1
GCGCCAACAGCAA,0,1
GCGCCAAGACCGA,0,1
GCGCCACACGCGA,0,2
GCGCCACAGGGAA,0,1
GCGCCACCACAAC,0,1
GCGCCACCACAGA,0,1
GCGCCACGGAAGA,0,5
GCGCCAGAAGAAA,0,1
GCGCCAGAAGCAC,0,1
GCGCCAGAGAAGC,0,1
GCGCCAGAGCAGC,0,1
GCGCCAGCCCCAC,0,2
GCGCCAGCCCGGA,0,1
GCGCCAGCCGCGC,0,1
GCGCCAGGGACAA,0,1
GCGCCAGGGCCCC,0,1
GCGCCAGGGCCGC,0,1
GCGCCCAAACGGA,0,1
GCGCCCAACAACA,0,1
GCGCCCACGCAGC,0,1
GCGCCCAGAACCA,0,1
GCGCCCAGCACGC,0,1
GCGCCCAGGACGC,0,1
GCGCCCAGGCAGC,0,1
GCGCCCAGGCCGC,0,1
GCGCCCAGGGGCC,0,1
GCGCCCCCCGCGC,0,2
GCGCCCCCCTCCC,0,1
GCGCCCCCGCCCC,0,3
GCGCCCCGACCCC,0,1
GCGCCCCGGCCCC,2,2
GCGCCCCGGGAAA,0,3
GCGCCCCGGGAAC,0,2
GCGCCCCGGGAGC,0,1
GCGCCCCGGTCCC,0,1
GCGCCCCGTCCCC,0,1
GCGCCCCGTGTCC,0,2
GCGCCCCTCCTCC,0,1
GCGCCCGAGCGCC,0,1
GCGCCCGCAGAGA,0,1
GCGCCCGCCCGCC,0,1
GCGCCCGCCGCCC,0,2
GCGCCCGCGCCGC,0,1
GCGCCCGCGGGCC,0,1
GCGCCCGCTTCCC,0,1
GCGCCCGGCAGCC,0,2
GCGCCCGGCGGCC,0,2
GCGCCCGGCTCCC,0,1
GCGCCCGGGGAGA,0,1
GCGCCCGGGGCGA,0,1
GCGCCCGGGTCCC,0,6
GCGCCCGGGTGCC,0,1
GCGCCCTCCGCCC,0,1
GCGCCCTCTGCCC,0,1
GCGCCCTGGCCGC,0,1
GCGCCCTTCCGCC,0,1
GCGCCGAAACCGC,0,2
GCGCCGAAACGAC,0,1
GCGCCGAAGGCGA,0,1
GCGCCGAGCCCGA,0,1
GCGCCGAGCGCGC,0,1
GCGCCGCACCCAA,0,1
GCGCCGCCACCGA,0,1
GCGCCGCCACCGC,0,2
GCGCCGCCCGTCC,0,1
GCGCCGCCGAGCC,0,2
GCGCCGCCGCCAC,0,1
GCGCCGCCGCCCC,0,2
GCGCCGCCGCCGC,2,8
GCGCCGCCGGAGA,0,1
GCGCCGCGCACCC,0,1
GCGCCGCGCCACC,0,1
GCGCCGCGCCCCC,0,1
GCGCCGCGCCCGC,0,1
GCGCCGCGCGGCC,0,1
GCGCCGCGCTCCC,0,1
GCGCCGCGGAAGA,0,1
GCGCCGCGGAGCC,0,1
GCGCCGCGGCCGC,0,1
GCGCCGCGGGACC,2,2
GCGCCGCGGGAGC,0,3
GCGCCGCGTCTCC,0,1
GCGCCGCTTCCGC,0,1
GCGCCGCTTGCCC,0,1
GCGCCGGAACCAA,0,2
GCGCCGGAAGCCC,1,1
GCGCCGGACGCGC,0,1
GCGCCGGAGACGC,0,1
GCGCCGGAGCCGC,0,1
GCGCCGGAGCGGA,0,2
GCGCCGGAGGCAC,0,1
GCGCCGGAGGCGC,0,1
GCGCCGGCAGGGA,0,1
GCGCCGGCCAGCA,0,1
GCGCCGGCCCGCA,0,1
GCGCCGGCGCACC,0,1
GCGCCGGCGCCAC,0,1
GCGCCGGCGCCGC,0,2
GCGCCGGCGCTCC,0,1
GCGCCGGCGGAAC,0,1
GCGCCGGCGGCCC,0,1
GCGCCGGGACACC,0,1
GCGCCGGGACCAA,0,1
GCGCCGGGCCGGA,0,1
GCGCCGGGCGCCC,0,1
GCGCCGGGGAGGA,0,1
GCGCCGGGGCGCC,0,1
GCGCCGGGGCTCC,0,1
GCGCCGGTCGTCC,0,1
GCGCCGTCCCGCC,1,1
GCGCCGTGGGGCC,0,1
GCGCCTCCGCCGC,0,2
GCGCCTCCGGTCC,0,1
GCGCCTCCTCGCC,0,1
GCGCCTCCTTTCC,1,1
GCGCCTCTTGTCC,0,1
GCGCCTGCCTGCC,0,1
GCGCCTGCTGCCC,1,1
GCGCCTGGGCCCC,0,2
GCGCCTTCCCCGC,0,2
GCGCCTTCGTTCC,0,1
GCGCCTTCTCTCC,0,1
GCGCCTTTCCCGC,0,1
GCGCGAAACGAGC,0,1
GCGCGAAGCCCGC,0,1
GCGCGACAAGCAA,0,1
GCGCGACAGAAAA,0,1
GCGCGACCCCCCC,0,1
GCGCGACCGCGCC,0,1
GCGCGACCGGCCC,1,1
GCGCGACGAAACC,0,1
GCGCGACGAACGA,0,1
GCGCGACGAGCGC,0,1
GCGCGACGCAAGC,0,1
GCGCGAGAAGGAA,0,6
GCGCGAGCAGAGA,1,1
GCGCGAGGAGAAC,0,1
GCGCGAGGGGACA,0,1
GCGCGCAACACGA,0,1
GCGCGCAAGCGAC,0,1
GCGCGCAAGGACC,1,1
GCGCGCACACCGC,0,1
GCGCGCAGCCACA,0,1
GCGCGCAGCCCGC,0,2
GCGCGCCCAGGCA,0,1
GCGCGCCCAGGCC,0,1
GCGCGCCCCCGCC,0,1
GCGCGCCCCGACC,0,1
GCGCGCCCGCCGC,0,1
GCGCGCCCTCCGC,0,2
GCGCGCCGAGCGC,0,1
GCGCGCCGCGGCC,0,2
GCGCGCCGGACGC,0,1
GCGCGCCGGCACC,0,7
GCGCGCCGGCCGC,0,2
GCGCGCCTCGTCC,0,1
GCGCGCCTGGTCC,0,1
GCGCGCGAGGGGA,0,1
GCGCGCGCACACC,0,1
GCGCGCGCACGCC,0,1
GCGCGCGCCAGCC,0,1
GCGCGCGCCCGAC,0,1
GCGCGCGCCCGCC,1,2
GCGCGCGCCGGCC,0,2
GCGCGCGCGCGCC,0,2
GCGCGCGGACAGA,0,1
GCGCGCGGCCGCC,0,2
GCGCGCGGCGGCC,0,2
GCGCGCGGGAGCC,0,1
GCGCGCGGGGGAA,0,1
GCGCGCGTCGCCC,0,1
GCGCGCGTTCCCC,0,1
GCGCGCGTTGCCC,0,1
GCGCGCTCCCCGC,0,1
GCGCGCTCCCGCC,0,3
GCGCGCTCTGCCC,0,1
GCGCGCTGCCTCC,0,1
GCGCGCTGGCGCC,0,1
GCGCGCTGGGTCC,0,2
GCGCGGAAAGCAA,0,1
GCGCGGAACCAGA,0,2
GCGCGGAAGGGCC,0,1
GCGCGGACAGACA,0,1
GCGCGGAGAAAAA,0,1
GCGCGGAGCCCGA,0,1
GCGCGGAGGAGGA,0,1
GCGCGGAGGCAGC,0,1
GCGCGGAGGGAGC,1,1
GCGCGGAGGGCCA,0,1
GCGCGGCAGCACC,0,1
GCGCGGCAGCCGA,0,1
GCGCGGCCGCCCC,0,1
GCGCGGCCGCCGC,0,1
GCGCGGCCTCTCC,0,1
GCGCGGCGACAGC,0,2
GCGCGGCGAGCGA,0,1
GCGCGGCGCACAA,0,1
GCGCGGCGCACCC,0,1
GCGCGGCGCAGCC,0,1
GCGCGGCGCCGCC,0,1
GCGCGGCGCGGAA,0,1
GCGCGGCGCTGCC,0,1
GCGCGGCGGAGAC,1,1
GCGCGGCGGCCGC,0,2
GCGCGGCGGGCCA,0,1
GCGCGGCGGGGAC,0,1
GCGCGGGAAGAGC,0,1
GCGCGGGAGAGCA,0,5
GCGCGGGAGAGGA,0,1
GCGCGGGCAAAAA,0,1
GCGCGGGCGAGGA,0,1
GCGCGGGCGCTCC,0,1
GCGCGGGCTCCGC,0,1
GCGCGGGGACGAC,0,1
GCGCGGGGAGAAC,0,1
GCGCGGGGAGCGC,0,1
GCGCGGGGAGGGA,0,1
GCGCGGGGCCAGC,0,1
GCGCGGGGCCTCC,0,1
GCGCGGGGGAAAA,0,1
GCGCGGGGGCCGC,0,1
GCGCGGGGGGAAC,0,1
GCGCGGGGTGCCC,0,1
GCGCGGGTCCCCC,0,1
GCGCGGTCGGGCC,0,1
GCGCGGTTTCCCC,1,1
GCGCGTCCTCCCC,1,1
GCGCGTGCTGGCC,0,1
GCGCGTGTCCCGC,0,1
GCGCGTGTCGCCC,0,1
GCGCGTTCGCCGC,0,1
GCGCTCCCCGCCC,0,1
GCGCTCCCGGCCC,0,1
GCGCTCCGCTCCC,1,1
GCGCTCCGCTGCC,0,1
GCGCTCCGGGCCC,2,3
GCGCTCCGTGGCC,0,1
GCGCTCCTCGCCC,0,1
GCGCTCCTGGGCC,1,1
GCGCTCTCGCCGC,0,1
GCGCTCTGCCCCC,0,1
GCGCTCTTTTTCC,0,1
GCGCTGCCCCCGC,1,1
GCGCTGCCCGGCC,0,1
GCGCTGCCCTCCC,0,1
GCGCTGCCGGGCC,0,1
GCGCTGCCTCCCC,1,4
GCGCTGCGCCCCC,0,1
GCGCTGCTCGGCC,0,1
GCGCTGCTGGGCC,0,2
GCGCTGCTTCTCC,0,1
GCGCTGGGGCTCC,0,1
GCGCTGGGGTCCC,1,1
GCGCTGTGCTTCC,0,2
GCGCTGTTGCCGC,0,1
GCGCTTCGGCCCC,1,2
GCGCTTGTGGCCC,0,1
GCGCTTTCCTGCC,0,1
GCGCTTTCTTTCC,0,1
GCGCTTTGTTGCC,1,1
GCGGAAAAAGGAA,0,1
GCGGAAAACGAGC,0,2
GCGGAAACCCCAA,0,1
GCGGAAAGCAACA,0,1
GCGGAAAGGGCCC,2,2
GCGGAACACAGCC,0,1
GCGGAACCCCGCA,0,1
GCGGAACCGAGCA,1,1
GCGGAACGGCACC,0,4
GCGGAACGGCCGC,0,1
GCGGAACGGGCAA,0,1
GCGGAAGAAACCA,1,1
GCGGAAGAAAGAA,0,1
GCGGAAGAGCAGA,1,1
GCGGAAGCAAAAC,0,1
GCGGAAGCACAAA,0,1
GCGGAAGGAAAGC,0,1
GCGGAAGGACCAC,0,1
GCGGAAGGACGCA,0,1
GCGGAAGGAGAAC,1,1
GCGGAAGGAGGCA,0,1
GCGGAAGGGCCGA,0,1
GCGGAAGGGCGCC,0,1
GCGGACAAAGGAC,1,2
GCGGACAAGGGAA,1,1
GCGGACAGACACA,0,1
GCGGACAGACAGA,1,1
GCGGACAGACGAC,0,1
GCGGACAGAGGAA,0,1
GCGGACAGGCACC,0,1
GCGGACCAAAGAC,0,1
GCGGACCAACGCC,0,1
GCGGACCACCGCC,0,1
GCGGACCAGCGCC,0,1
GCGGACCCCGAGA,0,3
GCGGACCCCGGCC,0,1
GCGGACCGAAAGA,0,1
GCGGACCGCGGCA,1,1
GCGGACGAGAGAA,0,1
GCGGACGCACAGC,0,1
GCGGACGCAGAGC,0,2
GCGGACGCCGGAC,1,1
GCGGACGCGGGCC,0,2
GCGGAGAAAAAAA,1,1
GCGGAGAAAGGGA,0,1
GCGGAGAACCAGC,0,1
GCGGAGAACCCCC,0,1
GCGGAGAAGACAA,1,1
GCGGAGAAGACGA,1,1
GCGGAGAAGCAGA,0,1
GCGGAGAAGGAGC,0,1
GCGGAGAAGGCGA,0,1
GCGGAGACCGACA,0,1
GCGGAGACCGGAA,0,1
GCGGAGACCGGCA,1,1
GCGGAGACCGGGA,1,1
GCGGAGACGCACA,0,1
GCGGAGAGAAAGA,1,1
GCGGAGAGAAAGC,0,1
GCGGAGAGCCACC,0,1
GCGGAGAGGGCCC,6,6
GCGGAGCAACGAA,0,1
GCGGAGCACGGAA,0,1
GCGGAGCACGGCA,0,3
GCGGAGCAGCAGC,0,1
GCGGAGCAGCGAA,0,1
GCGGAGCCAACCA,0,1
GCGGAGCCAAGCA,0,1
GCGGAGCCCGAGC,0,1
GCGGAGCCGAGCC,0,1
GCGGAGCCGCCGC,0,2
GCGGAGCCGGAGC,0,1
GCGGAGCGCGGCA,0,1
GCGGAGCGCGGCC,0,1
GCGGAGCGCGGGA,1,1
GCGGAGCGGAGGA,0,1
GCGGAGCGGCACC,0,1
GCGGAGCGGCGAA,0,1
GCGGAGCGGCGGA,1,1
GCGGAGCGGGGAA,0,3
GCGGAGCGGGGCC,0,1
GCGGAGGAAACAA,0,2
GCGGAGGAACCGA,0,1
GCGGAGGAGCAGC,0,1
GCGGAGGAGCCGC,0,1
GCGGAGGAGGAGC,0,2
GCGGAGGCGAAGA,0,1
GCGGAGGGAGCGA,1,1
GCGGAGGGCAAGA,0,1
GCGGAGGGCACAA,0,1
GCGGAGGGCCAGC,0,1
GCGGAGGGCCGGA,0,1
GCGGAGGGCGCAC,0,3
GCGGAGGGCGGAC,0,3
GCGGAGGGCGGGA,0,1
GCGGAGGGGAACC,0,5
GCGGAGGGGAAGA,0,1
GCGGAGGGGAGCC,0,1
GCGGAGGGGCAGC,0,1
GCGGCAAAAAAGC,0,1
GCGGCAACAACGA,0,1
GCGGCAACAAGAA,0,1
GCGGCAACCACCA,0,1
GCGGCAACCACGC,0,3
GCGGCAACCAGAC,0,1
GCGGCAACCGGGA,0,1
GCGGCAAGGGAGA,0,1
GCGGCACAAGAGA,0,2
GCGGCACACGGAC,0,1
GCGGCACCAAGCA,0,2
GCGGCACCACACC,0,4
GCGGCACCGAGCA,0,2
GCGGCACCGCCAA,0,1
GCGGCACCGGAGC,0,1
GCGGCAGAAAGCA,0,1
GCGGCAGAAGAAA,1,2
GCGGCAGACCACC,0,1
GCGGCAGACCCGA,0,1
GCGGCAGCAAGAA,0,2
GCGGCAGCACCAC,0,1
GCGGCAGCAGGAC,0,1
GCGGCAGCCGAGA,0,1
GCGGCAGCCGAGC,0,2
GCGGCAGCCGCCA,0,1
GCGGCAGCGCCGC,0,1
GCGGCAGCGGCCC,0,1
GCGGCAGGCAGAA,0,1
GCGGCAGGCAGCA,0,1
GCGGCAGGCAGCC,0,1
GCGGCAGGGCCCC,0,1
GCGGCCAAAGAGC,0,1
GCGGCCAACAGCC,0,1
GCGGCCACAGCCC,0,1
GCGGCCACGCCCC,0,2
GCGGCCACGGGCA,0,1
GCGGCCAGCACGC,0,1
GCGGCCCAAAACA,0,1
GCGGCCCAGGGAC,0,2
GCGGCCCCACGCA,1,15
GCGGCCCCAGGAC,0,1
GCGGCCCCGCCCA,0,1
GCGGCCCCGCCCC,0,2
GCGGCCCCGGGAA,0,1
GCGGCCCCGGGCC,0,1
GCGGCCCGAGGAC,0,1
GCGGCCCGGCAGC,1,1
GCGGCCCGTGGCC,0,2
GCGGCCCTGGCCC,0,1
GCGGCCCTGTCCC,0,1
GCGGCCGAACAAA,0,1
GCGGCCGAGGCCC,0,2
GCGGCCGAGGGCC,0,1
GCGGCCGCAAGGA,0,1
GCGGCCGCCCCGC,0,1
GCGGCCGCCCGCC,0,1
GCGGCCGCCGAAC,0,1
GCGGCCGCCGCCA,0,1
GCGGCCGCCGCCC,0,1
GCGGCCGCCGGCC,0,1
GCGGCCGCCGGGA,0,1
GCGGCCGCGCAGC,0,1
GCGGCCGCGCCGC,0,1
GCGGCCGCGCGCC,0,1
GCGGCCGCGGACA,0,1
GCGGCCGCGGCGA,0,1
GCGGCCGCTTCCC,1,1
GCGGCCGGAACAA,0,1
GCGGCCGGAGCCC,0,1
GCGGCCGGAGGGA,0,1
GCGGCCGGCCACA,0,1
GCGGCCGGCCAGC,0,1
GCGGCCGGCGAGC,0,1
GCGGCCGGCGGCC,0,2
GCGGCCGGGCCCC,0,1
GCGGCCGGGCGCC,1,1
GCGGCCGGGGACA,1,1
GCGGCCGTGCTCC,0,2
GCGGCCGTTTCCC,1,1
GCGGCCTGGCTCC,0,1
GCGGCCTTCCGCC,0,1
GCGGCCTTCGGCC,0,1
GCGGCGAAGGGGA,0,1
GCGGCGACAACAA,0,1
GCGGCGACAAGAA,0,1
GCGGCGACAGCGA,0,3
GCGGCGACCGGCA,0,1
GCGGCGACGAAGA,0,1
GCGGCGACGACGA,0,1
GCGGCGACGAGAA,0,1
GCGGCGACGGAGC,0,1
GCGGCGAGAGAAC,1,1
GCGGCGAGAGAGC,0,1
GCGGCGAGCGAAC,1,1
GCGGCGAGCGGGA,2,2
GCGGCGAGGACAC,0,1
GCGGCGAGGCCCC,0,1
GCGGCGCAACGCC,0,1
GCGGCGCCAGAGC,0,1
GCGGCGCCAGGCA,0,1
GCGGCGCCCCGCC,2,2
GCGGCGCCCGGCC,1,1
GCGGCGCCGCCGC,0,2
GCGGCGCCGGAGA,0,1
GCGGCGCCGGAGC,0,1
GCGGCGCCTCCCC,0,1
GCGGCGCGCAAGA,0,2
GCGGCGCGCGCGA,0,1
GCGGCGCGCTGCC,0,1
GCGGCGCGGAACC,0,1
GCGGCGCGGCACA,0,1
GCGGCGCTCGCCC,0,1
GCGGCGCTCGGCC,0,1
GCGGCGCTGGTCC,0,1
GCGGCGCTTCTCC,0,1
GCGGCGCTTTTCC,0,1
GCGGCGGAAAAGA,0,1
GCGGCGGAAGAAA,0,1
GCGGCGGACGAGC,0,1
GCGGCGGACGCCA,0,1
GCGGCGGCACCAA,0,2
GCGGCGGCAGCAA,0,1
GCGGCGGCAGGAC,0,1
GCGGCGGCCAACA,0,1
GCGGCGGCCAGCA,0,1
GCGGCGGCCAGGA,0,1
GCGGCGGCCCCGC,0,1
GCGGCGGCCGACC,0,1
GCGGCGGCCGAGA,0,1
GCGGCGGCCGGCA,0,1
GCGGCGGCGACAA,0,1
GCGGCGGCGAGGA,0,1
GCGGCGGCGCCCC,0,1
GCGGCGGCGGAGA,0,1
GCGGCGGCGGCAA,0,2
GCGGCGGCGGCCA,0,3
GCGGCGGCGGCCC,0,2
GCGGCGGCGGCGA,0,1
GCGGCGGCGGGCA,0,1
GCGGCGGCGTCCC,0,2
GCGGCGGCTTGCC,1,1
GCGGCGGGAACAA,0,1
GCGGCGGGCAAGA,0,1
GCGGCGGGCCAGC,0,1
GCGGCGGGCCGAC,0,1
GCGGCGGGCGCCA,0,1
GCGGCGGGCGGAA,0,1
GCGGCGGGGCACA,0,1
GCGGCGGGGCCCC,0,1
GCGGCGGGGCGAA,0,1
GCGGCGGGGGGCA,0,2
GCGGCGGTCCCCC,0,1
GCGGCGTCCCCCC,0,1
GCGGCGTTTCCCC,0,1
GCGGCGTTTTCCC,0,1
GCGGCTCCCCCGC,0,1
GCGGCTCCGGGCC,0,1
GCGGCTCCTCTCC,0,1
GCGGCTGTCGCCC,0,1
GCGGCTGTGTTCC,0,1
GCGGCTTCGCCCC,0,1
GCGGCTTTTCCCC,1,1
GCGGGAAAGACAC,1,1
GCGGGAACAAAAA,0,1
GCGGGAACAGAGA,1,1
GCGGGAACGCCAC,0,1
GCGGGAAGAAACA,0,1
GCGGGAAGAGCCA,0,1
GCGGGAAGAGGAA,0,2
GCGGGAAGCAGCA,0,1
GCGGGAAGGCGAC,0,1
GCGGGAAGGGAGC,0,1
GCGGGACAAGAGC,1,1
GCGGGACACCGCA,0,1
GCGGGACCGAGCA,0,1
GCGGGACCGCGAC,0,1
GCGGGACCGCGCA,0,1
GCGGGACGCCAGC,0,1
GCGGGACGGAGGA,0,1
GCGGGACGGCACC,0,2
GCGGGAGAAGCCC,3,3
GCGGGAGAGCACC,0,1
GCGGGAGAGGAAC,0,1
GCGGGAGAGGAGA,0,1
GCGGGAGAGGAGC,0,1
GCGGGAGAGGGAA,1,1
GCGGGAGCAGGAC,0,1
GCGGGAGCCGACC,0,1
GCGGGAGCCGCCC,0,1
GCGGGAGCCGGAA,0,1
GCGGGAGCGCGCC,1,1
GCGGGAGCGGAGC,1,2
GCGGGAGCGGCCC,0,7
GCGGGAGGAAAGA,0,1
GCGGGAGGAGACC,0,1
GCGGGAGGAGCCC,0,1
GCGGGAGGAGCGA,0,1
GCGGGAGGCAAGC,0,2
GCGGGAGGCGCCC,0,1
GCGGGAGGGCCGA,0,1
GCGGGAGGGGAGC,1,1
GCGGGCAACGGAA,0,19
GCGGGCACGGCGA,0,2
GCGGGCAGCGCCC,0,1
GCGGGCAGGAAGC,0,1
GCGGGCAGGCCAA,0,1
GCGGGCAGGCGGA,1,1
GCGGGCCAAGGAC,0,1
GCGGGCCAGCGCA,0,1
GCGGGCCCAGCGA,0,1
GCGGGCCCCCCCC,0,1
GCGGGCCCCGCCC,0,1
GCGGGCCCGGAGC,0,1
GCGGGCCCGGCCC,0,1
GCGGGCCCGGGCA,0,2
GCGGGCCCGGGCC,0,1
GCGGGCCGAGGCC,0,1
GCGGGCCGCCTCC,1,1
GCGGGCCGGCGCC,0,1
GCGGGCCGGGCCC,0,1
GCGGGCGAAGGCA,1,1
GCGGGCGAGAGCA,0,1
GCGGGCGAGGAAC,0,1
GCGGGCGCCGTCC,0,1
GCGGGCGCGCGCC,1,1
GCGGGCGCGGCAC,0,1
GCGGGCGCGGCGA,0,2
GCGGGCGCGGGAA,0,1
GCGGGCGGAGACC,0,1
GCGGGCGGCCCAA,0,1
GCGGGCGGCCGCC,0,2
GCGGGCGGCGGCC,2,2
GCGGGCGGGGAGC,0,2
GCGGGCGGGGCCC,0,1
GCGGGCGGGGGCA,1,1
GCGGGCGTGTCCC,0,1
GCGGGCTCGGCCC,0,1
GCGGGCTCTGGCC,0,1
GCGGGCTGTGGCC,0,1
GCGGGCTTCGCCC,0,1
GCGGGGAAAGGCA,1,1
GCGGGGAACAGAC,0,1
GCGGGGAACGAGA,0,1
GCGGGGAAGCGAC,0,1
GCGGGGAAGGAGC,0,1
GCGGGGAAGGCGA,1,1
GCGGGGACAGCCC,0,1
GCGGGGACAGGCC,1,1
GCGGGGACCCCGC,0,1
GCGGGGACGACGA,0,1
GCGGGGACGAGGA,0,1
GCGGGGACGGCGA,1,1
GCGGGGAGAAGAA,0,1
GCGGGGAGAAGCA,0,1
GCGGGGAGAAGGA,0,1
GCGGGGAGAGAAC,0,2
GCGGGGAGAGCAA,0,1
GCGGGGAGAGCGA,0,1
GCGGGGAGGAGGA,0,1
GCGGGGCAGCCCA,0,1
GCGGGGCAGGCCC,0,1
GCGGGGCAGGGAC,0,2
GCGGGGCCAGAGC,0,1
GCGGGGCCCCGCC,0,2
GCGGGGCCGAAGC,1,2
GCGGGGCCGGCCC,0,7
GCGGGGCCGGGCC,0,1
GCGGGGCCGGGGA,0,1
GCGGGGCGAAGCC,0,1
GCGGGGCGCGGCC,0,2
GCGGGGCGGACGC,0,3
GCGGGGCGGAGCA,0,1
GCGGGGCGGCTCC,0,1
GCGGGGCGGGACC,0,1
GCGGGGCGGGGCC,0,2
GCGGGGCTGGGCC,0,1
GCGGGGCTTTTCC,0,1
GCGGGGGAAAAAA,0,1
GCGGGGGCACGAC,0,1
GCGGGGGCAGGAC,0,1
GCGGGGGCCAGCC,0,1
GCGGGGGCGAAGC,0,1
GCGGGGGCGGCCC,0,2
GCGGGGGCGGGAC,0,1
GCGGGGGGACGCC,0,1
GCGGGGGGCGCCC,0,2
GCGGGGGGCGGCA,0,1
GCGGGGGGGAGCA,0,1
GCGGGGGGGGCCC,0,1
GCGGGGGGGGGCC,1,1
GCGGGGTGCCTCC,0,1
GCGGGGTTCCGCC,0,1
GCGGGTCCTGGCC,0,1
GCGGGTCTGCGCC,0,1
GCGGGTGCCGTCC,0,1
GCGGTCGGCTCCC,0,1
GCGGTGCCTCCCC,0,6
GCGGTGCTCCTCC,0,1
GCGGTGGTCTGCC,0,1
GCGGTGGTGGTCC,0,1
GCGGTGTCTTCCC,0,1
GCGGTGTGCTGCC,0,1
GCGGTTCTGTCCC,1,1
GCGGTTGCGCTCC,0,1
GCGGTTGGCTCCC,0,1
GCGTCCCCCCCCC,1,1
GCGTCCCGGCCCC,1,7
GCGTCCCGGGCCC,1,1
GCGTCCCTCTCCC,0,1
GCGTCCCTTCCCC,0,1
GCGTCCCTTCTCC,0,3
GCGTCCCTTTGCC,2,2
GCGTCCGTGTGCC,0,1
GCGTCCTCCTCCC,0,1
GCGTCCTCGCCCC,0,1
GCGTCCTTCCCCC,1,1
GCGTCCTTCCGCC,0,1
GCGTCCTTCTCCC,0,1
GCGTCGCCTCCCC,1,1
GCGTCGGTGGCCC,0,1
GCGTCTCCCTCCC,0,1
GCGTCTGCTGTCC,0,1
GCGTCTTCTGTCC,0,1
GCGTCTTCTTCCC,0,1
GCGTGCCGCCGCC,0,1
GCGTGCCTCTCCC,0,1
GCGTGCTCGTCCC,0,1
GCGTGCTCTGCCC,0,1
GCGTGCTGCTCCC,0,1
GCGTGGCCTCTCC,0,3
GCGTGGGCCGGCC,0,1
GCGTGGGCGTGCC,0,1
GCGTGTCCCTGCC,0,1
GCGTGTGTCCTCC,1,1
GCGTGTGTGTCCC,0,1
GCGTTCTCTCCCC,1,1
GCGTTCTGCTGCC,0,1
GCGTTGCCCTCCC,0,1
GCGTTGCCGGCCC,0,1
GCGTTGCGCCGCC,0,1
GCGTTGCGTTTCC,0,1
GCGTTGCTCGTCC,0,1
GCGTTGCTTCGCC,0,1
GCGTTGGCTCGCC,0,2
GCGTTGGCTCTCC,0,1
GCGTTTCCTGGCC,0,2
GCGTTTCCTTGCC,0,1
GCGTTTCGGGGCC,0,3
GCGTTTGTTTCCC,0,1
GCGTTTTTCCTCC,0,1
GCTCCCCCCGCCC,0,1
GCTCCCCCGCCCC,0,1
GCTCCCCCTCTCC,0,1
GCTCCCCCTGCCC,0,1
GCTCCCCCTTCCC,0,1
GCTCCCCGCGCCC,0,1
GCTCCCCGCTGCC,0,1
GCTCCCCGGGCCC,1,1
GCTCCCCTGGGCC,0,1
GCTCCCCTTCTCC,3,3
GCTCCCGCCCTCC,0,1
GCTCCCGCCTCCC,0,1
GCTCCCGCTGGCC,0,1
GCTCCCGGCGGCC,0,1
GCTCCCGGGCCCC,0,1
GCTCCCGGGGCCC,0,1
GCTCCCGGGGTCC,0,1
GCTCCCGGTGCCC,0,1
GCTCCCGTGTTCC,1,1
GCTCCCTCCCGCC,1,1
GCTCCCTCCCTCC,0,1
GCTCCCTCCGTCC,0,1
GCTCCCTGCCTCC,0,1
GCTCCCTGCTCCC,0,1
GCTCCCTGCTGCC,1,2
GCTCCCTGGTCCC,0,1
GCTCCGCCCGCCC,1,1
GCTCCGCCTGGCC,0,1
GCTCCGCGCGCCC,0,1
GCTCCGCGCTGCC,1,1
GCTCCGCGGCGCC,0,1
GCTCCGCTCCTCC,0,1
GCTCCGGCCGGCC,0,1
GCTCCGGCGCCCC,0,2
GCTCCGGGGCCCC,0,1
GCTCCGTGGCCCC,0,1
GCTCCGTTCGCCC,1,1
GCTCCTCCCTCCC,0,1
GCTCCTCCCTTCC,0,1
GCTCCTCCTGCCC,0,1
GCTCCTCGCTTCC,0,1
GCTCCTCGTCTCC,0,1
GCTCCTCTCCTCC,0,5
GCTCCTCTGGCCC,1,1
GCTCCTCTTGCCC,0,1
GCTCCTGCTGCCC,0,1
GCTCCTGCTGGCC,0,1
GCTCCTGCTTTCC,0,1
GCTCCTGGCCGCC,0,1
GCTCCTGGGTCCC,0,1
GCTCCTTCCCTCC,0,1
GCTCCTTCGCCCC,0,1
GCTCCTTGCTCCC,0,1
GCTCCTTGTCTCC,0,1
GCTCGCCGCCGCC,1,3
GCTCGCCGCCTCC,0,1
GCTCGCCGGCCCC,0,1
GCTCGCGCCGTCC,0,1
GCTCGCTCCCTCC,1,1
GCTCGCTCGCTCC,1,1
GCTCGCTGGCCCC,0,1
GCTCGGCCCGGCC,0,1
GCTCGGCGCTGCC,0,1
GCTCGGCGGCGCC,0,2
GCTCGGCGTTTCC,0,1
GCTCGGGCTGTCC,0,1
GCTCGGGTGGGCC,0,1
GCTCGGGTTTGCC,1,1
GCTCGGTCCCGCC,0,1
GCTCGGTGCCGCC,0,2
GCTCGGTGCTGCC,0,1
GCTCGGTTGGGCC,0,1
GCTCGTCGCCCCC,0,1
GCTCTCCCCTCCC,0,2
GCTCTCCCTTGCC,0,12
GCTCTCCGCGCCC,0,1
GCTCTCCGGGCCC,0,1
GCTCTCCTCTCCC,0,1
GCTCTCCTTCCCC,0,1
GCTCTCCTTCTCC,0,1
GCTCTCCTTGCCC,0,1
GCTCTCGGCCTCC,0,1
GCTCTCGGCTGCC,0,1
GCTCTCGGGGTCC,0,3
GCTCTCTCTCTCC,0,1
GCTCTCTCTGCCC,0,1
GCTCTCTGGCCCC,0,1
GCTCTCTGTGCCC,0,1
GCTCTCTTGGGCC,0,1
GCTCTCTTGTGCC,0,2
GCTCTCTTTCCCC,0,2
GCTCTCTTTCGCC,0,1
GCTCTGCCCGGCC,0,1
GCTCTGCCTCTCC,0,1
GCTCTGCTCCTCC,0,1
GCTCTGCTCGTCC,0,1
GCTCTGCTCTCCC,0,2
GCTCTGCTGCCCC,0,1
GCTCTGCTGGGCC,0,1
GCTCTGGCCGCCC,0,1
GCTCTGGCCGTCC,0,1
GCTCTGGGCTCCC,0,1
GCTCTGTCCCTCC,1,1
GCTCTGTCTTCCC,0,1
GCTCTGTGCCTCC,0,1
GCTCTGTTCTTCC,1,1
GCTCTTCTCGTCC,0,2
GCTCTTCTTCCCC,1,1
GCTCTTGCTCTCC,0,5
GCTCTTGTTGGCC,0,1
GCTCTTTCTCTCC,0,2
GCTCTTTTGGTCC,3,3
GCTGCCCCCGCCC,1,1
GCTGCCCCTCCCC,1,1
GCTGCCCCTTCCC,0,2
GCTGCCCGCCCCC,0,1
GCTGCCCGTCTCC,0,1
GCTGCCCTCTCCC,0,1
GCTGCCCTCTTCC,1,1
GCTGCCCTGCGCC,0,7
GCTGCCCTGTTCC,0,1
GCTGCCGCCCTCC,0,1
GCTGCCGCCGTCC,0,1
GCTGCCGCGGCCC,0,1
GCTGCCGCGTCCC,0,1
GCTGCCGGGCGCC,0,2
GCTGCCGGTCTCC,0,1
GCTGCCTCCTCCC,0,1
GCTGCCTCGTCCC,1,1
GCTGCCTCTCCCC,1,1
GCTGCCTCTCTCC,0,1
GCTGCCTCTGTCC,0,1
GCTGCCTGCCGCC,0,2
GCTGCCTGTGTCC,0,1
GCTGCCTTTTCCC,0,1
GCTGCGCTCCGCC,0,1
GCTGCGGTGCGCC,0,1
GCTGCGTCCCCCC,1,1
GCTGCTCCCCTCC,0,1
GCTGCTCCCTCCC,0,1
GCTGCTCCTCCCC,1,1
GCTGCTCCTGCCC,0,1
GCTGCTCGGCCCC,1,1
GCTGCTCGGTTCC,1,1
GCTGCTCTCCCCC,0,1
GCTGCTCTCTCCC,1,1
GCTGCTCTGGGCC,0,1
GCTGCTCTTTGCC,0,1
GCTGCTGCCTGCC,0,1
GCTGCTGCCTTCC,0,1
GCTGCTGCTGCCC,0,1
GCTGCTGGTGTCC,0,1
GCTGCTGGTTCCC,0,1
GCTGCTGTCGCCC,0,1
GCTGCTGTCTCCC,0,1
GCTGCTGTCTGCC,0,1
GCTGCTGTTCTCC,1,1
GCTGCTTTCCCCC,0,2
GCTGCTTTTCCCC,0,1
GCTGCTTTTCTCC,0,1
GCTGGCCCCCGCC,0,1
GCTGGCCCTTGCC,0,3
GCTGGCCGGCGCC,0,1
GCTGGCCTGCCCC,1,2
GCTGGCCTGCTCC,0,1
GCTGGCGCGCGCC,0,1
GCTGGCGCTGTCC,0,1
GCTGGCGGCCGCC,0,1
GCTGGCGTCCGCC,0,1
GCTGGCTCTGCCC,1,1
GCTGGCTGCCGCC,0,1
GCTGGCTGCCTCC,0,1
GCTGGCTGTCTCC,0,1
GCTGGCTGTGGCC,0,1
GCTGGGCCCCTCC,0,1
GCTGGGCCCGCCC,0,1
GCTGGGCCTGCCC,0,2
GCTGGGCGCGCCC,0,1
GCTGGGCGGCTCC,0,1
GCTGGGCGGGGCC,0,1
GCTGGGGGCTGCC,0,1
GCTGGGGGTGCCC,0,1
GCTGGGGTGCGCC,0,1
GCTGGTGCTGTCC,0,1
GCTGGTTGTGGCC,0,3
GCTGGTTGTTGCC,0,1
GCTGGTTTGTTCC,0,1
GCTGTCCCGGGCC,0,5
GCTGTCCCTGCCC,0,15
GCTGTCCGGCTCC,0,2
GCTGTCCTGCTCC,0,1
GCTGTCCTTGCCC,0,2
GCTGTCGGTCTCC,0,1
GCTGTCTCCCTCC,0,2
GCTGTCTCCTGCC,1,1
GCTGTCTCTTTCC,0,1
GCTGTCTTCCTCC,0,1
GCTGTCTTTTGCC,0,1
GCTGTGCCCCGCC,0,1
GCTGTGCCTCCCC,0,1
GCTGTGCTCCGCC,0,1
GCTGTGCTGTGCC,0,1
GCTGTGGCGGGCC,0,1
GCTGTGGGCTTCC,0,2
GCTGTGGGGTGCC,0,1
GCTGTGGGTTCCC,0,1
GCTGTGTCTGGCC,0,1
GCTGTGTCTGTCC,0,1
GCTGTGTTTTGCC,0,1
GCTGTTGGCCGCC,0,1
GCTGTTGGCGGCC,0,1
GCTGTTTCCTCCC,0,1
GCTGTTTCGTCCC,0,1
GCTGTTTCGTGCC,0,1
GCTTCCCCGGCCC,0,1
GCTTCCCCGGTCC,0,2
GCTTCCCCTTGCC,1,1
GCTTCCCTCCGCC,1,1
GCTTCCCTGGCCC,0,1
GCTTCCCTGTGCC,0,7
GCTTCCCTTCCCC,0,1
GCTTCCCTTGTCC,1,1
GCTTCCCTTTGCC,0,4
GCTTCCGGCTCCC,0,1
GCTTCCGTCTTCC,0,2
GCTTCCTCCCTCC,0,1
GCTTCCTCCGTCC,1,1
GCTTCCTGCTCCC,1,1
GCTTCCTGGCGCC,0,1
GCTTCCTGGTTCC,0,1
GCTTCCTTCTTCC,1,1
GCTTCGCCCCGCC,0,1
GCTTCGTCGTCCC,0,1
GCTTCGTTGCTCC,0,1
GCTTCGTTTGGCC,0,1
GCTTCTCCCCTCC,0,1
GCTTCTCCCTTCC,0,1
GCTTCTCCTTCCC,0,1
GCTTCTCTCCTCC,1,1
GCTTCTCTCTCCC,1,1
GCTTCTGCCTCCC,0,2
GCTTCTGCTTGCC,0,1
GCTTCTGTCCTCC,1,1
GCTTCTGTTCTCC,1,2
GCTTCTTCTTTCC,0,1
GCTTCTTGTCGCC,0,1
GCTTGCCGCCTCC,0,2
GCTTGCCTGTGCC,0,1
GCTTGCGCGGTCC,0,1
GCTTGCTCCCCCC,0,1
GCTTGCTGCCCCC,0,1
GCTTGGCCTGTCC,1,1
GCTTGGGGCTCCC,0,1
GCTTGGTGCCGCC,0,2
GCTTGTCCTTTCC,1,1
GCTTGTGCCCCCC,0,1
GCTTGTGCCGTCC,0,2
GCTTGTGCCTTCC,0,2
GCTTGTGCGGTCC,0,24
GCTTGTGGGCGCC,0,1
GCTTGTGGGGCCC,0,1
GCTTTCCCGTTCC,0,1
GCTTTCCCTTGCC,0,3
GCTTTCGGTCTCC,1,1
GCTTTCTTTGTCC,0,3
GCTTTGCTCTCCC,0,1
GCTTTGCTGCCCC,0,1
GCTTTGGTCCTCC,0,1
GCTTTGGTGTGCC,0,1
GCTTTGTCCCCCC,0,1
GCTTTGTTCCTCC,0,1
GCTTTGTTCGGCC,0,1
GCTTTGTTCTTCC,1,1
GCTTTGTTTTCCC,0,1
GCTTTTCTCTCCC,0,1
GCTTTTCTCTTCC,0,1
GCTTTTCTTCGCC,0,1
GCTTTTCTTTCCC,1,1
GCTTTTGCTCTCC,0,1
GCTTTTGCTGCCC,0,2
GCTTTTGGCCGCC,0,1
GCTTTTGTCCTCC,0,1
GCTTTTGTCGTCC,1,2
GCTTTTGTGCTCC,1,1
GCTTTTTGGTGCC,2,2
GCTTTTTTCTCCC,1,1
GCTTTTTTTTCCC,0,3
GGAAAAAAAAAAA,1,2
GGAAAAAAAAAAC,0,1
GGAAAAAAAAACC,0,1
GGAAAAAAAAAGA,0,4
GGAAAAAAAACAA,0,1
GGAAAAAAAACAC,0,1
GGAAAAAAAACCA,0,1
GGAAAAAAAACGA,0,1
GGAAAAAAAAGAA,0,1
GGAAAAAAAAGCA,0,2
GGAAAAAAAAGGA,0,1
GGAAAAAAACAAC,0,1
GGAAAAAAAGAAA,0,1
GGAAAAAACCCAA,0,1
GGAAAAAACCCGA,0,1
GGAAAAAAGAAAA,0,4
GGAAAAAAGAGCC,0,1
GGAAAAACAAGAA,0,1
GGAAAAACAGAGA,0,4
GGAAAAACAGCAA,0,1
GGAAAAACCAAAC,0,1
GGAAAAACCAGAA,0,1
GGAAAAACCCAAA,0,5
GGAAAAACCCAGA,0,1
GGAAAAACCCCAA,0,1
GGAAAAACCCGAA,0,9
GGAAAAACCGAAA,0,1
GGAAAAACCGGAA,0,2
GGAAAAACGCCCA,0,1
GGAAAAAGAAAAA,0,2
GGAAAAAGAAAGA,0,1
GGAAAAAGAACAA,0,1
GGAAAAAGACCAC,0,1
GGAAAAAGAGGAA,0,1
GGAAAAAGGAAAC,0,1
GGAAAAAGGACAA,0,1
GGAAAAAGGCAAA,0,1
GGAAAACAAAACA,0,1
GGAAAACAAAGCC,0,1
GGAAAACAAGGGA,1,1
GGAAAACACAGGA,0,1
GGAAAACACGAAC,0,2
GGAAAACACGGAA,0,1
GGAAAACCAGAAA,0,1
GGAAAACCCAAAC,0,3
GGAAAACCCAGAC,0,1
GGAAAACCCCAGA,0,1
GGAAAACCCGAAC,0,1
GGAAAACCGAAAC,0,1
GGAAAACGAGAGA,0,1
GGAAAACGAGGGA,1,1
GGAAAAGAAAACA,0,1
GGAAAAGAACACA,0,1
GGAAAAGAACCCA,0,1
GGAAAAGAAGAAA,0,1
GGAAAAGAAGAAC,0,1
GGAAAAGAAGCCC,0,1
GGAAAAGAGAGGA,0,1
GGAAAAGAGGCCA,0,1
GGAAAAGCACACA,0,1
GGAAAAGCAGAAC,0,1
GGAAAAGCCACGA,0,1
GGAAAAGCCCAGA,0,1
GGAAAAGCCCGAA,0,1
GGAAAAGCGGCAC,0,1
GGAAAAGGACCAA,0,1
GGAAAAGGACCCC,1,1
GGAAAAGGAGAGA,0,1
GGAAAAGGCAAAA,0,1
GGAAAAGGCAGCA,0,1
GGAAAAGGGAAAA,0,1
GGAAAAGGGCCAA,1,1
GGAAACAAAAACA,0,1
GGAAACAAACGCC,0,1
GGAAACAAAGAAA,0,1
GGAAACAACCCAA,0,2
GGAAACAAGAAGA,0,1
GGAAACAAGAGCA,0,1
GGAAACACAACAA,0,1
GGAAACACACGCC,0,1
GGAAACACAGACA,0,1
GGAAACAGAAACC,0,1
GGAAACAGAACCA,0,1
GGAAACAGAAGCC,0,1
GGAAACAGCCACC,0,1
GGAAACAGGAAAA,0,1
GGAAACAGGCAAC,0,1
GGAAACAGGCGAC,0,1
GGAAACAGGGACC,1,1
GGAAACCAAGCAA,0,1
GGAAACCACACAC,0,5
GGAAACCACCGCC,0,1
GGAAACCACGCAC,0,6
GGAAACCAGCCGA,0,1
GGAAACCAGGAGA,1,1
GGAAACCAGGCAA,0,1
GGAAACCCGGCAC,0,1
GGAAACGAAAACC,0,1
GGAAACGCAGCGA,0,1
GGAAACGCCAGGA,0,1
GGAAACGCGACCC,0,1
GGAAAGAAAAAAA,0,1
GGAAAGAAAAACA,0,1
GGAAAGAAAACAC,0,1
GGAAAGAAACAGA,0,1
GGAAAGAAACGCA,0,1
GGAAAGAAAGAAC,0,1
GGAAAGAACCACA,0,2
GGAAAGAAGAAAC,0,2
GGAAAGAAGACAA,0,1
GGAAAGAAGACCA,0,1
GGAAAGAAGAGGA,1,2
GGAAAGACAGAAA,0,1
GGAAAGACAGGAA,0,1
GGAAAGACGGCCA,0,1
GGAAAGACGGGGA,0,1
GGAAAGAGAAAGA,1,1
GGAAAGAGAACGA,0,2
GGAAAGAGAGAGA,1,1
GGAAAGAGAGCAA,0,1
GGAAAGAGAGGCA,0,1
GGAAAGAGCAACA,0,1
GGAAAGAGCACCA,0,1
GGAAAGAGCGACA,0,1
GGAAAGAGCGAGA,1,1
GGAAAGAGGAAAC,0,1
GGAAAGAGGAAGA,0,1
GGAAAGAGGAGAA,0,1
GGAAAGAGGAGCA,0,1
GGAAAGAGGCAAA,0,1
GGAAAGAGGCAGA,1,1
GGAAAGAGGCCCA,0,1
GGAAAGCAACACA,0,1
GGAAAGCAACACC,0,1
GGAAAGCAAGGGA,0,1
GGAAAGCAGAAGA,0,1
GGAAAGCAGACCC,0,1
GGAAAGCAGGCCA,0,1
GGAAAGCCAAAAC,0,1
GGAAAGCCAAACC,0,1
GGAAAGCCAAGAA,0,1
GGAAAGCCACACA,0,1
GGAAAGCCCAAAC,0,1
GGAAAGCCGAGAC,0,1
GGAAAGCGAGAAA,0,1
GGAAAGCGCAGAC,0,1
GGAAAGCGCGCCA,0,1
GGAAAGCGGCGAA,0,1
GGAAAGGAAAACA,0,1
GGAAAGGAAAGGA,0,2
GGAAAGGAAGAAA,1,1
GGAAAGGACGAGA,0,1
GGAAAGGAGACGA,0,1
GGAAAGGCAAACC,1,1
GGAAAGGCGCAAA,0,1
GGAAAGGCGCGGA,0,1
GGAAAGGGAAAAA,2,11
GGAAAGGGAACAA,1,1
GGAAAGGGAACCC,0,2
GGAAAGGGAAGAC,0,1
GGAAAGGGAGAAA,0,3
GGAAAGGGAGAGA,0,1
GGAAAGGGAGCAA,1,1
GGAAAGGGAGGGA,0,1
GGAAAGGGCCCAC,2,2
GGAAAGGGGAAGA,0,1
GGAAAGGGGACGA,0,1
GGAAAGGGGAGCA,1,2
GGAAAGGGGCACA,0,1
GGAACAAAAAAAA,0,7
GGAACAAAAACAA,0,1
GGAACAAAGCCAA,0,1
GGAACAACAAACA,0,1
GGAACAACCCCCC,0,1
GGAACAAGCAACA,0,1
GGAACAAGCAAGA,0,2
GGAACAAGGCAAA,0,1
GGAACACAAAAAA,0,1
GGAACACAGCACC,0,1
GGAACACCAACCA,1,1
GGAACACCCACAA,0,10
GGAACACGGAGGA,0,1
GGAACAGAAACAC,0,1
GGAACAGAACAAA,0,1
GGAACAGAACAAC,0,1
GGAACAGAACCAA,0,1
GGAACAGAAGCCA,5,5
GGAACAGAGAAAA,0,2
GGAACAGCAAGCC,0,1
GGAACAGCAAGGA,0,1
GGAACAGCAGCAA,0,2
GGAACAGCAGGAA,0,1
GGAACAGCCGGCA,0,1
GGAACAGGAGGCC,0,1
GGAACAGGCCACC,0,1
GGAACAGGCCGAC,1,2
GGAACAGGCGGAC,0,1
GGAACAGGGGACA,0,1
GGAACCAAAGGCC,0,2
GGAACCAAGCACA,0,1
GGAACCAAGCCCA,0,1
GGAACCAGAAGAC,0,1
GGAACCAGAGAGA,0,1
GGAACCAGAGGCA,0,2
GGAACCAGCCGAC,0,1
GGAACCAGGGCCC,0,1
GGAACCCAAACCA,0,1
GGAACCCAAAGAC,1,1
GGAACCCACAGCC,0,1
GGAACCCCAGCCC,0,1
GGAACCCCGAGGA,0,1
GGAACCCCGCACA,0,1
GGAACCCCGCCCC,0,1
GGAACCGAACACA,0,1
GGAACCGAGCGAA,1,1
GGAACCGAGCGAC,0,1
GGAACCGAGGGCA,1,1
GGAACCGCCACAA,0,3
GGAACCGCGCCAA,0,1
GGAACCGGAGGAA,0,1
GGAACGAAAAACA,0,1
GGAACGAAACGGA,1,1
GGAACGAGAGGCA,0,1
GGAACGAGGAAGA,1,1
GGAACGCCACCCA,0,1
GGAACGCCAGCCC,0,1
GGAACGCCGAGAC,0,1
GGAACGCGGGCAC,1,2
GGAACGCGGGGCC,1,1
GGAACGGAGCCGA,0,1
GGAACGGAGGAAA,0,1
GGAACGGAGGGAA,0,2
GGAACGGCAGCAC,0,2
GGAACGGCGACCA,0,1
GGAACGGGCAAAA,0,1
GGAACGGGCCGCA,0,1
GGAAGAAAAACAA,0,1
GGAAGAAAACACA,0,1
GGAAGAAAAGAAA,0,1
GGAAGAAAAGAGA,1,4
GGAAGAAACAGCA,1,1
GGAAGAAACCAGA,1,1
GGAAGAAAGAAAC,0,1
GGAAGAAAGAGAA,0,2
GGAAGAAAGAGGA,1,2
GGAAGAAAGCCCC,0,1
GGAAGAAAGCGAA,0,1
GGAAGAAAGGAAC,0,1
GGAAGAACAACAA,0,2
GGAAGAACAAGAA,0,1
GGAAGAACACAAA,0,3
GGAAGAACACGCC,0,1
GGAAGAACCAACA,0,1
GGAAGAACCAGGA,0,1
GGAAGAACCCAGA,0,1
GGAAGAACGAACA,1,1
GGAAGAACGGAAA,0,1
GGAAGAAGAAAAA,0,2
GGAAGAAGAACAC,0,1
GGAAGAAGAAGAA,0,1
GGAAGAAGACGAC,0,2
GGAAGAAGACGCA,0,1
GGAAGAAGAGCAC,1,1
GGAAGAAGAGGAA,0,1
GGAAGAAGCACAA,0,1
GGAAGAAGCACGA,0,1
GGAAGAAGCAGCC,0,1
GGAAGAAGCGGCA,0,1
GGAAGAAGGAAGA,0,2
GGAAGAAGGAGCC,0,1
GGAAGAAGGCCAA,0,1
GGAAGAAGGGAAA,1,1
GGAAGAAGGGAGA,0,1
GGAAGAAGGGGAA,0,1
GGAAGAAGGGGCA,0,1
GGAAGACAAAAGA,0,1
GGAAGACAAGCAA,0,1
GGAAGACACAGGA,0,2
GGAAGACACCCAA,0,1
GGAAGACACCCGA,0,3
GGAAGACAGAAAA,0,1
GGAAGACAGAGAC,0,1
GGAAGACAGAGCA,0,1
GGAAGACAGCAAA,0,1
GGAAGACAGGAGA,2,2
GGAAGACCAAAAA,0,1
GGAAGACCCCAGA,0,1
GGAAGACGAGAAA,0,1
GGAAGACGGGAGA,0,2
GGAAGACGGGGAC,0,1
GGAAGAGAACAAA,0,2
GGAAGAGAACAGA,0,1
GGAAGAGAAGCGA,0,1
GGAAGAGAAGGAA,0,1
GGAAGAGACCAAA,0,1
GGAAGAGACGACA,0,1
GGAAGAGAGAAAA,0,1
GGAAGAGAGAGGA,0,1
GGAAGAGAGGGAA,0,1
GGAAGAGCAAAGA,0,1
GGAAGAGCAACCC,0,1
GGAAGAGCAGGAA,0,2
GGAAGAGGAAACA,0,1
GGAAGAGGAACAA,1,2
GGAAGAGGAAGAA,2,17
GGAAGAGGAAGAC,0,3
GGAAGAGGACAAA,0,1
GGAAGAGGACGAC,0,1
GGAAGAGGACGCA,0,5
GGAAGAGGACGGA,0,1
GGAAGAGGAGGAA,0,16
GGAAGAGGAGGAC,0,1
GGAAGAGGCAAAA,0,1
GGAAGAGGCCACC,0,1
GGAAGCAAAAAGA,0,1
GGAAGCAAAACAA,0,1
GGAAGCAAAAGAC,0,1
GGAAGCAAACACA,0,1
GGAAGCAACCAAC,0,1
GGAAGCAAGAAAA,0,1
GGAAGCAAGAGAA,1,1
GGAAGCACAAAAA,0,1
GGAAGCACCCAAA,0,1
GGAAGCACGACAA,0,1
GGAAGCACGGAAC,0,4
GGAAGCAGAAGGA,0,1
GGAAGCAGCAAAC,0,1
GGAAGCAGGAACA,0,1
GGAAGCAGGCCAA,0,1
GGAAGCAGGGAAC,1,1
GGAAGCAGGGCAC,0,1
GGAAGCAGGGCCC,0,1
GGAAGCCAACACC,0,1
GGAAGCCAAGCCA,0,1
GGAAGCCACAGGA,0,2
GGAAGCCACCAGA,0,1
GGAAGCCACGGAA,0,1
GGAAGCCAGCACC,0,37
GGAAGCCAGGCCC,1,1
GGAAGCCCGCAGA,0,1
GGAAGCCGCACAA,0,2
GGAAGCCGCGGCC,0,1
GGAAGCCGGCGGA,0,1
GGAAGCGAACAAC,0,2
GGAAGCGAGCACC,0,1
GGAAGCGCAAGCC,0,1
GGAAGCGCGACAC,0,3
GGAAGCGCGGGCA,1,1
GGAAGCGGACAAA,0,1
GGAAGCGGAGGAA,0,1
GGAAGCGGCGAGA,0,1
GGAAGCGGCGCCC,0,1
GGAAGGAAAAGGA,0,1
GGAAGGAAAGACA,0,4
GGAAGGAAAGAGA,0,1
GGAAGGAAGAAGA,1,1
GGAAGGAAGACCA,0,1
GGAAGGAAGGCAA,0,1
GGAAGGACAGCCA,0,1
GGAAGGACAGGCC,1,1
GGAAGGACCACCC,0,1
GGAAGGACCCAAA,0,1
GGAAGGACGCAGA,0,1
GGAAGGACGGGAA,1,1
GGAAGGAGAACCC,1,1
GGAAGGAGAAGGA,0,1
GGAAGGAGACAAC,0,1
GGAAGGAGACGAC,0,1
GGAAGGAGAGAAA,0,1
GGAAGGAGAGCCC,0,1
GGAAGGAGAGCGA,0,1
GGAAGGAGCAGCC,0,1
GGAAGGAGCCAGA,1,1
GGAAGGAGCCCCA,0,1
GGAAGGAGGCAAA,0,1
GGAAGGCAAAACC,0,2
GGAAGGCAAACGA,0,1
GGAAGGCAAGGCA,0,1
GGAAGGCACCGCA,0,1
GGAAGGCAGCACC,0,1
GGAAGGCAGCGAA,0,2
GGAAGGCAGGAGA,1,1
GGAAGGCAGGGCC,0,4
GGAAGGCCACGGA,0,2
GGAAGGCCCCAGA,0,1
GGAAGGCCGAGAC,0,1
GGAAGGCCGCGGA,0,1
GGAAGGCGACAGA,0,1
GGAAGGCGACCCA,0,17
GGAAGGCGGGAGA,1,1
GGAAGGGAAGAAA,1,1
GGAAGGGAAGAGA,1,2
GGAAGGGACCCAA,0,1
GGAAGGGACGCCC,0,1
GGAAGGGAGAAGA,1,3
GGAAGGGAGAGCC,0,1
GGAAGGGAGCCCC,0,1
GGAAGGGAGGAAC,0,4
GGAAGGGAGGGAA,0,1
GGAAGGGAGGGCA,0,1
GGAAGGGCAAAAC,0,1
GGAAGGGCAGACC,0,1
GGAAGGGCAGAGA,0,1
GGAAGGGCAGCGA,0,1
GGAAGGGCGGAGA,0,2
GGAAGGGCGGCGA,0,2
GGAAGGGCGGGAA,0,2
GGAAGGGGCAGAC,0,1
GGAAGGGGCAGCA,0,2
GGAAGGGGGAAAA,0,1
GGAAGGGGGAGCC,1,1
GGAAGGGGGAGGA,1,1
GGAAGGGGGGGCA,0,1
GGACAAAAGCGAC,0,1
GGACAAAAGGGGA,1,1
GGACAAAGAAAGA,0,1
GGACAAAGCAGAA,0,1
GGACAAAGCGCCA,0,1
GGACAAAGCGGGA,0,1
GGACAAAGGACGA,1,2
GGACAACAAACCA,0,2
GGACAACAAAGCA,1,1
GGACAACAAGAAA,0,1
GGACAACACCGAC,1,1
GGACAACCAAAAA,0,1
GGACAACCGACGA,0,1
GGACAACCGGGAC,1,1
GGACAACGACAAA,1,1
GGACAAGAAGGAA,0,1
GGACAAGACAGAA,0,1
GGACAAGACAGAC,0,1
GGACAAGACGCGA,0,1
GGACAAGAGAAAC,0,1
GGACAAGAGGAAA,1,1
GGACAAGAGGGGA,0,1
GGACAAGCAGAGA,1,1
GGACAAGCCCGGA,0,10
GGACAAGCCGGCC,0,1
GGACAAGCGGGCA,0,1
GGACAAGGAAAGA,0,1
GGACAAGGAACAA,0,1
GGACAAGGAAGAA,0,1
GGACAAGGAGACA,0,1
GGACAAGGCAAGA,0,1
GGACACAAAAAAA,0,1
GGACACAAACACC,0,5
GGACACAAGCAGA,1,1
GGACACACAGGAA,0,1
GGACACAGAACAC,0,1
GGACACAGAGAGA,0,1
GGACACAGAGCCA,0,1
GGACACAGCACAA,0,1
GGACACAGGAGAA,0,1
GGACACAGGCGAA,0,1
GGACACCAGAGAA,1,1
GGACACCAGAGGA,0,1
GGACACCAGGAGA,1,1
GGACACCCAAGAA,0,1
GGACACCCAAGGA,0,14
GGACACCCACGGA,0,5
GGACACCCAGGAC,1,1
GGACACCCGGGCC,0,1
GGACACCGAACAC,1,1
GGACACCGCACGA,0,1
GGACACCGGACAA,0,1
GGACACCGGACAC,0,1
GGACACGCCAGCA,0,1
GGACACGCCGAAA,0,1
GGACACGGAAACC,0,1
GGACACGGACACC,0,1
GGACACGGCAACC,0,1
GGACACGGGACAA,0,1
GGACACGGGCAAA,0,3
GGACAGAAAACAC,4,5
GGACAGAAAAGAC,0,1
GGACAGAAAAGCC,0,1
GGACAGAACAGCC,0,1
GGACAGAACCACA,0,1
GGACAGAACCCCA,1,1
GGACAGAAGCAAA,1,1
GGACAGAAGCGAA,0,1
GGACAGAAGGCAC,1,1
GGACAGAAGGCCA,0,1
GGACAGACAAAAC,0,1
GGACAGACAGACC,0,1
GGACAGACCAGCC,0,1
GGACAGACGAAAC,0,1
GGACAGACGACAC,0,1
GGACAGAGAGAAA,0,1
GGACAGAGAGCCA,0,2
GGACAGAGCCCAA,0,1
GGACAGAGGAGCC,0,1
GGACAGAGGAGGA,0,1
GGACAGAGGCAAA,0,1
GGACAGAGGCAAC,0,1
GGACAGAGGCACA,1,1
GGACAGCAAGAAA,0,9
GGACAGCACAGCC,0,1
GGACAGCAGAGAA,1,1
GGACAGCCAACGA,0,1
GGACAGCCAAGAA,0,2
GGACAGCCAGAGA,0,1
GGACAGCCGGCCC,0,1
GGACAGCGACGGA,0,1
GGACAGCGAGGCC,0,1
GGACAGCGAGGGA,0,1
GGACAGCGGGCAA,0,12
GGACAGCGGGGAA,1,1
GGACAGGAAAGAC,1,1
GGACAGGAACCCA,0,1
GGACAGGAAGCCA,0,1
GGACAGGACAAAA,0,1
GGACAGGACAACA,0,1
GGACAGGACAGGA,0,1
GGACAGGAGCCCA,0,1
GGACAGGAGGCAC,0,1
GGACAGGAGGCCA,0,1
GGACAGGCACCCA,0,1
GGACAGGCCAGCC,0,1
GGACAGGCCGAAC,0,2
GGACAGGGCCAAA,0,1
GGACAGGGCCGCA,0,1
GGACAGGGCGGCA,0,1
GGACAGGGGCAAC,1,2
GGACAGGGGCCCA,0,1
GGACAGGGGGGGA,0,1
GGACCAAAAACAA,0,1
GGACCAAAAAGAA,0,1
GGACCAAAACAAA,0,4
GGACCAAAACAGA,0,1
GGACCAAAACCAA,0,15
GGACCAAAACCCA,0,1
GGACCAAAACGAA,0,30
GGACCAAAACGAC,0,1
GGACCAAACCGAC,0,1
GGACCAAAGCCCA,0,1
GGACCAACGGGAC,0,1
GGACCAAGAAAAA,0,1
GGACCACAAAGAA,1,1
GGACCACCAGGGA,0,1
GGACCACCCCCGA,0,1
GGACCACCGCCAC,0,1
GGACCACGAAAGA,0,1
GGACCAGAAGCGA,0,1
GGACCAGAGACAA,0,1
GGACCAGAGGAAA,0,1
GGACCAGAGGAGA,0,1
GGACCAGCAGAGA,0,1
GGACCAGCCCAAA,0,1
GGACCAGGCAAGA,0,1
GGACCAGGCAGCA,0,1
GGACCAGGCAGCC,0,1
GGACCAGGGAGAA,0,1
GGACCAGGGAGCC,0,1
GGACCCAAAGGAC,0,1
GGACCCAAGAGAC,0,1
GGACCCACCAAAA,0,1
GGACCCACGCAAC,0,1
GGACCCAGACAAC,0,1
GGACCCAGACCAC,0,1
GGACCCAGCCACC,1,1
GGACCCAGGAGAC,0,1
GGACCCAGGAGCC,0,1
GGACCCAGGGAGA,4,4
GGACCCAGGGGGA,1,1
GGACCCCAAAGAC,0,1
GGACCCCAAAGGA,0,3
GGACCCCAACGCA,0,1
GGACCCCAAGCCC,0,1
GGACCCCAAGGCC,0,1
GGACCCCAGCGCC,1,1
GGACCCCCAGAAC,0,1
GGACCCCCCAACA,0,2
GGACCCCGAGGCC,0,7
GGACCCCGAGGGA,2,3
GGACCCCGGCACC,0,1
GGACCCGAAACAC,0,1
GGACCCGAGCGGA,1,1
GGACCCGCCGCCC,0,5
GGACCCGCGCGGA,0,1
GGACCCGCGGCAC,0,1
GGACCCGGGCAGA,0,1
GGACCCGGGGAGA,1,1
GGACCGAAACAGA,0,1
GGACCGAAAGGAA,0,1
GGACCGACCCCCA,1,1
GGACCGAGAACGA,0,1
GGACCGAGCAGAA,1,2
GGACCGAGCCCAC,0,1
GGACCGAGCGCAA,1,2
GGACCGAGGGAGA,0,1
GGACCGAGGGCCC,0,1
GGACCGCAGAACA,0,1
GGACCGCAGAGAA,0,1
GGACCGCCAGGCA,0,1
GGACCGCCCGAGA,0,1
GGACCGCCGGCGA,0,1
GGACCGCGCAGCC,0,1
GGACCGCGCGGCA,0,1
GGACCGCGGAACA,1,1
GGACCGGCAACAA,0,1
GGACCGGCCAAGA,0,1
GGACCGGGACCCA,0,1
GGACCGGGAGGAA,0,1
GGACCGGGGACAC,0,1
GGACCGGGGAGAA,0,1
GGACGAAACACAC,0,3
GGACGAAACAGAA,0,3
GGACGAAACAGCC,0,1
GGACGAAACCCAA,0,1
GGACGAAGAAAAA,0,1
GGACGAAGAGAGA,0,1
GGACGACAGAGGA,1,1
GGACGACAGGAAA,0,1
GGACGACCCAGGA,0,1
GGACGACCGGGCC,0,1
GGACGACGAAAAC,0,1
GGACGACGAAGGA,1,1
GGACGACGACGAC,0,1
GGACGACGGAGAC,0,1
GGACGAGAAACCA,0,2
GGACGAGAACGAA,0,1
GGACGAGACAGAC,0,1
GGACGAGAGAAAA,0,1
GGACGAGAGCGCA,0,1
GGACGAGCCCGGA,0,4
GGACGAGGACCCA,0,1
GGACGAGGAGGGA,1,1
GGACGAGGGCAGA,0,1
GGACGAGGGCCGA,0,1
GGACGAGGGGAAC,1,1
GGACGCAAGGGCA,0,1
GGACGCAGACCAC,0,1
GGACGCAGAGCCA,0,1
GGACGCAGCACCA,0,2
GGACGCCACAGAC,0,1
GGACGCCAGCGCC,0,1
GGACGCCCACCAA,0,1
GGACGCCGAGGCA,0,1
GGACGCCGGACGA,0,1
GGACGCCGGGACC,1,1
GGACGCGAGCAAA,0,1
GGACGCGCCGACA,0,1
GGACGCGCGAGGA,0,1
GGACGCGGAAAAC,0,2
GGACGCGGAAGAA,0,1
GGACGCGGCAGCA,0,1
GGACGCGGGACAA,0,2
GGACGCGGGACGA,0,1
GGACGCGGGCGGA,0,1
GGACGGAAGCAGA,0,1
GGACGGACAAGCA,1,1
GGACGGACCCAGA,0,1
GGACGGAGACGGA,0,1
GGACGGAGGAAGA,0,1
GGACGGAGGAGAA,0,1
GGACGGAGGGAGA,0,1
GGACGGCAGAAAA,1,1
GGACGGCAGACCC,0,1
GGACGGCAGCGAC,0,1
GGACGGCCCCGCC,0,2
GGACGGGACCAAC,0,1
GGACGGGAGACAA,0,1
GGACGGGAGACCC,0,1
GGACGGGAGGAAA,0,1
GGACGGGAGGGGA,0,1
GGACGGGCAAGAA,0,1
GGACGGGCAGAAA,0,1
GGACGGGCAGGCC,1,1
GGACGGGCAGGGA,1,1
GGACGGGGAACCA,0,1
GGACGGGGAGGGA,0,2
GGACGGGGCAAGA,0,1
GGACGGGGCGGGA,1,1
GGAGAAAAAAAAA,0,1
GGAGAAAAAAAGA,0,1
GGAGAAAAACAAA,0,2
GGAGAAAAACGAA,0,1
GGAGAAAAAGCAA,0,1
GGAGAAAAGCAAC,0,1
GGAGAAAAGCGCA,0,1
GGAGAAAAGGCAA,0,2
GGAGAAACAACAC,0,3
GGAGAAACCCAAA,0,1
GGAGAAACCCAGA,0,1
GGAGAAACGAAGA,0,1
GGAGAAACGAGCC,0,1
GGAGAAACGGAAA,0,1
GGAGAAAGAAAAA,0,2
GGAGAAAGAAACA,0,1
GGAGAAAGAAAGA,0,1
GGAGAAAGAAGAA,0,2
GGAGAAAGACCAA,0,3
GGAGAAAGAGAGA,0,1
GGAGAAAGAGCCA,0,1
GGAGAAAGCAGAC,0,1
GGAGAAAGCCGAA,0,1
GGAGAAAGGACCC,0,1
GGAGAAAGGCAGA,0,1
GGAGAAAGGGGCA,0,1
GGAGAACACGAAC,0,1
GGAGAACAGGGAC,1,1
GGAGAACCAGCCC,0,1
GGAGAACCCAACC,0,2
GGAGAACCCAAGA,0,4
GGAGAACCGGAAC,0,1
GGAGAACGCAAGA,0,1
GGAGAACGCCCCC,0,1
GGAGAACGCGGGA,0,1
GGAGAAGAAACAA,0,1
GGAGAAGAAAGAA,0,1
GGAGAAGAAAGGA,0,2
GGAGAAGAACACC,0,1
GGAGAAGAAGAAC,0,2
GGAGAAGAAGAGA,1,1
GGAGAAGAAGGAA,0,1
GGAGAAGACAACA,1,1
GGAGAAGACAGAC,0,1
GGAGAAGACAGGA,0,1
GGAGAAGACCAGA,0,1
GGAGAAGACGGAA,0,1
GGAGAAGAGAGAC,1,1
GGAGAAGCACGGA,0,1
GGAGAAGCAGAGA,0,1
GGAGAAGCAGGAC,2,2
GGAGAAGCCCCAC,0,1
GGAGAAGGACGCC,0,1
GGAGAAGGAGCGA,0,1
GGAGAAGGCAAGA,0,1
GGAGAAGGGCCAC,1,1
GGAGAAGGGGAGA,0,1
GGAGAAGGGGCCC,0,1
GGAGACAAAAACC,0,1
GGAGACAAAACAC,0,1
GGAGACAAAACCC,0,1
GGAGACAAAGGGA,0,1
GGAGACAAGCAAC,0,1
GGAGACAAGCACA,0,1
GGAGACACAGAAC,0,3
GGAGACACAGAGA,0,1
GGAGACACGGCCA,0,1
GGAGACACGGGCA,1,1
GGAGACAGCAAGA,0,1
GGAGACAGCAGCC,0,1
GGAGACAGCCACA,0,1
GGAGACAGGAACC,0,1
GGAGACAGGCAAA,1,1
GGAGACAGGGGAC,0,1
GGAGACCAAACAA,0,1
GGAGACCAGACCC,0,1
GGAGACCAGGGCA,0,1
GGAGACCAGGGGA,1,1
GGAGACCGGAAGA,0,1
GGAGACGAAAGAA,0,1
GGAGACGAACCGA,0,1
GGAGACGAAGACA,0,1
GGAGACGACAAGA,1,1
GGAGACGCACAGA,0,1
GGAGACGCGGCCC,15,21
GGAGACGGACCGA,0,1
GGAGACGGAGGGA,0,1
GGAGACGGGAACA,2,2
GGAGACGGGCCCC,0,1
GGAGACGGGGAAC,0,1
GGAGAGAAAAAAA,0,1
GGAGAGAAAACAA,0,1
GGAGAGAAAAGCA,0,1
GGAGAGAAAGAAA,1,1
GGAGAGAAAGAGA,0,4
GGAGAGAAAGGCA,19,21
GGAGAGAACAGGA,0,1
GGAGAGAAGAACA,0,1
GGAGAGAAGAGAC,1,1
GGAGAGAAGCCAA,0,1
GGAGAGAAGGCAA,0,1
GGAGAGAAGGGCA,0,1
GGAGAGACAGCGA,0,2
GGAGAGACCAGAA,0,2
GGAGAGACCAGAC,0,1
GGAGAGACCCCAA,0,1
GGAGAGACGCCCA,0,1
GGAGAGACGCGAC,0,1
GGAGAGACGGAAC,1,1
GGAGAGACGGCAC,1,1
GGAGAGACGGGAA,1,1
GGAGAGACGGGGA,0,1
GGAGAGAGAAAGA,0,2
GGAGAGAGAAGCA,0,1
GGAGAGAGACGAA,0,1
GGAGAGAGAGAGA,0,2
GGAGAGAGAGCAA,0,1
GGAGAGAGAGCAC,2,2
GGAGAGAGAGGCA,0,2
GGAGAGAGCCCGA,0,1
GGAGAGAGGAAGA,0,1
GGAGAGAGGAGAA,0,1
GGAGAGCAAACGA,0,1
GGAGAGCAAAGCC,0,1
GGAGAGCAAGCCC,0,1
GGAGAGCACAGAA,1,1
GGAGAGCACCACA,0,3
GGAGAGCACCGCA,0,1
GGAGAGCAGAACA,0,1
GGAGAGCAGAGCC,0,2
GGAGAGCAGCCAC,0,1
GGAGAGCAGCCCC,0,1
GGAGAGCAGGGAA,0,3
GGAGAGCAGGGCA,1,3
GGAGAGCGAGAAA,0,1
GGAGAGCGCGGAC,0,1
GGAGAGGAAAAAC,0,1
GGAGAGGAAAAGA,0,1
GGAGAGGAAGAAA,0,1
GGAGAGGAAGAGA,0,1
GGAGAGGAAGGAA,0,1
GGAGAGGAAGGGA,0,2
GGAGAGGACAGGA,1,1
GGAGAGGACCGCA,0,1
GGAGAGGACCGCC,1,1
GGAGAGGAGAAAC,1,1
GGAGAGGAGAAGA,0,1
GGAGAGGAGAGCC,0,1
GGAGAGGAGAGGA,0,1
GGAGAGGAGCCCC,0,1
GGAGAGGAGCGCC,0,1
GGAGAGGAGGCAA,0,19
GGAGAGGCAAAAA,0,1
GGAGAGGCACCGA,0,1
GGAGAGGCACGCC,0,1
GGAGAGGCAGCAA,1,1
GGAGAGGCAGGGA,0,1
GGAGAGGCCAGAC,0,1
GGAGAGGCGGGAA,1,1
GGAGAGGCGGGCC,0,1
GGAGAGGGAAGAA,1,1
GGAGAGGGACGAA,0,1
GGAGAGGGACGCA,0,1
GGAGAGGGAGAGA,0,3
GGAGAGGGAGGAA,1,1
GGAGAGGGCAGCA,0,1
GGAGAGGGCCCAC,6,6
GGAGAGGGGAAAA,1,1
GGAGAGGGGCCAA,1,2
GGAGAGGGGCCAC,0,1
GGAGAGGGGCCCA,0,1
GGAGAGGGGGAAA,0,1
GGAGAGGGGGCGA,0,1
GGAGAGGGGGGAA,1,1
GGAGCAAAAACCC,0,1
GGAGCAAAAAGAC,1,1
GGAGCAAAACACA,0,1
GGAGCAAAACGGA,0,1
GGAGCAAACAAAA,0,1
GGAGCAAAGCAAC,0,1
GGAGCAAAGGAAC,1,1
GGAGCAAAGGGCA,0,1
GGAGCAACAACAA,0,1
GGAGCAACAGGCA,0,1
GGAGCAAGAAGAC,0,1
GGAGCAAGACACC,0,1
GGAGCAAGGGAGA,0,1
GGAGCAAGGGGGA,0,1
GGAGCACAACCCA,0,1
GGAGCACAAGGGA,0,1
GGAGCACAGCCCA,0,1
GGAGCACAGGAGA,0,1
GGAGCACAGGCAC,1,1
GGAGCACAGGGCA,1,1
GGAGCACCAAAAC,0,1
GGAGCACCAGCCC,0,1
GGAGCACCCCACC,0,2
GGAGCACCCGCCC,0,1
GGAGCACGAACGA,0,1
GGAGCACGAAGAA,0,1
GGAGCACGAGCGA,0,1
GGAGCACGCAGAA,0,1
GGAGCACGGGAGA,0,1
GGAGCAGAAAAGA,0,1
GGAGCAGAAGCCC,0,1
GGAGCAGACAGAC,0,1
GGAGCAGAGCCCA,0,1
GGAGCAGAGCCCC,0,1
GGAGCAGAGGACA,0,1
GGAGCAGAGGGCC,0,1
GGAGCAGCAAGAA,0,1
GGAGCAGCAAGGA,0,1
GGAGCAGCACCCC,0,1
GGAGCAGCAGGGA,0,2
GGAGCAGCCAGCC,0,1
GGAGCAGCCGGCA,0,1
GGAGCAGCGCCCC,0,1
GGAGCAGGACACC,0,1
GGAGCAGGACGAC,0,1
GGAGCAGGAGAAA,0,1
GGAGCAGGGAGAA,0,1
GGAGCAGGGAGCA,0,2
GGAGCAGGGCACC,0,1
GGAGCAGGGCCCA,0,1
GGAGCAGGGGGAA,0,1
GGAGCAGGGGGGA,0,1
GGAGCCAACAACA,0,1
GGAGCCAAGAGAC,1,1
GGAGCCAAGCAGA,0,1
GGAGCCACGAAGA,0,1
GGAGCCACGAGGA,0,1
GGAGCCACGCAGA,0,1
GGAGCCAGAAAAA,0,1
GGAGCCAGAACCA,0,1
GGAGCCAGAAGAA,0,3
GGAGCCAGAAGCC,0,1
GGAGCCAGACAGA,0,2
GGAGCCAGAGGAC,0,1
GGAGCCAGCACCA,0,2
GGAGCCAGGAAGA,1,1
GGAGCCAGGACAC,1,1
GGAGCCAGGCGAA,0,1
GGAGCCAGGCGGA,1,1
GGAGCCAGGGCAA,0,1
GGAGCCAGGGCCA,0,1
GGAGCCAGGGCCC,0,1
GGAGCCCACACCC,0,1
GGAGCCCAGAAAC,0,1
GGAGCCCAGACCC,0,1
GGAGCCCAGAGAA,0,1
GGAGCCCAGAGAC,0,1
GGAGCCCAGCCAC,0,1
GGAGCCCCAGGAC,0,1
GGAGCCCCAGGGA,1,1
GGAGCCCCCAGCA,0,2
GGAGCCCCGAGGA,0,1
GGAGCCCGAACAC,0,1
GGAGCCGACAGAA,0,1
GGAGCCGACCCCC,0,2
GGAGCCGACCGCC,0,1
GGAGCCGAGAAAC,0,1
GGAGCCGAGCCGA,0,1
GGAGCCGCACCAC,0,1
GGAGCCGCAGGAC,0,1
GGAGCCGCCGCAA,0,1
GGAGCCGCCGCCC,0,2
GGAGCCGCGAGCC,0,1
GGAGCCGCGGGGA,0,3
GGAGCCGGACGCA,0,1
GGAGCCGGAGCAC,0,1
GGAGCCGGAGCCC,1,1
GGAGCCGGAGGAC,0,2
GGAGCCGGCGCCC,0,1
GGAGCCGGGCCCC,0,1
GGAGCCGGGCGGA,0,1
GGAGCCGGGGACC,0,1
GGAGCCGGGGCCC,0,1
GGAGCGAACAACA,0,1
GGAGCGACGAGAA,0,1
GGAGCGAGACAAC,0,1
GGAGCGAGAGGGA,0,1
GGAGCGCAGACCA,0,1
GGAGCGCAGCCGA,0,2
GGAGCGCAGGAGA,0,1
GGAGCGCAGGGCA,3,11
GGAGCGCCCGAAC,0,5
GGAGCGCCCGCCC,0,1
GGAGCGCCGCGGA,0,2
GGAGCGCCGGCAA,0,1
GGAGCGCCGGGAC,0,2
GGAGCGCGCCCCC,0,1
GGAGCGCGGGGAC,0,1
GGAGCGGAAAGAA,0,1
GGAGCGGAACCCC,1,1
GGAGCGGAGAACC,0,1
GGAGCGGAGCGGA,1,6
GGAGCGGAGGAAA,0,3
GGAGCGGAGGCAA,0,1
GGAGCGGAGGCGA,0,1
GGAGCGGCAACCA,0,3
GGAGCGGCACAAA,1,1
GGAGCGGCAGCCA,0,1
GGAGCGGCAGGGA,0,1
GGAGCGGCCCCCC,1,1
GGAGCGGCGAGGA,0,1
GGAGCGGCGGGGA,0,1
GGAGCGGGAAAAC,0,1
GGAGCGGGAGGAA,1,1
GGAGCGGGAGGAC,0,1
GGAGCGGGGAGGA,0,1
GGAGCGGGGCGGA,0,2
GGAGGAAAAAAAA,1,1
GGAGGAAAAAACA,0,1
GGAGGAAAAACGA,1,1
GGAGGAAAACAAA,2,5
GGAGGAAAACAGA,1,3
GGAGGAAAAGGGA,0,1
GGAGGAAACAAAA,0,2
GGAGGAAACAGCC,0,1
GGAGGAAAGAAAA,1,1
GGAGGAAAGACAC,0,2
GGAGGAAAGAGGA,0,1
GGAGGAAAGCAAA,1,1
GGAGGAAAGCCCA,0,2
GGAGGAACAAAAA,0,1
GGAGGAACAAGCA,0,1
GGAGGAACCGACA,0,1
GGAGGAACCGGCA,0,1
GGAGGAACGGGGA,0,1
GGAGGAAGAAAGA,0,1
GGAGGAAGAAGAA,0,1
GGAGGAAGAAGAC,0,2
GGAGGAAGACACA,0,1
GGAGGAAGAGGAA,2,2
GGAGGAAGAGGGA,0,1
GGAGGAAGCAGCC,0,1
GGAGGAAGGACAC,0,1
GGAGGAAGGACCA,0,1
GGAGGAAGGAGAC,0,1
GGAGGAAGGAGGA,0,1
GGAGGAAGGCGAA,0,1
GGAGGAAGGGCAA,0,1
GGAGGAAGGGGCA,0,1
GGAGGAAGGGGGA,0,3
GGAGGACACCCAA,0,12
GGAGGACACCCAC,0,5
GGAGGACACCGAC,0,1
GGAGGACAGACAA,0,1
GGAGGACAGCAGA,1,1
GGAGGACAGGAAA,0,1
GGAGGACAGGGGA,0,1
GGAGGACCAAAAC,0,1
GGAGGACCGCAGA,1,1
GGAGGACCGGAGA,0,1
GGAGGACCGGGGA,0,1
GGAGGACGACGGA,0,1
GGAGGACGAGGAA,0,1
GGAGGACGCAGCC,1,1
GGAGGACGCGGCA,0,1
GGAGGACGGAACA,0,1
GGAGGACGGCAGA,0,1
GGAGGACGGGACC,0,1
GGAGGACGGGCAA,0,1
GGAGGAGAAAGAA,0,1
GGAGGAGAAGGAA,3,3
GGAGGAGAGCAGA,1,1
GGAGGAGAGGAAA,0,1
GGAGGAGAGGAGA,0,1
GGAGGAGAGGCCA,0,1
GGAGGAGAGGGAA,1,1
GGAGGAGCAACAA,0,1
GGAGGAGCAGCCA,0,1
GGAGGAGCCCAAC,0,1
GGAGGAGCCCCCC,0,1
GGAGGAGCGAGGA,0,1
GGAGGAGCGCAAC,0,1
GGAGGAGCGGAGA,0,1
GGAGGAGCGGCAA,0,3
GGAGGAGCGGCGA,0,1
GGAGGAGCGGGAC,0,1
GGAGGAGCGGGGA,1,1
GGAGGAGGAAACC,0,1
GGAGGAGGAAAGA,0,1
GGAGGAGGAAGAC,0,1
GGAGGAGGACAGA,1,1
GGAGGAGGACGCA,1,1
GGAGGAGGAGAAC,0,1
GGAGGAGGAGAGA,0,1
GGAGGAGGAGCAA,0,1
GGAGGAGGAGCGA,1,1
GGAGGAGGAGGAA,0,5
GGAGGAGGAGGCA,1,1
GGAGGAGGCACGA,0,1
GGAGGAGGCAGCC,0,2
GGAGGAGGCCAGA,0,1
GGAGGAGGCCCCC,0,1
GGAGGAGGCCCGA,0,1
GGAGGAGGCCGCA,0,1
GGAGGAGGGAAAC,0,1
GGAGGAGGGAAGA,1,1
GGAGGAGGGAGAC,0,1
GGAGGAGGGAGCA,1,1
GGAGGAGGGAGGA,0,12
GGAGGAGGGGAAC,1,1
GGAGGAGGGGAGA,0,1
GGAGGAGGGGCCA,0,1
GGAGGAGGGGGAA,0,1
GGAGGCAAAGGGA,2,4
GGAGGCAAGGAAC,1,1
GGAGGCAAGGCCA,0,1
GGAGGCAAGGGAA,0,1
GGAGGCAAGGGAC,2,2
GGAGGCACAGAGA,0,1
GGAGGCACCAGCC,0,1
GGAGGCACCAGGA,0,1
GGAGGCAGAAAGA,0,4
GGAGGCAGAAGCA,0,2
GGAGGCAGAGACA,0,1
GGAGGCAGAGCCC,0,1
GGAGGCAGAGGCA,2,2
GGAGGCAGCAACA,0,1
GGAGGCAGCCAGA,0,1
GGAGGCAGGAGAA,0,2
GGAGGCAGGAGCA,0,1
GGAGGCAGGGACA,1,1
GGAGGCAGGGACC,0,3
GGAGGCCAAGGGA,0,1
GGAGGCCACCCAC,0,1
GGAGGCCAGACCC,0,5
GGAGGCCAGAGAC,0,1
GGAGGCCAGCACC,0,2
GGAGGCCAGGGCA,1,4
GGAGGCCAGGGGA,0,1
GGAGGCCCAGGCC,0,1
GGAGGCCCCAGGA,0,1
GGAGGCCCCGCCC,0,4
GGAGGCCCGGCAC,0,1
GGAGGCCGGCCAC,0,1
GGAGGCCGGCGCA,0,1
GGAGGCCGGCGCC,0,1
GGAGGCCGGGACC,1,1
GGAGGCCGGGGAA,0,1
GGAGGCCGGGGCC,3,3
GGAGGCGAAGAGA,0,1
GGAGGCGACAACA,0,1
GGAGGCGACCCAC,0,1
GGAGGCGAGGGAC,0,1
GGAGGCGCAGAGA,1,1
GGAGGCGCGACCC,1,1
GGAGGCGGAGCCC,0,2
GGAGGCGGCGAGA,0,1
GGAGGCGGGGACA,0,1
GGAGGCGGGGGCA,0,2
GGAGGGAAAAAAA,0,1
GGAGGGAAAACCA,0,1
GGAGGGAAACAAA,0,1
GGAGGGAAAGAGA,0,1
GGAGGGAACACAC,0,1
GGAGGGAAGAGAA,0,2
GGAGGGAAGCAGA,1,1
GGAGGGAAGGGGA,0,1
GGAGGGACAGAGA,0,1
GGAGGGACAGCGA,0,1
GGAGGGACCGGGA,0,1
GGAGGGACGGGAC,0,13
GGAGGGAGAAAGA,0,1
GGAGGGAGACGCA,0,1
GGAGGGAGAGACA,0,2
GGAGGGAGAGAGA,0,1
GGAGGGAGAGCAC,0,1
GGAGGGAGCAGCA,0,1
GGAGGGAGCAGGA,1,1
GGAGGGAGGAAAA,1,1
GGAGGGAGGAAAC,0,1
GGAGGGAGGAGCA,0,1
GGAGGGAGGAGGA,1,2
GGAGGGAGGCAGA,0,2
GGAGGGAGGGAAC,0,1
GGAGGGAGGGCCA,0,1
GGAGGGCAAAGAA,0,1
GGAGGGCAGAGAA,0,1
GGAGGGCAGCCCC,0,1
GGAGGGCAGCGCC,0,1
GGAGGGCAGGCAC,0,17
GGAGGGCAGGCCC,0,1
GGAGGGCAGGGCA,0,2
GGAGGGCAGGGGA,1,1
GGAGGGCCAAGGA,1,1
GGAGGGCCACGGA,0,1
GGAGGGCCAGCCA,0,1
GGAGGGCCAGGAC,0,1
GGAGGGCCAGGCA,0,1
GGAGGGCCCAGGA,0,1
GGAGGGCCCCCCC,0,11
GGAGGGCCCCGGA,1,1
GGAGGGCCGAAGA,0,1
GGAGGGCCGAGGA,0,1
GGAGGGCCGCAAC,0,1
GGAGGGCCGGAGA,0,1
GGAGGGCGAGGAA,0,1
GGAGGGCGCCGAC,0,1
GGAGGGCGCGCCC,0,1
GGAGGGCGGGCGA,0,1
GGAGGGGAAGGGA,0,2
GGAGGGGACACCC,0,1
GGAGGGGACCGAC,0,1
GGAGGGGAGACAA,0,1
GGAGGGGAGAGAC,0,1
GGAGGGGAGAGCC,0,2
GGAGGGGAGAGGA,0,1
GGAGGGGAGGCAA,0,2
GGAGGGGAGGCAC,0,1
GGAGGGGAGGGAC,0,2
GGAGGGGCAGCCC,1,1
GGAGGGGCAGGGA,0,2
GGAGGGGCCACAC,0,1
GGAGGGGCCGAAC,0,1
GGAGGGGGAAGCC,0,1
GGAGGGGGAGACC,0,1
GGAGGGGGAGAGA,1,1
GGAGGGGGAGGGA,0,1
GGAGGGGGCCAAA,0,1
GGAGGGGGCCAGA,0,1
GGAGGGGGCGGCC,0,1
GGAGGGGGGAGCA,0,1
GGAGGGGGGAGGA,0,1
GGAGGGGGGGAGA,1,2
GGAGGGGGGGGAC,1,1
GGAGGGGGGGGCC,0,1
GGCAAAAAAACAA,1,1
GGCAAAAACAACA,0,2
GGCAAAAACAGCA,0,3
GGCAAAAACCACA,1,6
GGCAAAAACCGCA,0,6
GGCAAAAACGGCA,0,1
GGCAAAAAGGAAC,0,1
GGCAAAAAGGACA,0,1
GGCAAAACCACAA,0,2
GGCAAAACCCACA,0,1
GGCAAAACCCCAA,0,1
GGCAAAACCGGCA,0,2
GGCAAAAGAAACA,1,2
GGCAAAAGAGCCA,0,1
GGCAAAAGCAGCA,0,1
GGCAAAAGGAAAA,0,5
GGCAAACAAAAAA,0,1
GGCAAACAAAGAC,2,2
GGCAAACAACAAA,0,1
GGCAAACAACGCA,0,1
GGCAAACAAGAAA,0,1
GGCAAACACCACA,0,1
GGCAAACAGAACA,0,2
GGCAAACCGGAAA,0,1
GGCAAACGACAGA,0,1
GGCAAAGAAGAAC,0,1
GGCAAAGACACCA,1,1
GGCAAAGACGAGA,1,1
GGCAAAGCACAAA,0,1
GGCAAAGCCGCCA,0,1
GGCAAAGCGCGCC,0,1
GGCAAAGGACAGA,0,3
GGCAAAGGAGCAC,1,1
GGCAAAGGCAGCA,0,1
GGCAAAGGCAGGA,1,1
GGCAAAGGGAGGA,0,1
GGCAAAGGGGCAA,0,1
GGCAACAAAAAAC,1,1
GGCAACAAAAACA,0,1
GGCAACAACACAC,0,1
GGCAACAACGACA,0,1
GGCAACAAGAAAC,13,39
GGCAACAAGAGGA,0,1
GGCAACAAGGCAC,0,1
GGCAACACAGGCA,0,1
GGCAACACGCAAA,1,1
GGCAACAGCAGAA,0,1
GGCAACAGCCGCA,0,1
GGCAACAGCGCCC,0,1
GGCAACCAAAAAA,0,1
GGCAACCAAGGCA,0,1
GGCAACCACAGCA,0,1
GGCAACCACGCAC,0,3
GGCAACCAGGCGA,0,2
GGCAACCAGGGAA,0,1
GGCAACCGCGGCA,0,1
GGCAACGAACAAC,0,1
GGCAACGCAGGCC,0,1
GGCAACGGCGCCA,1,1
GGCAACGGCGGCA,0,1
GGCAAGAAAGACA,0,2
GGCAAGAAGAAAA,0,1
GGCAAGACAAGCA,0,1
GGCAAGACAAGGA,0,1
GGCAAGACAGGCA,1,1
GGCAAGAGAAAGA,0,1
GGCAAGAGAGCCA,0,1
GGCAAGAGCACCC,0,2
GGCAAGAGGAGGA,0,3
GGCAAGAGGGCAA,0,1
GGCAAGCAACAAA,0,1
GGCAAGCACAGAC,0,1
GGCAAGCACGGAC,1,1
GGCAAGCAGCGAC,0,1
GGCAAGCAGGGAC,0,1
GGCAAGCCAACCC,0,1
GGCAAGCCAAGGA,0,1
GGCAAGCCACAAA,0,1
GGCAAGCCCAAAA,0,1
GGCAAGCGAAAGA,0,1
GGCAAGCGAGACC,0,1
GGCAAGCGGAGGA,0,1
GGCAAGGAAAACA,0,1
GGCAAGGAAAGAA,1,1
GGCAAGGACACAC,0,1
GGCAAGGACAGCA,2,4
GGCAAGGAGAGCC,0,1
GGCAAGGCCAGGA,0,1
GGCAAGGCGGCGA,0,1
GGCAAGGGAAAAA,0,1
GGCAAGGGAAGAA,0,1
GGCAAGGGAAGGA,0,1
GGCAAGGGACAAA,0,1
GGCAAGGGAGAAC,0,1
GGCAAGGGGGAGA,0,1
GGCACAAAAGAAA,0,1
GGCACAAAAGCGA,0,1
GGCACAAAAGGAA,0,1
GGCACAAACAAAA,0,1
GGCACAAAGCAGA,0,1
GGCACAAAGGCAC,0,1
GGCACAACCAGCA,0,1
GGCACAACCGGAC,0,1
GGCACAAGAGGAA,1,1
GGCACAAGGCAGA,0,1
GGCACAAGGGCAA,0,1
GGCACACAGCCCC,0,1
GGCACACAGGAAA,0,1
GGCACACAGGACA,1,1
GGCACACCAACCA,0,1
GGCACACCGGGGA,0,1
GGCACACGAAGAC,0,1
GGCACACGCCGCC,0,1
GGCACAGACAGCC,1,1
GGCACAGACCCCA,0,1
GGCACAGACGACC,0,1
GGCACAGAGAAAC,0,1
GGCACAGAGAAGA,0,1
GGCACAGAGAGAC,0,1
GGCACAGAGAGCA,0,1
GGCACAGAGGGAA,0,1
GGCACAGCAAACC,0,1
GGCACAGCAACCC,0,1
GGCACAGCACCCC,0,1
GGCACAGCAGCCA,0,4
GGCACAGCCAAAA,0,1
GGCACAGCCAGCA,0,1
GGCACAGCCGAGA,1,1
GGCACAGCGGGGA,0,1
GGCACAGGCAACC,0,1
GGCACAGGCACCC,0,1
GGCACAGGCCACA,0,1
GGCACAGGCCACC,0,2
GGCACAGGCGAGA,0,2
GGCACAGGGCAGA,1,1
GGCACCAAAAAAA,0,1
GGCACCAACACCA,0,1
GGCACCACGAGCC,0,2
GGCACCACGCAGA,0,1
GGCACCAGAACAC,0,1
GGCACCAGCCCAA,0,1
GGCACCCAGAAAC,0,1
GGCACCCCAGGCC,0,1
GGCACCCCGAGAA,0,1
GGCACCCCGGCAA,0,1
GGCACCCGCCGGA,0,1
GGCACCCGGCGGA,0,1
GGCACCGAAGCCA,0,1
GGCACCGACCACC,0,1
GGCACCGAGAGCC,1,1
GGCACCGCAACAC,0,1
GGCACCGCACCGA,1,1
GGCACCGCAGACC,1,1
GGCACCGCAGCAC,0,9
GGCACCGCAGGCC,1,1
GGCACCGCGGGAC,0,1
GGCACCGGCCGGA,0,1
GGCACCGGGAAAA,0,1
GGCACCGGGAGGA,0,4
GGCACCGGGCGGA,0,1
GGCACGAAAACAC,0,1
GGCACGAAACAGA,0,2
GGCACGAGAACCC,0,1
GGCACGAGCAGAC,0,1
GGCACGAGGCCAC,0,2
GGCACGAGGGCAA,0,1
GGCACGCACAGCA,0,1
GGCACGCACCGCC,0,1
GGCACGCCCGGCC,0,1
GGCACGCCGGGAA,0,1
GGCACGGACAAAA,0,1
GGCACGGGAGGAC,1,1
GGCACGGGAGGCA,0,1
GGCAGAAAAAGGA,0,1
GGCAGAAAAGCCA,0,1
GGCAGAAACCAGA,0,1
GGCAGAAACGGCA,0,2
GGCAGAAAGAAAA,0,1
GGCAGAAAGAACA,0,5
GGCAGAAAGACCC,0,3
GGCAGAAAGGAAA,0,1
GGCAGAAAGGGCA,1,1
GGCAGAACCACCA,0,2
GGCAGAAGAGAAA,0,1
GGCAGAAGCAGGA,1,2
GGCAGAAGGGAAC,0,1
GGCAGACAGAACC,0,1
GGCAGACAGAGCA,0,1
GGCAGACAGGCAA,1,1
GGCAGACCCAACC,0,1
GGCAGACGAACCA,0,1
GGCAGACGAGAGA,0,1
GGCAGACGAGGGA,0,1
GGCAGAGAAAAAA,0,1
GGCAGAGAAAAGA,0,1
GGCAGAGAAGACA,0,1
GGCAGAGAAGCCA,0,3
GGCAGAGACAAAA,0,1
GGCAGAGACAGGA,1,3
GGCAGAGAGCCCC,0,1
GGCAGAGAGGACC,0,1
GGCAGAGCACGAA,0,1
GGCAGAGCACGCA,0,1
GGCAGAGCAGGAC,0,1
GGCAGAGCAGGCA,0,1
GGCAGAGCCAGGA,1,1
GGCAGAGCGACAA,0,1
GGCAGAGCGACCC,0,1
GGCAGAGGACCCA,1,1
GGCAGAGGAGACA,0,1
GGCAGAGGAGGAA,1,1
GGCAGAGGAGGCA,1,1
GGCAGAGGAGGCC,0,1
GGCAGAGGAGGGA,1,1
GGCAGAGGCAACA,0,1
GGCAGAGGCAAGA,1,1
GGCAGAGGCAGCC,0,1
GGCAGAGGCAGGA,1,1
GGCAGAGGGAAAA,0,1
GGCAGAGGGACGA,0,1
GGCAGAGGGAGAC,0,1
GGCAGAGGGCAAA,1,2
GGCAGAGGGCACA,1,1
GGCAGAGGGCCCA,1,1
GGCAGAGGGCGCA,0,1
GGCAGAGGGGCGA,1,1
GGCAGCAAAAGCA,0,1
GGCAGCAAAAGCC,0,1
GGCAGCAAAGCAA,0,1
GGCAGCAAGAAAA,0,5
GGCAGCAAGAAAC,0,1
GGCAGCAAGCACA,0,1
GGCAGCAAGCAGA,0,1
GGCAGCAAGGAGA,0,2
GGCAGCAAGGCAC,0,1
GGCAGCACAGAGA,0,1
GGCAGCACAGGAC,0,1
GGCAGCACCACCA,1,2
GGCAGCACCGAGA,0,1
GGCAGCAGACAAA,0,1
GGCAGCAGAGCGA,0,1
GGCAGCAGAGGAC,1,1
GGCAGCAGCAGCA,0,2
GGCAGCAGCCCAA,0,1
GGCAGCAGCGCAA,0,1
GGCAGCAGCGGGA,0,1
GGCAGCAGGAGCA,0,1
GGCAGCAGGAGCC,0,1
GGCAGCAGGCAAC,0,1
GGCAGCAGGCAGA,0,1
GGCAGCAGGCGAA,0,1
GGCAGCAGGGAGA,0,1
GGCAGCCAACCAA,0,1
GGCAGCCAAGACA,0,1
GGCAGCCAAGGAA,0,3
GGCAGCCACACAC,0,4
GGCAGCCACAGCA,0,1
GGCAGCCACGGGA,0,1
GGCAGCCAGACCC,0,1
GGCAGCCAGCACC,0,1
GGCAGCCAGCCCC,0,1
GGCAGCCAGGAAC,0,1
GGCAGCCAGGACA,0,4
GGCAGCCCACCAA,0,1
GGCAGCCCCAGCA,0,1
GGCAGCCCCGAGA,0,1
GGCAGCCCCGGCC,0,1
GGCAGCCGAGCGA,4,4
GGCAGCCGCCACC,0,1
GGCAGCCGCCGCA,0,1
GGCAGCCGCCGCC,0,1
GGCAGCCGGCACA,0,1
GGCAGCGAAAGCA,2,3
GGCAGCGACGGGA,1,1
GGCAGCGAGCGCA,0,1
GGCAGCGCAAACC,1,1
GGCAGCGCAGGCC,0,2
GGCAGCGCCAGCA,1,1
GGCAGCGCCCCGA,0,1
GGCAGCGCCGCCA,0,1
GGCAGCGCCGGGA,0,1
GGCAGCGCGAACC,0,2
GGCAGCGCGACCC,0,3
GGCAGCGCGCGCA,0,1
GGCAGCGGAGCCC,0,1
GGCAGCGGAGGAA,0,1
GGCAGCGGCAGAA,0,1
GGCAGCGGCAGCA,0,1
GGCAGCGGCCCCA,0,1
GGCAGCGGCCGCA,0,1
GGCAGCGGCGACA,0,1
GGCAGCGGGAGGA,0,1
GGCAGGAAAGACA,1,1
GGCAGGAAAGAGA,0,1
GGCAGGAACAGCA,0,1
GGCAGGAAGCCAA,0,1
GGCAGGAAGCGGA,0,1
GGCAGGACAGGCA,0,1
GGCAGGACCGACA,1,1
GGCAGGAGAAAAA,0,1
GGCAGGAGAAAGA,0,2
GGCAGGAGACAAA,0,1
GGCAGGAGACCCC,0,1
GGCAGGAGAGCCA,0,3
GGCAGGAGCAGCA,0,1
GGCAGGAGCCACA,0,1
GGCAGGAGCCGGA,2,2
GGCAGGAGCGGCA,0,1
GGCAGGAGGAAGA,0,1
GGCAGGAGGACCA,0,1
GGCAGGAGGAGAA,1,1
GGCAGGAGGAGGA,0,1
GGCAGGAGGCCAA,0,1
GGCAGGAGGGACC,1,1
GGCAGGAGGGGCC,0,1
GGCAGGCACCACC,0,1
GGCAGGCAGAACC,0,1
GGCAGGCAGCAAA,0,1
GGCAGGCAGCCAC,0,8
GGCAGGCAGGACA,0,1
GGCAGGCAGGGGA,0,1
GGCAGGCCAACAC,0,1
GGCAGGCCACACC,0,1
GGCAGGCCAGCCC,0,1
GGCAGGCCAGGAA,0,9
GGCAGGCCAGGGA,0,4
GGCAGGCCCAGCC,0,2
GGCAGGCCCGGCA,0,2
GGCAGGCCGAACC,0,1
GGCAGGCGACCCA,0,1
GGCAGGCGCACAC,0,1
GGCAGGCGCACCC,0,1
GGCAGGCGCCCAC,0,1
GGCAGGCGCCGAC,0,1
GGCAGGCGGACCC,0,1
GGCAGGCGGAGAA,1,1
GGCAGGGAAGACA,0,2
GGCAGGGAAGGAA,0,1
GGCAGGGAAGGGA,0,1
GGCAGGGACAACA,0,3
GGCAGGGACAGCA,0,39
GGCAGGGAGAGCC,0,1
GGCAGGGAGGAAC,0,1
GGCAGGGAGGGAA,0,1
GGCAGGGAGGGCA,0,4
GGCAGGGCACCAC,0,1
GGCAGGGCACGAA,0,1
GGCAGGGCACGGA,0,1
GGCAGGGCAGCCA,0,1
GGCAGGGCAGGAA,0,2
GGCAGGGCAGGCA,0,1
GGCAGGGCCACAA,0,3
GGCAGGGCCAGCA,0,1
GGCAGGGCCAGCC,0,1
GGCAGGGCCAGGA,0,1
GGCAGGGCCCCGA,0,1
GGCAGGGCCGGAC,0,1
GGCAGGGGAAGAC,1,1
GGCAGGGGACAAA,0,1
GGCAGGGGAGGGA,0,1
GGCAGGGGCGGCC,0,1
GGCAGGGGGAACA,0,1
GGCAGGGGGAGCA,1,1
GGCAGGGGGCAGA,0,1
GGCAGGGGGCGCA,0,1
GGCAGGGGGCGGA,0,1
GGCCAAAAAACCA,0,1
GGCCAAAACAAAA,0,1
GGCCAAAACAACA,0,2
GGCCAAAACAGAC,0,1
GGCCAAAACCACA,0,1
GGCCAAAACCGCA,0,1
GGCCAAAAGAGAA,0,1
GGCCAAAGAAAGA,0,1
GGCCAAAGAGCAC,0,1
GGCCAAAGCAGGA,0,1
GGCCAAAGCGGCC,0,1
GGCCAAAGGAAGA,1,1
GGCCAAAGGGCCC,0,1
GGCCAACAAGAAA,0,1
GGCCAACACCCAA,0,1
GGCCAACAGACAC,0,1
GGCCAACCAACCC,0,1
GGCCAACCACAAC,0,1
GGCCAACCCAACC,0,2
GGCCAACCGAGAA,0,18
GGCCAAGAAGACC,0,1
GGCCAAGAAGGAA,0,1
GGCCAAGACGACA,0,1
GGCCAAGCAAAGA,0,1
GGCCAAGCACAAA,0,1
GGCCAAGGCCCAC,0,2
GGCCAAGGCGGGA,0,1
GGCCAAGGGCAAA,0,1
GGCCAAGGGGAGA,0,1
GGCCACAAACAAA,0,1
GGCCACAAGCCAA,0,1
GGCCACAAGGAAC,0,1
GGCCACACAACCA,0,4
GGCCACACAGACA,0,1
GGCCACACCAACA,0,1
GGCCACACCACAC,0,1
GGCCACACCCCCC,0,1
GGCCACAGACACA,1,1
GGCCACAGAGAAC,0,1
GGCCACAGCCACC,1,1
GGCCACAGGCCCC,0,1
GGCCACAGGGACC,0,1
GGCCACAGGGCAA,0,1
GGCCACCAACAGA,0,1
GGCCACCACCACA,0,1
GGCCACCAGAGCC,2,3
GGCCACCAGCCGA,0,1
GGCCACCCACACC,0,1
GGCCACCCAGGGA,0,1
GGCCACCGACGCC,0,7
GGCCACCGAGGCC,0,1
GGCCACGCCCCCC,0,1
GGCCACGCCGCAA,0,1
GGCCACGCGCCCC,0,4
GGCCACGGAAACA,0,1
GGCCAGAACAACA,0,1
GGCCAGAACAGGA,0,1
GGCCAGAAGACCA,0,1
GGCCAGAAGGGAA,0,1
GGCCAGACAGCAA,1,1
GGCCAGACCAGCA,0,1
GGCCAGACCCACC,0,13
GGCCAGAGAAACC,0,1
GGCCAGAGACAAC,0,1
GGCCAGAGAGAAC,0,1
GGCCAGAGGAGCC,1,1
GGCCAGCAACAAC,1,1
GGCCAGCACACAC,0,1
GGCCAGCACACCC,0,1
GGCCAGCACGGGA,0,1
GGCCAGCAGCAAA,0,1
GGCCAGCAGCCAC,0,1
GGCCAGCAGGGAA,1,1
GGCCAGCCAGGGA,0,1
GGCCAGCCCCGCC,0,1
GGCCAGCCCGCCC,0,1
GGCCAGCGACCAA,0,1
GGCCAGCGCCGCC,0,1
GGCCAGCGCGACA,0,1
GGCCAGCGGAGAC,0,1
GGCCAGGAAGGGA,1,1
GGCCAGGACCCCA,0,3
GGCCAGGAGCCGA,0,5
GGCCAGGCAAGCA,0,1
GGCCAGGCACAGA,1,1
GGCCAGGCAGGCA,0,1
GGCCAGGCAGGGA,0,1
GGCCAGGCCCCAA,0,1
GGCCAGGCGGACA,0,1
GGCCAGGCGGCCA,0,1
GGCCAGGGAAACA,0,1
GGCCAGGGAGGAA,0,1
GGCCAGGGCCACA,0,1
GGCCAGGGGCAGA,0,4
GGCCCAAACGCAA,0,1
GGCCCAAAGAAAA,0,1
GGCCCAACCACAC,0,1
GGCCCAAGAAAAA,0,1
GGCCCAAGAGCGA,0,1
GGCCCAAGAGGGA,0,1
GGCCCACACGACC,0,1
GGCCCACAGCAGA,0,1
GGCCCACAGCCAC,0,1
GGCCCACAGCCCA,0,1
GGCCCACCCAGCC,0,1
GGCCCACCCGGCC,0,1
GGCCCACGCCACC,0,1
GGCCCAGAACCCA,0,1
GGCCCAGAGGGAA,1,1
GGCCCAGCAAAAA,0,1
GGCCCAGCCAAAC,0,1
GGCCCAGCGAGCC,0,1
GGCCCAGGAAGGA,0,1
GGCCCAGGACAGA,0,1
GGCCCAGGCAACC,0,3
GGCCCAGGCGGCA,1,1
GGCCCAGGGAACC,0,1
GGCCCAGGGACCC,0,1
GGCCCAGGGAGGA,0,1
GGCCCAGGGCAAC,0,1
GGCCCAGGGCCGA,0,1
GGCCCCAAAAACC,0,1
GGCCCCAAAAGAC,0,1
GGCCCCAAGAGCA,0,1
GGCCCCACAAGCC,0,1
GGCCCCACCACCA,0,1
GGCCCCACCACGA,0,1
GGCCCCACGCACC,9,18
GGCCCCACGCGCA,0,1
GGCCCCACGGAGA,0,1
GGCCCCAGAGCCA,0,1
GGCCCCAGCAGCC,0,1
GGCCCCAGGAAGA,0,1
GGCCCCAGGCACA,0,1
GGCCCCAGGGCGA,0,2
GGCCCCCAGGAAC,0,1
GGCCCCCAGGGCC,0,3
GGCCCCCCAGGGA,0,1
GGCCCCCCCCCCA,0,1
GGCCCCCCCCCCC,0,2
GGCCCCCCCCGCC,0,1
GGCCCCCCCGGCC,0,5
GGCCCCCCTTCCC,0,12
GGCCCCCGCCACC,0,1
GGCCCCCGCGGAC,0,1
GGCCCCCGGACCC,0,1
GGCCCCCGGGACC,0,1
GGCCCCCGGGGAA,0,1
GGCCCCCTCGCCC,1,1
GGCCCCGAAACAC,0,2
GGCCCCGAAGAGA,0,1
GGCCCCGCACCCC,0,1
GGCCCCGCAGCAC,0,1
GGCCCCGCCAACC,0,1
GGCCCCGCCCCCC,0,1
GGCCCCGCCCGCA,1,1
GGCCCCGCCCGCC,1,2
GGCCCCGCCGGCC,0,1
GGCCCCGCGACGA,0,1
GGCCCCGCGCCGA,0,1
GGCCCCGCGGCCC,0,2
GGCCCCGGAAACC,0,1
GGCCCCGGCAGGA,0,1
GGCCCCGGCTCCC,0,1
GGCCCCGTCTCCC,0,1
GGCCCCTGCCGCC,1,1
GGCCCCTGTCCCC,0,1
GGCCCGAAGCACA,0,1
GGCCCGACCCGAC,0,1
GGCCCGAGCCCCA,0,1
GGCCCGAGGGACC,18,18
GGCCCGCAAAACC,0,1
GGCCCGCACCGAC,0,1
GGCCCGCCCGCCA,0,2
GGCCCGCCGCCCC,0,1
GGCCCGCCGGCAA,0,1
GGCCCGCGGCCCC,0,1
GGCCCGCGTCCCC,0,3
GGCCCGCTCGGCC,1,1
GGCCCGGAAGGAC,0,5
GGCCCGGACGGAC,0,3
GGCCCGGCACCCA,0,1
GGCCCGGCAGGCA,0,1
GGCCCGGCCCGCC,0,3
GGCCCGGCCGCCC,0,1
GGCCCGGCCGGAC,0,1
GGCCCGGCGAGAA,0,1
GGCCCGGCGCAGA,0,1
GGCCCGGCGGAGA,1,2
GGCCCGGGAGCGA,0,1
GGCCCGGGCCAAA,0,1
GGCCCGGGCCGCC,0,1
GGCCCGGGCGGAC,0,1
GGCCCGGGGAGCC,1,1
GGCCCGGGGCCCC,0,2
GGCCCGTCTCCCC,0,1
GGCCCTCCCGCCC,0,1
GGCCCTCGCCGCC,0,1
GGCCCTCGGTCCC,0,1
GGCCCTCTTTCCC,0,1
GGCCCTGCTCCCC,0,1
GGCCCTGCTTCCC,0,1
GGCCCTGGGCCCC,0,2
GGCCCTTTGCCCC,0,1
GGCCCTTTGGCCC,0,1
GGCCGAAACCAAC,0,1
GGCCGAAAGAGAC,0,1
GGCCGAAAGAGCA,0,1
GGCCGAACAGGGA,0,1
GGCCGAACGAACC,0,1
GGCCGAACGGAAC,0,1
GGCCGACACGCAC,0,1
GGCCGACCCGAGA,0,1
GGCCGACCGCGGA,0,1
GGCCGACGACAGA,0,1
GGCCGACGACCGA,0,1
GGCCGACGAGCAA,0,1
GGCCGACGCAGGA,0,1
GGCCGACGCCGCC,0,1
GGCCGAGAAAAGA,0,1
GGCCGAGACACCC,0,1
GGCCGAGAGACAC,0,1
GGCCGAGCAGCAA,1,1
GGCCGAGCCAAAA,0,1
GGCCGAGCCGGCC,0,1
GGCCGAGGAACGA,0,1
GGCCGAGGAGCAA,0,1
GGCCGAGGAGGCA,0,1
GGCCGAGGCAGAC,0,2
GGCCGAGGCAGGA,0,4
GGCCGAGGGAGCA,0,1
GGCCGCACCCACC,0,1
GGCCGCACGGAAA,0,2
GGCCGCAGAGCCA,0,1
GGCCGCAGGCCAC,0,1
GGCCGCCAAGGCA,0,3
GGCCGCCACGCCC,0,1
GGCCGCCAGGGCA,0,1
GGCCGCCCAAACC,0,1
GGCCGCCCCCAAC,0,1
GGCCGCCCCCCAC,0,1
GGCCGCCCCCGCC,0,3
GGCCGCCCCGCAA,0,1
GGCCGCCCCGCCC,0,2
GGCCGCCCCGGCC,0,1
GGCCGCCCGACCC,0,1
GGCCGCCCGCCCA,0,1
GGCCGCCCGCCCC,0,2
GGCCGCCCGGGCA,0,1
GGCCGCCGCCAAA,0,1
GGCCGCCGCCCGA,0,1
GGCCGCCGCCGAC,0,1
GGCCGCCGCCGCC,1,7
GGCCGCCGCGGAC,0,1
GGCCGCCGGAGCC,0,1
GGCCGCCGGCGCC,0,1
GGCCGCCGGGAAC,0,1
GGCCGCCGTCGCC,0,1
GGCCGCCTGGCCC,0,1
GGCCGCGAACCAA,0,1
GGCCGCGAGGAGA,0,1
GGCCGCGCAACCC,0,1
GGCCGCGCAGCCA,0,1
GGCCGCGCAGCCC,0,1
GGCCGCGCAGGCC,0,4
GGCCGCGCGCGCC,0,3
GGCCGCGCGCGGA,0,1
GGCCGCGGCGCCC,0,1
GGCCGCGGGCACA,0,1
GGCCGCGGGGCCA,0,1
GGCCGCGGGGCCC,1,2
GGCCGCGGTGCCC,0,1
GGCCGCTCCCGCC,1,8
GGCCGCTGCCGCC,0,1
GGCCGGAAGAGAC,1,1
GGCCGGACCCGAA,0,1
GGCCGGAGCCAGA,0,1
GGCCGGAGCCCCA,0,1
GGCCGGAGGGACC,0,1
GGCCGGCAAAACC,0,1
GGCCGGCACCGCC,0,1
GGCCGGCAGCCCC,0,1
GGCCGGCAGGAAC,0,1
GGCCGGCCACACC,0,1
GGCCGGCCCAACC,0,1
GGCCGGCCCCGCC,0,5
GGCCGGCCCGCCC,0,1
GGCCGGCCCGGCA,0,1
GGCCGGCCCGGCC,0,1
GGCCGGCCGGCAA,0,1
GGCCGGCCGGGAA,0,1
GGCCGGCCGTCCC,0,1
GGCCGGCGCCCGA,0,1
GGCCGGCGGAAAC,10,10
GGCCGGCGGCCAC,0,1
GGCCGGCGGGGCA,0,1
GGCCGGCGTTCCC,0,1
GGCCGGGAAGGGA,0,1
GGCCGGGACCACC,0,1
GGCCGGGAGAGAA,0,1
GGCCGGGAGCGCC,0,1
GGCCGGGAGGGGA,0,1
GGCCGGGCAACCC,0,1
GGCCGGGCCGCAC,0,1
GGCCGGGCCGCCA,1,1
GGCCGGGCCGGGA,0,1
GGCCGGGCGGAAC,0,3
GGCCGGGCGGCGA,0,1
GGCCGGGCGGGAC,0,2
GGCCGGGCGTCCC,0,1
GGCCGGGGCAGCC,0,1
GGCCGGGGCGGGA,0,1
GGCCGGGGGGACA,0,1
GGCCGGTCGCGCC,1,1
GGCCGGTGGTCCC,0,1
GGCCGTCCTCCCC,0,3
GGCCGTGTCCGCC,0,1
GGCCGTTCTCGCC,0,1
GGCCTCCCCGCCC,0,1
GGCCTCGGCCGCC,0,2
GGCCTCGGCGCCC,0,1
GGCCTCGTGGCCC,0,1
GGCCTCGTTCCCC,0,2
GGCCTCGTTCGCC,0,1
GGCCTCTCGCCCC,0,1
GGCCTCTCTCCCC,0,1
GGCCTCTTCGCCC,0,1
GGCCTCTTTTCCC,1,1
GGCCTGCCCGCCC,1,1
GGCCTGCCCTCCC,0,1
GGCCTGCGCCCCC,0,1
GGCCTGCTGCCCC,0,1
GGCCTGCTTTCCC,0,1
GGCCTGGCTGCCC,0,1
GGCCTTCTGTCCC,0,1
GGCGAAAAAAAAA,0,1
GGCGAAAAAGGAA,0,4
GGCGAAAACCACA,0,1
GGCGAAAACCCCC,0,1
GGCGAAAACGACA,0,1
GGCGAAAGAGCAC,0,1
GGCGAAAGGACGA,0,1
GGCGAACACAGAA,2,2
GGCGAACAGGACA,0,1
GGCGAACGCAGCC,0,1
GGCGAAGAGGAGA,0,1
GGCGAAGCCCGCA,0,1
GGCGAAGCCGGCA,0,1
GGCGAAGCGCGAA,0,1
GGCGAAGGAGCCA,0,1
GGCGAAGGCGAGA,1,1
GGCGAAGGGGAGA,0,1
GGCGACAAAACGA,1,1
GGCGACAACAACA,0,1
GGCGACAAGCGAA,1,1
GGCGACACCAGCC,0,1
GGCGACACGACCA,0,1
GGCGACACGGAGA,0,1
GGCGACAGCCGCC,0,2
GGCGACCACAGCA,0,1
GGCGACCGCAGCC,2,4
GGCGACCGGAACA,0,1
GGCGACCGGCCCA,0,1
GGCGACCGGCGGA,0,1
GGCGACGAACGAA,0,1
GGCGACGACAAGA,0,1
GGCGACGAGAACC,1,1
GGCGACGAGAGAA,0,1
GGCGACGCCGCCA,1,1
GGCGACGGACAAA,0,1
GGCGACGGAGCCC,0,1
GGCGACGGCAAAA,0,1
GGCGACGGCGACC,0,2
GGCGACGGGGGCA,0,1
GGCGAGAAGAAAC,0,1
GGCGAGAAGACAA,0,1
GGCGAGAAGAGCA,0,2
GGCGAGACCCGAA,1,1
GGCGAGAGAGCAA,0,1
GGCGAGAGCAGGA,0,1
GGCGAGCAGGACC,0,1
GGCGAGCCAAGAC,1,1
GGCGAGCCCCCCC,0,2
GGCGAGCCCGGGA,0,1
GGCGAGCGAGCGA,0,1
GGCGAGCGCAGGA,0,1
GGCGAGCGCCGCC,0,1
GGCGAGCGGAGCC,1,1
GGCGAGCGGGACA,0,1
GGCGAGCGGGACC,0,1
GGCGAGGAGAACA,1,1
GGCGAGGAGAGGA,1,1
GGCGAGGAGGAGA,0,1
GGCGAGGAGGGAC,0,1
GGCGAGGCAACAA,0,1
GGCGAGGCCCCAA,0,1
GGCGAGGCCGGGA,0,1
GGCGAGGGACCAA,0,1
GGCGAGGGAGGAA,0,1
GGCGAGGGCCGCC,0,1
GGCGAGGGGAGCA,0,1
GGCGAGGGGAGGA,0,1
GGCGAGGGGGCCC,1,1
GGCGCAAAACGAA,0,1
GGCGCAAGAGCAC,1,1
GGCGCACAGAGGA,0,1
GGCGCACAGCAGA,0,1
GGCGCACCCGACC,1,1
GGCGCACCGGCAA,0,1
GGCGCACGGCCCC,0,1
GGCGCAGAAGAAA,1,1
GGCGCAGACGAGA,0,1
GGCGCAGAGAGCA,0,1
GGCGCAGAGGAAA,1,1
GGCGCAGCAAGCC,0,1
GGCGCAGCCGGAA,0,1
GGCGCAGCCGGAC,0,1
GGCGCAGCGCACC,0,2
GGCGCAGGCGGCA,0,1
GGCGCAGGGCGGA,0,1
GGCGCAGGGGACA,1,12
GGCGCAGGGGACC,0,1
GGCGCAGGGGGAC,0,1
GGCGCCAACAGCA,0,1
GGCGCCAAGGGCA,0,1
GGCGCCACCACAA,0,1
GGCGCCACCACCC,1,1
GGCGCCACCGGCA,0,1
GGCGCCAGCAGGA,0,1
GGCGCCAGGCAGA,0,1
GGCGCCCAGCACA,0,1
GGCGCCCAGCGGA,0,1
GGCGCCCCACGGA,1,1
GGCGCCCCCGCCC,0,2
GGCGCCCCCGGCA,0,1
GGCGCCCCGCACC,0,1
GGCGCCCGCCCCA,0,2
GGCGCCCGCCGCC,0,1
GGCGCCCGGGAAA,0,1
GGCGCCCTGGCCC,0,1
GGCGCCGCAGGGA,1,1
GGCGCCGCCGGAC,0,1
GGCGCCGCGGCCC,0,1
GGCGCCGCGGGAC,2,2
GGCGCCGGAGACC,0,1
GGCGCCGGCACCA,0,1
GGCGCCGGCCGCC,0,1
GGCGCCGGCGCCA,0,1
GGCGCCGGGACCA,0,1
GGCGCCTGGGCCC,0,1
GGCGCCTTCTCCC,0,1
GGCGCGACAGAAA,0,1
GGCGCGACCCCCC,1,1
GGCGCGACGAAAC,0,1
GGCGCGAGAACCC,0,1
GGCGCGAGCGGGA,0,1
GGCGCGCACGGCA,0,1
GGCGCGCCGAGCC,0,2
GGCGCGCCGGGAC,1,1
GGCGCGCGCGAGA,0,1
GGCGCGCGGAGCA,0,1
GGCGCGCTTCCCC,0,1
GGCGCGGAGAGAC,0,1
GGCGCGGCACACC,0,1
GGCGCGGCAGCCA,0,2
GGCGCGGCAGGAA,0,1
GGCGCGGCAGGGA,0,3
GGCGCGGCCGCGA,0,1
GGCGCGGCCGGAC,0,1
GGCGCGGCGCACC,0,1
GGCGCGGCGGCAA,0,1
GGCGCGGCGGGGA,0,1
GGCGCGGGCGGCA,0,5
GGCGCGGGGCAAC,0,1
GGCGCGGGGGGAA,0,1
GGCGCGGTTCCCC,0,1
GGCGCGTCCTCCC,0,1
GGCGCTGCCCGCC,0,1
GGCGGAACGCCGA,0,1
GGCGGAACGGCAC,0,4
GGCGGAACGGGCA,0,1
GGCGGAAGAAAGA,0,1
GGCGGAAGCAAAA,0,1
GGCGGAAGCCAGA,0,1
GGCGGAAGGAGAA,1,1
GGCGGAAGGCGGA,0,1
GGCGGACAGAGAC,0,1
GGCGGACAGAGGA,0,1
GGCGGACCGGGAA,0,3
GGCGGACGAGAGA,0,1
GGCGGACGGGCCA,0,1
GGCGGAGAACCAC,1,1
GGCGGAGAAGGAA,0,1
GGCGGAGACCGGA,0,1
GGCGGAGAGCACA,0,1
GGCGGAGCAACGA,0,1
GGCGGAGCACGGA,0,1
GGCGGAGCAGCGA,0,1
GGCGGAGCGAGGA,0,1
GGCGGAGCGGCAC,1,1
GGCGGAGCGGCGA,0,1
GGCGGAGCGGGGA,0,3
GGCGGAGGAAGCC,0,2
GGCGGAGGAGGAC,0,1
GGCGGAGGGAGGA,1,1
GGCGGAGGGCACA,0,1
GGCGGAGGGCCCC,0,1
GGCGGAGGGGAAC,0,5
GGCGGCACAACCA,0,1
GGCGGCACAGCCA,0,1
GGCGGCACGCACA,0,2
GGCGGCAGACCAC,0,1
GGCGGCAGCAACA,0,1
GGCGGCAGCAAGA,0,1
GGCGGCAGCAGCA,0,1
GGCGGCAGCCACA,0,1
GGCGGCAGCGCCA,0,1
GGCGGCAGGACCA,0,1
GGCGGCAGGAGGA,0,1
GGCGGCAGGGCCC,0,1
GGCGGCCACGCCC,0,1
GGCGGCCAGACCA,0,1
GGCGGCCCCGCCC,0,1
GGCGGCCCGGCCC,1,1
GGCGGCCGAACAA,0,1
GGCGGCCGACCGA,0,1
GGCGGCCGGAACA,0,1
GGCGGCCGGCCCA,0,1
GGCGGCCGGCGGA,0,1
GGCGGCCGGGAAA,0,1
GGCGGCCGGGAGA,0,1
GGCGGCCGGGCCC,0,1
GGCGGCCGGGGAC,1,1
GGCGGCCGGGGGA,1,1
GGCGGCGACAACA,0,1
GGCGGCGACAAGA,0,1
GGCGGCGAGCGGA,0,1
GGCGGCGAGGACA,0,1
GGCGGCGAGGGGA,0,1
GGCGGCGCGAGCA,0,1
GGCGGCGCGGAAC,0,1
GGCGGCGGAAGAA,0,1
GGCGGCGGACGCC,0,1
GGCGGCGGAGCCC,0,1
GGCGGCGGAGGGA,1,1
GGCGGCGGCAACA,0,1
GGCGGCGGCAGCA,0,1
GGCGGCGGCCAAC,0,1
GGCGGCGGCGAGA,0,1
GGCGGCGGCGGCA,0,4
GGCGGCGGGCGGA,0,3
GGCGGCGGGGCAC,0,1
GGCGGCGGGGGCA,0,1
GGCGGCGGGTCCC,0,6
GGCGGCGTCCCCC,0,1
GGCGGCTTTGCCC,0,1
GGCGGCTTTTCCC,1,1
GGCGGGAAAGGAA,1,1
GGCGGGAACAAAA,0,1
GGCGGGACGGCAC,0,2
GGCGGGAGAAGCC,3,3
GGCGGGAGAGGGA,1,1
GGCGGGAGCAGGA,0,1
GGCGGGAGCCCCA,1,1
GGCGGGAGCGGGA,0,1
GGCGGGAGGGCGA,0,1
GGCGGGAGGGGAA,0,1
GGCGGGCAGGCCA,0,1
GGCGGGCGGAAGA,0,1
GGCGGGCGGAGAC,0,1
GGCGGGCGGCCCA,0,1
GGCGGGCGGCGAC,1,1
GGCGGGCGGGACC,0,1
GGCGGGGAAGCGA,0,1
GGCGGGGAGAAGA,0,1
GGCGGGGAGAGAA,0,2
GGCGGGGAGGAGA,0,1
GGCGGGGCAGAGA,0,1
GGCGGGGCAGCCC,0,1
GGCGGGGCCAGGA,1,1
GGCGGGGCGGACC,0,1
GGCGGGGCGGCGA,0,1
GGCGGGGCGGGGA,1,1
GGCGGGGGAGGCA,0,1
GGCGGGGGCACGA,0,1
GGCGGGGGCAGGA,0,1
GGCGGGGGCCGCA,0,1
GGCGGGGGCGGGA,0,1
GGCGGGGGGAGCA,0,1
GGCGGGGTGCCCC,0,2
GGCGGGTCGCCCC,0,1
GGCGGTGCCTCCC,0,5
GGCGTCCCTTCCC,0,1
GGCGTCCGGTCCC,0,1
GGCGTGGCCGCCC,0,1
GGCTCCCCCGCCC,0,1
GGCTCCCCCTCCC,0,1
GGCTCCCGGTCCC,0,1
GGCTCCGCCTCCC,0,1
GGCTCCGCTGCCC,0,1
GGCTCCGGGGCCC,0,1
GGCTCCTGCCCCC,1,1
GGCTCCTTCGCCC,0,1
GGCTCGTCGTCCC,0,1
GGCTCTCTGTCCC,0,1
GGCTCTGCCGCCC,0,1
GGCTCTGCCTCCC,0,1
GGCTCTGGCCCCC,0,1
GGCTGCCCCTCCC,1,1
GGCTGCCCGCCCC,0,1
GGCTGCCCTGCCC,0,1
GGCTGCCGCTCCC,0,1
GGCTGCCGTCCCC,0,1
GGCTGCGGGCCCC,0,1
GGCTGCTCCTCCC,0,1
GGCTGCTCTCCCC,0,1
GGCTGCTGTGCCC,0,4
GGCTGCTTTCCCC,0,1
GGCTGGCCCTCCC,0,1
GGCTGGCCTGCCC,0,1
GGCTGGCGTTCCC,0,1
GGCTGGGCTGCCC,0,1
GGCTGTGCCGCCC,0,1
GGCTTCTCTGCCC,0,1
GGCTTCTGCTCCC,0,1
GGCTTGCTCCCCC,0,1
GGCTTTCCGTCCC,0,1
GGCTTTGTCCCCC,0,1
GGCTTTTCTTCCC,0,1
GGGAAAAAAAAAA,1,1
GGGAAAAAACCCA,0,1
GGGAAAAACCCAA,0,1
GGGAAAAACCGAA,0,1
GGGAAAAACGAGA,0,1
GGGAAAAAGAAAA,0,1
GGGAAAAAGAAGA,1,1
GGGAAAAAGGACA,0,1
GGGAAAAAGGCAA,0,1
GGGAAAAAGGCCA,0,2
GGGAAAACCCAAA,0,2
GGGAAAACCCAGA,0,1
GGGAAAACCCGAA,0,3
GGGAAAACCGAAA,0,1
GGGAAAACCGGAA,0,1
GGGAAAAGAAGAA,0,1
GGGAAAAGAGGGA,0,1
GGGAAAAGCAAGA,0,1
GGGAAAAGCACAC,0,1
GGGAAAAGCAGCA,0,1
GGGAAAAGCAGGA,0,3
GGGAAAAGCCGCA,2,2
GGGAAAAGGACCC,1,1
GGGAAAAGGCCCC,0,1
GGGAAACAAAAAC,0,1
GGGAAACAGAAAC,0,1
GGGAAACAGGCGA,0,1
GGGAAACCAAGCA,0,1
GGGAAACCAGAAA,0,1
GGGAAACCAGGCA,0,1
GGGAAACCCAACC,0,1
GGGAAACCCGAAC,0,1
GGGAAACCGAGAA,0,1
GGGAAACGAAAAC,0,1
GGGAAAGAAAAAC,1,2
GGGAAAGAAAACA,0,1
GGGAAAGAAGAAC,0,1
GGGAAAGAAGACC,0,1
GGGAAAGACAAAC,1,1
GGGAAAGACAGAA,0,1
GGGAAAGACAGGA,0,1
GGGAAAGAGAAGA,0,1
GGGAAAGAGAGCA,0,1
GGGAAAGAGCACC,0,1
GGGAAAGAGGGAA,0,1
GGGAAAGCAACAA,0,1
GGGAAAGCAGCCC,0,1
GGGAAAGCCAAAC,0,1
GGGAAAGCCACAC,0,1
GGGAAAGCGGCGA,0,1
GGGAAAGGAACAA,0,1
GGGAAAGGACGGA,0,1
GGGAAAGGCAAAC,1,1
GGGAAAGGCCAGA,0,4
GGGAAAGGCGCAA,0,1
GGGAAAGGGAACA,1,1
GGGAAAGGGAACC,0,2
GGGAAAGGGAGAA,0,3
GGGAAAGGGAGGA,0,1
GGGAACAAAAAAA,0,1
GGGAACAACAAAC,0,1
GGGAACAACCCCC,0,1
GGGAACAAGCAGA,2,3
GGGAACACACGGA,0,2
GGGAACACAGCAC,0,1
GGGAACACCCACA,0,11
GGGAACAGAACAA,0,1
GGGAACAGACAGA,0,2
GGGAACAGAGAAA,1,1
GGGAACAGCAGCA,0,2
GGGAACAGCCGCA,1,1
GGGAACAGCGGCA,0,1
GGGAACAGGCAGA,7,10
GGGAACAGGCCGA,2,3
GGGAACAGGGCAA,1,1
GGGAACCCAGAAA,0,2
GGGAACCCCGCCC,0,1
GGGAACCCGACCC,0,1
GGGAACCGAGCGA,1,2
GGGAACCGCGCCA,0,1
GGGAACGAAGAAA,0,1
GGGAACGAGAGAC,1,1
GGGAACGCCACCA,0,1
GGGAACGGAAACA,0,1
GGGAACGGAGGAA,0,1
GGGAAGAAAAGAA,0,1
GGGAAGAAAGCCC,0,1
GGGAAGAAAGCGA,0,1
GGGAAGAAAGGAA,0,1
GGGAAGAACAAGA,0,1
GGGAAGAACCAAC,0,1
GGGAAGAAGAAAA,0,1
GGGAAGAAGAGCA,1,1
GGGAAGAAGCACA,0,1
GGGAAGAAGGGAA,1,1
GGGAAGACAGAAA,0,1
GGGAAGACAGAGA,0,2
GGGAAGACCACCA,0,1
GGGAAGACGAGAA,0,1
GGGAAGAGAAAGA,0,4
GGGAAGAGAAGGA,0,1
GGGAAGAGACCAA,0,1
GGGAAGAGAGGGA,0,1
GGGAAGAGCAACC,0,1
GGGAAGAGCCAGA,0,1
GGGAAGAGGAAGA,1,10
GGGAAGAGGCAAA,0,1
GGGAAGAGGCACA,0,1
GGGAAGAGGCAGA,1,2
GGGAAGAGGGAAA,0,1
GGGAAGCAGCACA,0,2
GGGAAGCAGGAAC,0,1
GGGAAGCAGGCCA,0,1
GGGAAGCAGGGCA,0,1
GGGAAGCGAACAA,0,1
GGGAAGCGGAACA,0,1
GGGAAGGAACAAA,1,1
GGGAAGGAAGAAA,0,1
GGGAAGGCAAGAA,0,2
GGGAAGGCGACCC,0,9
GGGAAGGGAAAAA,0,1
GGGAAGGGAAGAA,1,1
GGGAAGGGAGAGA,0,1
GGGAAGGGAGGAA,0,4
GGGAAGGGCAGAC,0,1
GGGAAGGGCGGGA,0,1
GGGAAGGGGAAGA,0,3
GGGAAGGGGACGA,1,1
GGGAAGGGGAGAC,0,1
GGGAAGGGGAGGA,0,1
GGGACAAAAGACC,0,1
GGGACAAAGCAGA,0,1
GGGACAACAACAA,0,1
GGGACAAGAAGAA,0,1
GGGACAAGACAGA,0,2
GGGACAAGAGAAA,0,1
GGGACAAGAGAAC,1,1
GGGACAAGAGGAC,1,1
GGGACAAGGAACA,0,1
GGGACAAGGAAGA,0,1
GGGACAAGGACCA,0,1
GGGACACAAAAAA,0,1
GGGACACACACAC,0,1
GGGACACAGAAGA,0,1
GGGACACAGCACA,0,1
GGGACACCGAGAA,0,1
GGGACACGGCAGA,0,1
GGGACACGGGACA,0,1
GGGACACGGGCAA,0,3
GGGACAGAAAAGA,0,1
GGGACAGAACCAC,0,1
GGGACAGACGAAA,0,1
GGGACAGAGACCC,0,1
GGGACAGAGAGAA,0,1
GGGACAGAGCCAA,0,1
GGGACAGAGGCAC,1,1
GGGACAGCACACA,0,1
GGGACAGCAGAGA,1,1
GGGACAGCAGGAC,0,1
GGGACAGCAGGCA,0,1
GGGACAGCGCCAC,0,5
GGGACAGGAACCC,0,1
GGGACAGGACAAA,0,1
GGGACAGGAGAGA,1,1
GGGACAGGAGCCC,0,1
GGGACAGGAGGCA,5,5
GGGACAGGCAGAC,0,1
GGGACAGGGAAAA,0,1
GGGACAGGGAGCA,0,1
GGGACAGGGCCAA,0,1
GGGACAGGGGCCC,0,1
GGGACCAAAACAA,0,4
GGGACCAAAACCA,0,1
GGGACCAAAACGA,0,22
GGGACCAAACCGA,0,1
GGGACCAAAGAGA,1,1
GGGACCAACCCAA,0,1
GGGACCAACGGGA,0,1
GGGACCAGAGCCA,0,1
GGGACCAGAGGAA,0,1
GGGACCAGGGCAC,0,1
GGGACCAGGGCCA,0,1
GGGACCCAAGAGA,0,1
GGGACCCACGCAA,0,1
GGGACCCAGCCCA,0,1
GGGACCCAGGACA,1,1
GGGACCCAGGAGA,0,1
GGGACCCCCCAAC,0,2
GGGACCCCCGGGA,0,1
GGGACCCCGGCAC,0,1
GGGACCCGAAACA,0,1
GGGACCCGGAGAA,0,1
GGGACCGACCCCC,1,1
GGGACCGAGCAGA,1,2
GGGACCGCCCCCC,0,1
GGGACGAAACAGA,0,3
GGGACGAAACCCA,0,1
GGGACGACAGGAA,0,1
GGGACGACGCGCA,0,1
GGGACGAGACAGA,1,3
GGGACGAGCCAGA,1,1
GGGACGAGGACCC,0,1
GGGACGAGGCAGA,1,4
GGGACGCCACAGA,0,1
GGGACGCCCACCA,0,1
GGGACGCCGCACA,0,1
GGGACGCGCGGCA,0,1
GGGACGCGGGACA,0,2
GGGACGGAAGGGA,0,1
GGGACGGACACCC,0,1
GGGACGGAGACCC,0,1
GGGACGGAGCAGA,0,1
GGGACGGAGGGCA,0,1
GGGACGGCAGCCA,0,1
GGGACGGGAAGCA,0,1
GGGACGGGAGGGA,1,1
GGGACGGGCAGAA,0,1
GGGACGGGGAACC,0,1
GGGACGGGGCGCA,0,1
GGGAGAAAAACCA,0,1
GGGAGAAACCGGA,0,1
GGGAGAAAGAAAA,0,1
GGGAGAACACGAA,0,1
GGGAGAACCGGAA,0,1
GGGAGAAGAAACA,0,1
GGGAGAAGAAGAA,0,2
GGGAGAAGACCCA,1,1
GGGAGAAGACGAC,0,1
GGGAGAAGACGGA,0,1
GGGAGAAGAGACC,0,1
GGGAGAAGAGAGA,0,2
GGGAGAAGAGGGA,0,1
GGGAGAAGCAGAA,1,2
GGGAGAAGCCAAA,0,1
GGGAGAAGCCCCA,2,2
GGGAGAAGGAGAA,0,2
GGGAGAAGGCGGA,0,2
GGGAGACAAAAAC,0,1
GGGAGACAAAACA,0,1
GGGAGACAAGCAA,0,1
GGGAGACAAGCAC,0,1
GGGAGACACGCCC,0,1
GGGAGACAGCCAC,0,1
GGGAGACAGGAAA,0,1
GGGAGACAGGAAC,0,1
GGGAGACAGGCAA,1,1
GGGAGACGAAAGA,0,1
GGGAGACGGGCCC,0,1
GGGAGAGAAAAAC,0,1
GGGAGAGAAAGAA,1,1
GGGAGAGAACGCA,1,1
GGGAGAGACAAGA,0,1
GGGAGAGACAGCA,0,3
GGGAGAGACGGAA,1,1
GGGAGAGACGGGA,1,1
GGGAGAGAGAACA,0,1
GGGAGAGAGACGA,0,2
GGGAGAGAGAGGA,1,1
GGGAGAGAGCGAA,0,1
GGGAGAGAGGAGA,0,1
GGGAGAGAGGCCC,0,1
GGGAGAGAGGGAA,0,1
GGGAGAGCAGAAC,0,1
GGGAGAGCAGCCC,0,1
GGGAGAGCAGGGA,0,1
GGGAGAGCCCCCC,0,1
GGGAGAGCGAGGA,0,1
GGGAGAGGAAAGA,0,1
GGGAGAGGAAGAA,0,1
GGGAGAGGAGAGA,0,2
GGGAGAGGAGCAA,0,1
GGGAGAGGAGCCC,0,1
GGGAGAGGCAGCA,1,1
GGGAGAGGCGGGA,1,1
GGGAGAGGGAACA,0,1
GGGAGAGGGACAC,0,4
GGGAGAGGGACGA,0,1
GGGAGAGGGAGGA,0,1
GGGAGAGGGCAAC,0,1
GGGAGAGGGCCAC,0,1
GGGAGAGGGGCCC,0,1
GGGAGAGGGGGAA,0,2
GGGAGAGGGGGCA,1,1
GGGAGCAAAAACC,0,1
GGGAGCAAACAAA,0,1
GGGAGCACAACCC,0,2
GGGAGCACAAGGA,0,1
GGGAGCACAGGCA,1,2
GGGAGCACCAGCA,0,1
GGGAGCACCCCAC,0,1
GGGAGCAGAAGGA,4,4
GGGAGCAGACAGA,0,1
GGGAGCAGCAAGA,1,1
GGGAGCAGCCACA,0,1
GGGAGCAGGAACC,0,1
GGGAGCAGGAGAA,0,1
GGGAGCAGGAGCA,0,1
GGGAGCAGGCGGA,0,1
GGGAGCAGGGAGA,0,2
GGGAGCAGGGCCC,0,1
GGGAGCAGGGGGA,0,1
GGGAGCCAACAAA,0,5
GGGAGCCAACACA,0,1
GGGAGCCAAGCCA,0,1
GGGAGCCAGAACC,0,1
GGGAGCCAGCACC,0,2
GGGAGCCAGGCAC,0,1
GGGAGCCAGGCGA,0,1
GGGAGCCAGGGAA,1,1
GGGAGCCAGGGCA,0,1
GGGAGCCCAGAAA,0,1
GGGAGCCCAGAAC,1,1
GGGAGCCCAGAGA,0,1
GGGAGCCCAGGCA,0,1
GGGAGCCGACAAA,0,1
GGGAGCCGACAGA,0,1
GGGAGCCGAGGAC,0,1
GGGAGCCGCCAAA,0,1
GGGAGCCGGAGGA,0,2
GGGAGCCGGGCCC,0,1
GGGAGCCGGGGAC,0,1
GGGAGCGAACAAC,0,1
GGGAGCGAAGGAA,0,1
GGGAGCGAAGGGA,0,1
GGGAGCGAGAAGA,0,1
GGGAGCGAGACGA,0,1
GGGAGCGAGAGCA,0,1
GGGAGCGCAGCAA,1,1
GGGAGCGCCGGGA,0,2
GGGAGCGCGCCCC,0,1
GGGAGCGCGGGCA,0,1
GGGAGCGCGGGGA,0,1
GGGAGCGGCCCCC,5,9
GGGAGCGGGAAAA,0,1
GGGAGCGGGAGGA,1,1
GGGAGGAAAAAAA,1,1
GGGAGGAAAGACA,0,1
GGGAGGAAAGCCA,0,1
GGGAGGAACACCC,0,1
GGGAGGAAGAACC,0,1
GGGAGGAAGAAGA,0,1
GGGAGGAAGAGAA,0,1
GGGAGGAAGCGGA,0,1
GGGAGGAAGGAAC,0,1
GGGAGGAAGGACA,1,1
GGGAGGAAGGAGA,0,1
GGGAGGAAGGCGA,0,1
GGGAGGAAGGGAA,1,1
GGGAGGAAGGGCA,0,1
GGGAGGACAACAC,0,1
GGGAGGACCAGCA,1,1
GGGAGGACGGCCC,0,1
GGGAGGACGGGAC,0,1
GGGAGGAGAAAAA,0,1
GGGAGGAGAAGAA,0,1
GGGAGGAGAGAAA,0,1
GGGAGGAGAGGAA,0,1
GGGAGGAGAGGCA,0,1
GGGAGGAGCAACC,0,1
GGGAGGAGCAGCA,1,1
GGGAGGAGCCCCC,0,1
GGGAGGAGCGGCA,0,3
GGGAGGAGCGGGA,1,2
GGGAGGAGGAAGA,0,1
GGGAGGAGGAGAA,0,1
GGGAGGAGGAGGA,0,1
GGGAGGAGGGACC,1,1
GGGAGGAGGGAGA,0,1
GGGAGGCAACCAC,0,1
GGGAGGCAAGGGA,0,1
GGGAGGCACAGCA,0,1
GGGAGGCAGAAAA,0,1
GGGAGGCAGAGAC,0,1
GGGAGGCAGGAGA,0,2
GGGAGGCAGGGAC,0,3
GGGAGGCCAAGAA,0,1
GGGAGGCCAGAGA,0,1
GGGAGGCCCCACA,0,1
GGGAGGCCGCCAC,0,1
GGGAGGCGGAGCA,0,1
GGGAGGCGGGGAC,0,1
GGGAGGGAACACA,0,1
GGGAGGGAAGAAA,0,2
GGGAGGGAAGACA,1,1
GGGAGGGAAGCCA,0,1
GGGAGGGACGAGA,0,1
GGGAGGGACGGGA,0,12
GGGAGGGAGAGAC,0,2
GGGAGGGAGGAAA,0,2
GGGAGGGAGGGAA,0,2
GGGAGGGAGGGAC,0,18
GGGAGGGAGGGGA,1,1
GGGAGGGCAGAAA,0,1
GGGAGGGCAGAGA,0,1
GGGAGGGCAGCCC,0,1
GGGAGGGCCAAAA,0,1
GGGAGGGCCCAGA,0,3
GGGAGGGCCGACA,1,1
GGGAGGGCCGGAC,0,1
GGGAGGGCCGGGA,0,1
GGGAGGGCGGGAA,0,2
GGGAGGGGACAAA,1,1
GGGAGGGGACAGA,0,1
GGGAGGGGACCGA,0,1
GGGAGGGGAGACA,0,1
GGGAGGGGAGCGA,1,1
GGGAGGGGAGGGA,1,1
GGGAGGGGCCCCA,0,3
GGGAGGGGCCGAA,0,1
GGGAGGGGCGGAA,0,1
GGGAGGGGCGGGA,0,10
GGGAGGGGGGGGA,1,1
GGGCAAAAAGGAC,0,5
GGGCAAAAGAAAC,0,1
GGGCAAAAGGAAA,0,5
GGGCAAACAAAAA,0,1
GGGCAAACAACAA,0,1
GGGCAAACAAGAA,0,1
GGGCAAAGAAGAC,0,1
GGGCAAAGAAGGA,0,1
GGGCAAAGACACC,1,1
GGGCAAAGACAGA,1,1
GGGCAAAGAGGCA,0,1
GGGCAAAGGAAAC,0,1
GGGCAAAGGGCCA,0,1
GGGCAAAGGGGCA,0,1
GGGCAACAGAACA,1,1
GGGCAACGAACAA,0,1
GGGCAAGAAGAAA,0,1
GGGCAAGAAGGCA,0,1
GGGCAAGAGGGCA,0,1
GGGCAAGCAGGGA,0,1
GGGCAAGCCACAA,0,1
GGGCAAGCCCAAA,0,1
GGGCAAGCGGGCA,0,1
GGGCAAGGGAGAA,0,1
GGGCACAAGCAGA,0,1
GGGCACACAAGAA,0,1
GGGCACACCAACC,0,1
GGGCACACCAAGA,0,1
GGGCACACGAAGA,0,1
GGGCACAGAGGGA,0,1
GGGCACAGCACCC,0,1
GGGCACAGCCCAC,1,1
GGGCACAGGCAAC,0,1
GGGCACAGGCGGA,1,1
GGGCACCCAAGAA,0,10
GGGCACCCAGAAA,0,1
GGGCACCCAGGAA,0,1
GGGCACCCCGCCC,0,2
GGGCACCCGACGA,0,1
GGGCACCCGAGAA,0,3
GGGCACCGCAACA,0,1
GGGCACCGCAGCA,1,1
GGGCACCGCGGGA,0,1
GGGCACCGGGAAA,0,1
GGGCACGACCCCC,0,1
GGGCACGCCGGGA,0,1
GGGCACGGACAAA,0,1
GGGCACGGACCCA,0,1
GGGCACGGCGACA,0,2
GGGCACGGCGCCA,0,1
GGGCACGGGCCAC,0,1
GGGCACGGGCGGA,0,1
GGGCAGAAAAACC,0,1
GGGCAGAAAGCCA,0,1
GGGCAGAAAGCCC,1,1
GGGCAGAAGCCGA,0,1
GGGCAGAAGGGAA,0,1
GGGCAGACGGACA,1,1
GGGCAGAGAAGAA,0,1
GGGCAGAGAGCGA,19,26
GGGCAGAGCGACA,0,1
GGGCAGAGGAGAC,0,1
GGGCAGAGGGACC,0,1
GGGCAGAGGGAGA,0,1
GGGCAGAGGGCAA,1,2
GGGCAGAGGGCAC,1,1
GGGCAGAGGGGAA,0,1
GGGCAGCAAAGCA,0,1
GGGCAGCAAGAAA,0,1
GGGCAGCAAGGCA,0,1
GGGCAGCACCACC,1,1
GGGCAGCAGAGCA,0,1
GGGCAGCAGAGGA,1,1
GGGCAGCAGGGAC,0,1
GGGCAGCCAAGCA,0,1
GGGCAGCCACACA,0,4
GGGCAGCCAGCAC,0,1
GGGCAGCCAGGAA,0,1
GGGCAGCCCCCCA,0,1
GGGCAGCGCAAAC,1,1
GGGCAGCGCAGAA,0,1
GGGCAGCGCGAAC,0,2
GGGCAGCGCGACC,0,5
GGGCAGCGCGGAC,0,1
GGGCAGCGGCAGA,0,1
GGGCAGGAGACCC,0,1
GGGCAGGAGGACC,0,1
GGGCAGGAGGGAA,0,1
GGGCAGGAGGGAC,1,2
GGGCAGGCACCAC,0,1
GGGCAGGCAGCAA,0,1
GGGCAGGCCACAC,0,1
GGGCAGGCCAGCA,1,1
GGGCAGGCCAGGA,0,1
GGGCAGGCCGCCC,0,1
GGGCAGGCGGAAA,0,1
GGGCAGGCGGACC,0,1
GGGCAGGCGGAGA,1,1
GGGCAGGGAAGAC,0,1
GGGCAGGGAAGGA,0,1
GGGCAGGGACAAC,0,1
GGGCAGGGAGGAA,0,1
GGGCAGGGAGGGA,0,1
GGGCAGGGCAAGA,1,1
GGGCAGGGCAGGA,0,2
GGGCAGGGCCGGA,0,1
GGGCAGGGCGACA,0,1
GGGCAGGGGAAGA,1,1
GGGCAGGGGGAAC,0,1
GGGCAGGGGGAGA,0,1
GGGCAGGGGGGCA,0,2
GGGCCAAAACAAA,0,1
GGGCCAAAACAGA,0,1
GGGCCAAAGACAA,0,1
GGGCCAAAGAGAA,1,1
GGGCCAAAGGACA,0,1
GGGCCAAGAACAA,1,1
GGGCCAAGGAGCA,0,1
GGGCCAAGGCCAA,0,1
GGGCCAAGGCCCA,0,1
GGGCCACAAGGAA,0,1
GGGCCACACCAAC,0,1
GGGCCACACCACA,0,1
GGGCCACCCCCCA,0,1
GGGCCACGCCAGA,0,1
GGGCCAGAGAGAA,0,1
GGGCCAGAGAGAC,0,1
GGGCCAGAGCAGA,1,2
GGGCCAGCACACC,0,1
GGGCCAGCAGCAA,0,1
GGGCCAGCAGGGA,1,2
GGGCCAGCCACCA,0,1
GGGCCAGCGACCA,0,1
GGGCCAGCGCGGA,0,1
GGGCCAGCGGAGA,0,1
GGGCCAGGAAGAA,0,1
GGGCCAGGACCCA,0,1
GGGCCAGGCCAAA,1,1
GGGCCAGGCCACA,0,1
GGGCCAGGCCCCA,0,1
GGGCCAGGCCGAC,0,1
GGGCCAGGCGACC,0,1
GGGCCAGGGAAAC,0,1
GGGCCAGGGAGCA,1,1
GGGCCAGGGAGGA,0,1
GGGCCAGGGCCAC,0,1
GGGCCCAAACGAC,0,1
GGGCCCAAAGCGA,0,1
GGGCCCAAGCCCA,0,1
GGGCCCACAGCAC,0,1
GGGCCCACAGCCC,0,1
GGGCCCACCACCA,0,2
GGGCCCACGCACC,0,1
GGGCCCAGCAGGA,0,1
GGGCCCAGCCAAA,0,1
GGGCCCAGCGAAA,0,1
GGGCCCAGGGCAA,0,1
GGGCCCCACACAA,0,1
GGGCCCCACCACC,0,1
GGGCCCCACCCCC,1,1
GGGCCCCCCCCAA,2,4
GGGCCCCCCCCCC,0,1
GGGCCCCCGAGAA,0,1
GGGCCCCGACCCA,0,1
GGGCCCCGCACCC,0,1
GGGCCCCGCCCCA,0,1
GGGCCCCGCCCCC,0,1
GGGCCCCGCGCCC,0,1
GGGCCCCGGAAAC,0,1
GGGCCCCGGGCCC,0,2
GGGCCCGAAGCAC,0,1
GGGCCCGAGAAGA,0,1
GGGCCCGAGCCCC,0,1
GGGCCCGCCGCCC,0,1
GGGCCCGCGGCCC,0,1
GGGCCCGGAAGGA,0,5
GGGCCCGGACGGA,0,3
GGGCCCGGCCCCA,0,3
GGGCCCGGGCACC,0,2
GGGCCCGGGCCAA,0,1
GGGCCCGGGCCCC,0,1
GGGCCCGGGCGGA,0,2
GGGCCCTCCCCCC,0,1
GGGCCCTCCGCCC,0,1
GGGCCGAACGACA,0,1
GGGCCGAAGAAAC,0,1
GGGCCGAGAGACA,0,1
GGGCCGAGCAGCA,1,1
GGGCCGAGGAGAC,0,1
GGGCCGAGGAGCA,0,2
GGGCCGAGGGACA,0,1
GGGCCGAGGGGAC,0,1
GGGCCGCACCCAC,0,1
GGGCCGCAGAACA,4,6
GGGCCGCAGAGGA,0,1
GGGCCGCAGGACC,0,1
GGGCCGCCACGAA,0,1
GGGCCGCCCCCCA,0,1
GGGCCGCCCGACC,0,1
GGGCCGCCGCGGA,0,1
GGGCCGCGCAACC,0,1
GGGCCGCGGCGGA,0,1
GGGCCGCGGGAGA,0,1
GGGCCGGAACCAA,0,1
GGGCCGGAGAGGA,0,1
GGGCCGGAGCCGA,1,3
GGGCCGGCCCAAC,0,1
GGGCCGGGACAGA,1,2
GGGCCGGGACGGA,0,1
GGGCCGGGGAGAC,0,1
GGGCCGGGGAGGA,0,1
GGGCCGGGGCCCC,0,1
GGGCCGGGGCCGA,2,2
GGGCCGTGCGCCC,0,1
GGGCCTCCTCCCC,0,1
GGGCCTCGGCCCC,1,1
GGGCCTCTTCCCC,1,1
GGGCCTTTTCCCC,0,1
GGGCGAAAAAAAA,0,1
GGGCGAAAAAGGA,0,11
GGGCGAAAAGCCA,3,3
GGGCGAACAGACA,1,1
GGGCGAACAGGAC,0,1
GGGCGAAGGCAAA,1,1
GGGCGACAAGCGA,1,1
GGGCGACCCGCCA,0,1
GGGCGACGAGAGA,0,1
GGGCGACGGACAA,0,1
GGGCGACGGCAAA,0,1
GGGCGACGGGAGA,0,1
GGGCGAGAAAGAA,0,1
GGGCGAGACAGGA,0,1
GGGCGAGACCCCA,0,1
GGGCGAGAGAGCA,0,1
GGGCGAGCAAACC,0,2
GGGCGAGGAGGGA,0,1
GGGCGAGGCGCAC,0,1
GGGCGAGGGAGGA,0,1
GGGCGCAAGAGCA,1,1
GGGCGCACGGCAC,0,1
GGGCGCAGCCGGA,0,1
GGGCGCAGCGCAC,0,1
GGGCGCAGGGACA,0,1
GGGCGCAGGGGAC,0,1
GGGCGCAGGGGGA,0,1
GGGCGCCAGGCAC,0,1
GGGCGCCCCGCAC,0,1
GGGCGCCGCACGA,0,1
GGGCGCCGCCCCC,0,1
GGGCGCCGCGGGA,2,2
GGGCGCCGGGACC,0,1
GGGCGCGACGAAA,0,1
GGGCGCGCCGGAA,1,1
GGGCGCGCCGGGA,1,1
GGGCGCGCTCCCC,0,1
GGGCGCGGAGAGA,0,1
GGGCGCGGAGGGA,0,1
GGGCGCGGCACCA,0,1
GGGCGCGGCCGGA,1,2
GGGCGCGGCGACA,0,2
GGGCGCGGCGCAC,0,1
GGGCGCGGGAAAA,0,1
GGGCGCGGGGCAA,0,1
GGGCGGAACGGCA,0,3
GGGCGGAAGCAAA,0,1
GGGCGGAAGGAGA,1,1
GGGCGGACAGACA,1,1
GGGCGGACAGAGA,0,1
GGGCGGACCGGGA,0,3
GGGCGGACGCACA,0,1
GGGCGGACGCAGA,0,2
GGGCGGAGCGGCA,1,1
GGGCGGAGGGCAC,0,1
GGGCGGAGGGGCA,0,1
GGGCGGCACAACC,0,1
GGGCGGCAGCAAC,0,1
GGGCGGCAGGAGA,0,1
GGGCGGCCCGGCA,0,1
GGGCGGCCGCGAC,0,1
GGGCGGCCGGAAC,0,1
GGGCGGCGCCGGA,0,1
GGGCGGCGCGACC,0,1
GGGCGGCGGGCCA,0,1
GGGCGGCGGGGCA,0,1
GGGCGGGAAAGGA,1,1
GGGCGGGAAGAAA,0,2
GGGCGGGACGCCA,0,1
GGGCGGGACGGCA,0,2
GGGCGGGAGCGGA,1,1
GGGCGGGAGGAAA,0,1
GGGCGGGAGGGAC,0,12
GGGCGGGAGGGGA,1,2
GGGCGGGCGGCGA,1,1
GGGCGGGCGGGAC,1,1
GGGCGGGCGGGGA,0,2
GGGCGGGGAAGGA,0,1
GGGCGGGGACCCC,0,1
GGGCGGGGAGAGA,0,2
GGGCGGGGCCGAA,1,2
GGGCGGGGCGGAC,0,4
GGGCGGGGCGGCA,0,1
GGGCGGGGCGGGA,0,1
GGGCGGGGGCGAA,0,1
GGGCTCTGGCCCC,1,2
GGGGAAAAAAAAA,0,1
GGGGAAAAAAAAC,0,1
GGGGAAAAAGACA,0,3
GGGGAAAAGAAAA,0,1
GGGGAAACAAAAA,0,1
GGGGAAACAGAAA,0,1
GGGGAAACCAGAA,0,1
GGGGAAACCCGAA,0,1
GGGGAAAGAAAGA,0,1
GGGGAAAGAAGAA,0,1
GGGGAAAGAGGAC,0,1
GGGGAAAGAGGGA,0,1
GGGGAAAGCAGCA,0,1
GGGGAAAGCAGGA,1,1
GGGGAAAGCCAAA,0,1
GGGGAAAGGGACC,0,1
GGGGAAAGGGAGA,0,1
GGGGAACAACCCC,0,1
GGGGAACAAGCCA,0,1
GGGGAACAGGGCA,1,1
GGGGAACCAGGAA,0,1
GGGGAACGAGACC,0,1
GGGGAACGAGGAA,1,1
GGGGAACGGAGGA,0,1
GGGGAACGGGGGA,0,1
GGGGAAGAAAGGA,0,1
GGGGAAGAAGCAC,0,1
GGGGAAGAAGGGA,1,1
GGGGAAGACAGAA,0,1
GGGGAAGACGGGA,0,5
GGGGAAGAGAAAA,0,1
GGGGAAGAGGAGA,0,1
GGGGAAGAGGGAA,0,1
GGGGAAGCGGAAC,0,1
GGGGAAGGAAACA,1,1
GGGGAAGGAAGAA,0,2
GGGGAAGGAAGGA,0,1
GGGGAAGGACACA,1,1
GGGGAAGGACGCA,1,1
GGGGAAGGAGAAC,0,1
GGGGAAGGCAAAA,0,1
GGGGAAGGCGACC,0,1
GGGGAAGGCGCAA,0,2
GGGGAAGGCGGGA,1,1
GGGGAAGGGAAGA,1,2
GGGGAAGGGCAGA,0,1
GGGGACAAAGCCA,0,1
GGGGACACAAAAA,0,1
GGGGACACGGGCA,0,3
GGGGACAGACACA,0,1
GGGGACAGAGGCA,1,1
GGGGACAGCAGAC,0,1
GGGGACAGCAGGA,0,1
GGGGACAGCCCGA,0,1
GGGGACAGGGAAA,0,1
GGGGACAGGGACC,0,5
GGGGACAGGGCAA,0,1
GGGGACCACGGCA,0,1
GGGGACCAGCGGA,0,1
GGGGACCCAGGGA,0,4
GGGGACCCCGGCA,0,1
GGGGACCCGAAAC,0,1
GGGGACCCGGAGA,0,1
GGGGACCCGGGGA,0,1
GGGGACCGACCCC,1,1
GGGGACCGAGGGA,0,1
GGGGACCGCCCGA,0,1
GGGGACGACGAGA,0,1
GGGGACGAGGACC,0,1
GGGGACGAGGAGA,0,1
GGGGACGCAGGAA,0,1
GGGGACGCGAAAA,0,1
GGGGACGGAAGAC,0,2
GGGGAGAAAAACC,0,1
GGGGAGAAAGAAA,0,1
GGGGAGAACCGCA,0,1
GGGGAGAAGAAGA,0,1
GGGGAGAAGACGA,0,1
GGGGAGAAGAGAC,0,1
GGGGAGAAGGAGA,1,2
GGGGAGACAGGAA,0,1
GGGGAGACAGGCA,1,1
GGGGAGAGACACC,0,1
GGGGAGAGAGAAC,0,1
GGGGAGAGCAAAA,0,1
GGGGAGAGCAAAC,0,1
GGGGAGAGGAAAA,0,1
GGGGAGAGGGACA,0,4
GGGGAGAGGGCAA,0,1
GGGGAGAGGGGGA,0,1
GGGGAGCAAGCCA,0,1
GGGGAGCAAGGGA,0,1
GGGGAGCAGAGCA,1,1
GGGGAGCAGGAGA,0,1
GGGGAGCCAACAA,0,4
GGGGAGCCACGCA,0,1
GGGGAGCCAGGAA,1,16
GGGGAGCCGGACA,0,2
GGGGAGCGAGGCA,0,1
GGGGAGCGCCGGA,0,1
GGGGAGCGGCCCC,5,9
GGGGAGCGGGGGA,0,1
GGGGAGGAACACC,0,1
GGGGAGGAAGGAC,1,1
GGGGAGGACAGAA,1,1
GGGGAGGACGGGA,0,1
GGGGAGGAGAAGA,0,1
GGGGAGGAGACCC,1,1
GGGGAGGAGAGAA,1,2
GGGGAGGAGAGGA,1,2
GGGGAGGAGCACC,0,1
GGGGAGGAGCAGA,0,1
GGGGAGGAGGACA,1,1
GGGGAGGAGGGAC,1,1
GGGGAGGCAGAAA,0,1
GGGGAGGCAGGGA,1,4
GGGGAGGCGCAGA,1,1
GGGGAGGCGGGGA,0,1
GGGGAGGGAAGAA,0,2
GGGGAGGGAGGAA,0,3
GGGGAGGGAGGGA,0,3
GGGGAGGGCAGAA,0,1
GGGGAGGGCCGAC,1,1
GGGGAGGGCGGGA,0,2
GGGGAGGGGAGCA,0,1
GGGGAGGGGGCCA,1,1
GGGGAGGGGGGAC,0,1
GGGGAGGGGGGCA,0,1
GGGGCAAAAAGGA,0,1
GGGGCAAAAGAAA,0,1
GGGGCAAAAGACA,0,1
GGGGCAAACAACA,0,1
GGGGCAAAGACAC,1,1
GGGGCAAAGGAAA,0,1
GGGGCAACAGAAC,1,1
GGGGCAACGCCAC,0,1
GGGGCAAGAAGAC,0,1
GGGGCAAGGGGCA,0,1
GGGGCACAAGGCA,0,1
GGGGCACAGCACA,0,1
GGGGCACCCAAGA,0,1
GGGGCACGACCCC,0,1
GGGGCACGAGCGA,0,1
GGGGCAGAAAACA,0,1
GGGGCAGAGGGCA,0,1
GGGGCAGAGGGGA,0,1
GGGGCAGCCACGA,0,1
GGGGCAGCGCAAA,1,1
GGGGCAGGAGACC,0,1
GGGGCAGGAGGGA,0,2
GGGGCAGGCAGCA,0,1
GGGGCAGGGACAA,0,1
GGGGCAGGGACCC,0,1
GGGGCAGGGCCCC,0,1
GGGGCAGGGCGAC,0,1
GGGGCAGGGGGAA,0,1
GGGGCAGGGGGCA,0,1
GGGGCCAAAACAA,0,1
GGGGCCAAAGACA,0,2
GGGGCCACAAGGA,0,1
GGGGCCACCCACA,0,1
GGGGCCAGAAACA,0,1
GGGGCCAGAGCCA,0,1
GGGGCCAGCAACC,0,1
GGGGCCAGCACAC,0,1
GGGGCCAGGAAGA,0,1
GGGGCCAGGCCAA,1,1
GGGGCCAGGCGAC,0,1
GGGGCCAGGGAAA,0,1
GGGGCCCACCACC,0,2
GGGGCCCAGCCAA,0,1
GGGGCCCAGGACA,0,1
GGGGCCCCCACAC,0,1
GGGGCCCCCACGA,0,1
GGGGCCCCCCCCC,0,1
GGGGCCCCGACCC,0,1
GGGGCCCCGCACC,0,1
GGGGCCCCGCCCC,0,1
GGGGCCCGGAGCA,0,1
GGGGCCCGGGGAC,0,1
GGGGCCGAGGAGA,0,1
GGGGCCGAGGCAC,0,3
GGGGCCGAGGGGA,0,1
GGGGCCGCCAACA,0,1
GGGGCCGCCCCCC,0,1
GGGGCCGGAACAC,1,1
GGGGCCGGAACCC,0,1
GGGGCCGGGGACA,0,1
GGGGCCGGGGAGA,0,1
GGGGCCGGGGCAC,1,1
GGGGCGACAGGGA,0,1
GGGGCGAGCAAAC,0,2
GGGGCGAGCCAAC,0,2
GGGGCGAGGGCCA,0,1
GGGGCGCAGCGCA,0,1
GGGGCGCAGGGAC,0,1
GGGGCGCCCCGCA,0,1
GGGGCGCGGCGCA,0,1
GGGGCGGAAGGAC,0,1
GGGGCGGACAGAC,1,1
GGGGCGGACGCAC,0,1
GGGGCGGAGCACC,0,1
GGGGCGGCCGGAA,0,1
GGGGCGGCCGGGA,0,1
GGGGCGGCGGCGA,0,2
GGGGCGGGAGGAA,0,1
GGGGCGGGGAGGA,0,1
GGGGCGGGGCAGA,0,1
GGGGCGGGGCCCA,0,1
GGGGCGGGGCCGA,1,2
GGGGCGGGGCGGA,0,4
GGGGCGGGGGCCA,0,1
GGGGCGGGGGGCA,0,1
GGGGGAAAAAAAA,0,1
GGGGGAAACAAAC,0,2
GGGGGAAACCAGA,0,1
GGGGGAAAGAACA,0,1
GGGGGAAAGAGGA,0,1
GGGGGAAAGGAGA,0,1
GGGGGAACAACCC,0,1
GGGGGAACGAGGA,1,1
GGGGGAAGGAAAC,1,1
GGGGGAAGGACAC,1,1
GGGGGAAGGGCAA,0,1
GGGGGACACCAAC,0,1
GGGGGACAGGGAA,0,1
GGGGGACAGGGAC,0,6
GGGGGACAGGGCA,0,1
GGGGGACCCGAAA,0,1
GGGGGACGCAGCA,1,1
GGGGGAGAAAGAA,0,1
GGGGGAGAAGAGA,0,2
GGGGGAGAGAACA,1,1
GGGGGAGAGAGAA,2,2
GGGGGAGAGAGCA,1,1
GGGGGAGAGCAAA,0,1
GGGGGAGAGGAAA,0,1
GGGGGAGAGGAGA,0,1
GGGGGAGAGGGAC,0,5
GGGGGAGCAAGGA,0,4
GGGGGAGCAGCAA,0,1
GGGGGAGCCAGGA,0,14
GGGGGAGGAAAGA,0,1
GGGGGAGGAACAC,0,1
GGGGGAGGAAGCA,0,1
GGGGGAGGAAGGA,1,1
GGGGGAGGAGACA,0,1
GGGGGAGGAGACC,1,1
GGGGGAGGAGAGA,1,1
GGGGGAGGAGGGA,2,3
GGGGGAGGCCAGA,0,1
GGGGGAGGCCGGA,0,2
GGGGGAGGGAGGA,0,4
GGGGGAGGGCCCA,0,1
GGGGGAGGGGAGA,0,1
GGGGGAGGGGGAA,0,1
GGGGGAGGGGGAC,1,1
GGGGGCAAAAGAC,0,1
GGGGGCAAAGGCA,1,1
GGGGGCAACAGAA,1,1
GGGGGCAAGAAGA,0,1
GGGGGCACAAGCA,0,1
GGGGGCACAGAGA,0,1
GGGGGCACCGGGA,0,4
GGGGGCACGACCC,0,1
GGGGGCAGAGAGA,0,1
GGGGGCAGAGCGA,0,1
GGGGGCAGGAGGA,0,1
GGGGGCAGGGACC,0,4
GGGGGCAGGGCGA,0,1
GGGGGCAGGGGAA,1,1
GGGGGCAGGGGCA,0,1
GGGGGCCAGGGCA,0,1
GGGGGCCCAGGAC,0,1
GGGGGCCCCCACA,0,1
GGGGGCCCCCCCC,0,1
GGGGGCCCGGGGA,0,1
GGGGGCCGAGGCA,0,2
GGGGGCCGCAGCA,0,1
GGGGGCCGGAACC,0,1
GGGGGCCGGCAGA,0,1
GGGGGCCGGGGAC,0,1
GGGGGCCGGGGCA,0,1
GGGGGCGAGCAAA,0,1
GGGGGCGCAGGGA,0,1
GGGGGCGCCCCCC,0,2
GGGGGCGGAAGGA,1,1
GGGGGCGGCAACA,0,1
GGGGGCGGCGGGA,0,1
GGGGGCGGGACGA,0,1
GGGGGCGGGGAGA,1,2
GGGGGCGGGGCAC,0,1
GGGGGGAAAGGAA,0,1
GGGGGGAAAGGGA,0,2
GGGGGGAACAACC,0,1
GGGGGGAACCGCA,0,1
GGGGGGAAGAAAA,0,1
GGGGGGACAGAGA,0,1
GGGGGGAGAAAGA,0,1
GGGGGGAGAGAGA,1,1
GGGGGGAGAGGGA,0,5
GGGGGGAGCGGGA,0,1
GGGGGGAGGAGAC,1,2
GGGGGGAGGGGGA,0,1
GGGGGGCACAAAC,0,1
GGGGGGCACGGAC,0,1
GGGGGGCAGGGAC,0,4
GGGGGGCCCCCCC,0,1
GGGGGGCCGGGGA,0,1
GGGGGGCGCGGCA,0,1
GGGGGGCGGGGCA,0,1
GGGGGGGAAGAAA,0,1
GGGGGGGAGACGA,0,1
GGGGGGGAGGGGA,0,1
GGGGGGGCACAAA,0,2
GGGGGGGCCGAGA,0,1
GGGGGGGCCGGGA,0,1
GGGGGGGCGGGCA,0,1
GGGGGGGGAAAGA,1,1
GGGGGGGGAACCC,0,1
GGGGGGGGACGCA,1,1
GGGGGGGGCAGGA,0,1
GGGGGGGGCCAAA,0,1
GGGGGGGGGAACC,0,1
GGGGGGGGGCCAA,0,1
GGGGGGGGGGAAA,1,1
GGGGGGGGGGAAC,0,1
GGGGGGGGGGCCA,0,1
GGGGGGGGGGGAA,1,2
GGGGGGGGGGGGA,1,2
